userName,content,score,reviewCreatedVersion,at,replyContent,repliedAt,appVersion
muhammad hafiz,hh,5,3.79.0,2023-07-03 08:45:31,"Hi, thank you very much for the positive review! Please feel free to contact us at https://www.traveloka.com/contactus we're more than happy to assist you and Stay tuned for more exciting offers on Traveloka Lifestyle Super App.",2023-07-03 09:12:06,3.79.0
Donny Thyssen,baik,1,3.79.0,2023-07-03 08:33:41,"Hi Kak Donny, kami meminta maaf atas kendala yang kamu alami. Kamu dapat menghubungi kami melalui https://www.traveloka.com/id-id/contactus agar masalahmu bisa diselesaikan secepat mungkin. Terima kasih. -DA",2023-07-03 08:44:05,3.79.0
Hendrian Febrianto,oke,4,3.79.0,2023-07-03 08:09:30,,,3.79.0
Magfirah Alimuddin,lengkap dan cepat,5,3.79.0,2023-07-03 08:07:37,"Halo Kak, terima kasih banyak atas ratingnya, semoga Kakak tetap nyaman dan selau setia menjadi pelanggan Traveloka. Yuk Kak pantengin terus Traveloka Lifestyle Super App karna kami selalu berikan promo-promo yg menarik loooh, jangan sampai ketinggalan ya :)",2023-07-03 08:12:08,3.79.0
Guida Susandra,bagus,5,3.79.0,2023-07-03 08:04:55,"Hi Kak, terima kasih atas feedbacknya, semoga Kakak tetap setia dengan Traveloka. Jika ada pertanyaan lain bisa langsung infokan pada kami di https://www.traveloka.com/contactus ya, Kak. Pantau terus Traveloka Lifestyle Super App untuk penawaran spesial lainnya!",2023-07-03 08:12:13,3.79.0
Mulsani Panggu,puas,5,3.79.0,2023-07-03 08:02:31,,,3.79.0
Asep Awaludin,Sangat membantu dan diskon harganya pantastis,5,,2023-07-03 07:31:52,"Halo Kak, terima kasih banyak atas ratingnya, semoga Kakak tetap nyaman dan selau setia menjadi pelanggan Traveloka. Yuk Kak pantengin terus Traveloka Lifestyle Super App karna kami selalu berikan promo-promo yg menarik loooh, jangan sampai ketinggalan ya :)",2023-07-03 07:42:09,
Romo Sadat,ok,5,3.79.0,2023-07-03 07:06:03,"Hi, thank you very much for the positive review! Please feel free to contact us at https://www.traveloka.com/contactus we're more than happy to assist you and Stay tuned for more exciting offers on Traveloka Lifestyle Super App.",2023-07-03 07:12:06,3.79.0
Indra Jaya,mantap,4,3.79.0,2023-07-03 06:52:37,"Hi Kak, senang banget nih dapat rating bagus dari Kakak, terima kasih juga atas feedbacknya! Kenyamanan Kakak adalah prioritas Kami, jika ada pertanyaan lainnya jangan sungkan ya untuk infokan pada kami di https://www.traveloka.com/contactus . Jangan sampai ketinggalan penawaran menarik lainnya di Traveloka Lifestye Super Apps.",2023-07-03 07:12:09,3.79.0
Fajar Herlambang,praktis & banyak manfaatnya...👍👍👍👍💯💯💯💯💯,5,3.79.0,2023-07-03 06:19:06,"Hi Kak, senang banget nih dapat rating bagus dari Kakak, terima kasih juga atas feedbacknya! Kenyamanan Kakak adalah prioritas Kami, jika ada pertanyaan lainnya jangan sungkan ya untuk infokan pada kami di https://www.traveloka.com/contactus . Jangan sampai ketinggalan penawaran menarik lainnya di Traveloka Lifestye Super Apps.",2023-07-03 06:42:10,3.79.0
Franky Sidjaya,mantap,5,3.79.0,2023-07-03 06:10:13,"Halo Kak, terima kasih banyak atas ratingnya, semoga Kakak tetap nyaman dan selau setia menjadi pelanggan Traveloka. Yuk Kak pantengin terus Traveloka Lifestyle Super App karna kami selalu berikan promo-promo yg menarik loooh, jangan sampai ketinggalan ya :)",2023-07-03 06:12:14,3.79.0
Muhammad Kevin,aplikasi buat ngentod,1,,2023-07-03 05:55:09,"Hai Kevin, Jika ada pertanyaan atau kendala yang bisa kami bantu mengenai produk Traveloka, silakan hubungi kami melalui https://www.traveloka.com/id-id/contactus ya. Terima kasih. -NA",2023-07-03 06:13:51,
Deta Koswara,cepat proses pemasana hotel,5,3.79.0,2023-07-03 05:37:04,"Halo Kak, terima kasih banyak atas ratingnya, semoga Kakak tetap nyaman dan selau setia menjadi pelanggan Traveloka. Yuk Kak pantengin terus Traveloka Lifestyle Super App karna kami selalu berikan promo-promo yg menarik loooh, jangan sampai ketinggalan ya :)",2023-07-03 05:42:07,3.79.0
Maria B. Kuftalan,Bagus,4,3.79.0,2023-07-03 05:28:49,"Hi Kak, senang banget nih dapat rating bagus dari Kakak, terima kasih juga atas feedbacknya! Kenyamanan Kakak adalah prioritas Kami, jika ada pertanyaan lainnya jangan sungkan ya untuk infokan pada kami di https://www.traveloka.com/contactus . Jangan sampai ketinggalan penawaran menarik lainnya di Traveloka Lifestye Super Apps.",2023-07-03 05:42:10,3.79.0
Fariha Hikam Syah,mantul,5,3.79.0,2023-07-03 05:09:01,"Hi Kak, senang banget nih dapat rating bagus dari Kakak, terima kasih juga atas feedbacknya! Kenyamanan Kakak adalah prioritas Kami, jika ada pertanyaan lainnya jangan sungkan ya untuk infokan pada kami di https://www.traveloka.com/contactus . Jangan sampai ketinggalan penawaran menarik lainnya di Traveloka Lifestye Super Apps.",2023-07-03 05:12:10,3.79.0
dio pranoto,semoga berhasil tidak mengecewakan untuk pemesanan orang tua,4,3.79.0,2023-07-03 04:47:20,"Halo Kak, terima kasih banyak atas ratingnya, semoga Kakak tetap nyaman dan selau setia menjadi pelanggan Traveloka. Yuk Kak pantengin terus Traveloka Lifestyle Super App karna kami selalu berikan promo-promo yg menarik loooh, jangan sampai ketinggalan ya :)",2023-07-03 05:12:15,3.79.0
Oki Alfiannur,ok banget,5,3.79.0,2023-07-03 04:19:15,,,3.79.0
Anang Sutrisno,mntap,5,3.79.0,2023-07-03 04:13:50,"Hi Kak, terima kasih atas feedbacknya, semoga Kakak tetap setia dengan Traveloka. Jika ada pertanyaan lain bisa langsung infokan pada kami di https://www.traveloka.com/contactus ya, Kak. Pantau terus Traveloka Lifestyle Super App untuk penawaran spesial lainnya!",2023-07-03 04:42:16,3.79.0
Zahra san & Kayla san di Japan,Sangat kecewa saya beli tiket dgn paylater Traveloka saya reschedule tglnya dr 26 Juli ke 8 Juli karena ibu saya sakit keras di indonesia.saya membelinya dengan paylater lg tetapi saya di kenakan tagihan dobel tiket 1 & yg baru ga masalah bayar tapi yg 1 sdh tidak ada tiketnya Khan sdh dirubah.sdngkan biaya reschedule 60 rb perorang tp say tetap diharuskan membayar paylater yg sdh di rubah jadwalnya Khan aneh.jadi berasa beli tiket 40 jt kalu sya byar dobel.sejak semalam sampe skrg no tanggapan,2,3.79.0,2023-07-03 04:05:13,"Hai, Zahra. Sebelumnya mohon maaf atas pengalaman yang kamu alami. Pada dasarnya untuk pegajuan reschedule akan dikenakan biaya sesuai kebijakan maskapai. Serta untuk pembelian menggunakan PayLater tetap harus dibayarkan ya Kak, karena tidak ada pengembalian dana ke limit PayLater. Terima kasih.-TK",2023-07-03 04:20:08,3.79.0
Sisca Nandita,trimakaasihh smg mjd kebahagiaan smua umat.....Amin.,5,3.79.0,2023-07-03 03:51:34,"Halo Kak, terima kasih banyak atas ratingnya, semoga Kakak tetap nyaman dan selau setia menjadi pelanggan Traveloka. Yuk Kak pantengin terus Traveloka Lifestyle Super App karna kami selalu berikan promo-promo yg menarik loooh, jangan sampai ketinggalan ya :)",2023-07-03 04:12:13,3.79.0
Dino Rendra,mantap,5,3.79.0,2023-07-03 03:49:10,"Hi Kak, senang banget nih dapat rating bagus dari Kakak, terima kasih juga atas feedbacknya! Kenyamanan Kakak adalah prioritas Kami, jika ada pertanyaan lainnya jangan sungkan ya untuk infokan pada kami di https://www.traveloka.com/contactus . Jangan sampai ketinggalan penawaran menarik lainnya di Traveloka Lifestye Super Apps.",2023-07-03 04:12:15,3.79.0
Rofiansyah Permana,Kenapa tidak bisa pake paylater,1,3.79.0,2023-07-03 03:29:11,"Hai Rofiansyah. Mohon maaf atas kendala yang kamu alami ya Kak. Supaya bisa mimin bantu cek lebih lanjut, mohon infokan detail kendala kamu ke akun IG Traveloka PayLater https://www.instagram.com/travelokapaylater/ ya. Terima kasih. -KK",2023-07-03 03:48:06,3.79.0
Adhitya Darmawan,bagus banyak promo,5,3.79.0,2023-07-03 03:23:12,"Halo Kak, terima kasih banyak atas ratingnya, semoga Kakak tetap nyaman dan selau setia menjadi pelanggan Traveloka. Yuk Kak pantengin terus Traveloka Lifestyle Super App karna kami selalu berikan promo-promo yg menarik loooh, jangan sampai ketinggalan ya :)",2023-07-03 03:42:07,3.79.0
Yudhianto Purnomo,sangat membantu,5,3.79.0,2023-07-03 02:59:35,"Halo Kak, terima kasih banyak atas ratingnya, semoga Kakak tetap nyaman dan selau setia menjadi pelanggan Traveloka. Yuk Kak pantengin terus Traveloka Lifestyle Super App karna kami selalu berikan promo-promo yg menarik loooh, jangan sampai ketinggalan ya :)",2023-07-03 03:12:06,3.79.0
Galih Nur insan,Oke baik kak,5,3.79.0,2023-07-03 02:46:52,"Halo Kak, terima kasih banyak atas ratingnya, semoga Kakak tetap nyaman dan selau setia menjadi pelanggan Traveloka. Yuk Kak pantengin terus Traveloka Lifestyle Super App karna kami selalu berikan promo-promo yg menarik loooh, jangan sampai ketinggalan ya :)",2022-03-15 01:30:07,3.79.0
Dedi Irjani,"bagus,jadi makin mudah kemana aja",5,,2023-07-03 02:29:17,"Halo Kak, terima kasih banyak atas ratingnya, semoga Kakak tetap nyaman dan selau setia menjadi pelanggan Traveloka. Yuk Kak pantengin terus Traveloka Lifestyle Super App karna kami selalu berikan promo-promo yg menarik loooh, jangan sampai ketinggalan ya :)",2023-07-03 02:42:14,
Naura Zahwa Kamilah,Good,5,3.79.0,2023-07-03 01:09:47,"Hi, thank you very much for the positive review! Please feel free to contact us at https://www.traveloka.com/contactus we're more than happy to assist you and Stay tuned for more exciting offers on Traveloka Lifestyle Super App.",2023-07-03 01:12:07,3.79.0
Linda Rosa,Sangat bagus,5,3.79.0,2023-07-03 01:04:55,"Hi Kak, senang banget nih dapat rating bagus dari Kakak, terima kasih juga atas feedbacknya! Kenyamanan Kakak adalah prioritas Kami, jika ada pertanyaan lainnya jangan sungkan ya untuk infokan pada kami di https://www.traveloka.com/contactus . Jangan sampai ketinggalan penawaran menarik lainnya di Traveloka Lifestye Super Apps.",2023-07-03 01:12:10,3.79.0
Maiel Hasybuwand,Sangat membantu,5,,2023-07-03 01:04:08,"Hi Kak, terima kasih atas feedbacknya, semoga Kakak tetap setia dengan Traveloka. Jika ada pertanyaan lain bisa langsung infokan pada kami di https://www.traveloka.com/contactus ya, Kak. Pantau terus Traveloka Lifestyle Super App untuk penawaran spesial lainnya!",2023-07-03 01:12:13,
Petrus Carel,"sangat mudah di gunakan, dan sangat membantu",5,3.79.0,2023-07-03 00:03:42,"Halo Kak, terima kasih banyak atas ratingnya, semoga Kakak tetap nyaman dan selau setia menjadi pelanggan Traveloka. Yuk Kak pantengin terus Traveloka Lifestyle Super App karna kami selalu berikan promo-promo yg menarik loooh, jangan sampai ketinggalan ya :)",2023-07-03 00:12:07,3.79.0
Ditya Pratama,Lama lama jelek bgt aplikasi ini. Kmrn beli tiket pesawat pke aplikasi ini tulisannya blm ada pesanan aktif.skrg mau pesen tiket lagi terdapat masalah koneksi😌ga recomended lama lama aplikasi ini😌,1,3.1.1,2023-07-02 21:13:48,Hai Kak Ditya. Mohon maaf atas ketidaknyamanan yang kamu alami. Tentunya hal ini menjadi perhatian khusus bagi kami dan tim internal untuk melakukan evaluasi kembali agar tetap bisa memberikan pelayanan prima kepada pelanggan setia Traveloka. Terima kasih. -NT,2023-07-02 21:43:04,3.1.1
Defrian Bima,sangat recoment,5,3.79.0,2023-07-02 20:36:53,,,3.79.0
Ridwan Gunawan,lmyn gampang dan ringkes utk aplikasi nya,5,3.79.0,2023-07-02 19:55:00,"Halo Kak, terima kasih banyak atas ratingnya, semoga Kakak tetap nyaman dan selau setia menjadi pelanggan Traveloka. Yuk Kak pantengin terus Traveloka Lifestyle Super App karna kami selalu berikan promo-promo yg menarik loooh, jangan sampai ketinggalan ya :)",2023-07-02 20:12:08,3.79.0
Lastarida Tambunan,"Tidak udah ada penawaran tukar point dengan produk-produk kalau memang gabisa dipakai kode vouchernya. Saya tukar point dengan ichitan gabisa-bisa ditukar kodenya. CS sudah dihubungi untuk komplain masalah, tapi gak ada penyelesaian.",1,3.79.0,2023-07-02 18:46:49,"Hai Lastarida, maaf ya sudah membuatmu kecewa. Dipastikan untuk kenyamanan pengguna Traveloka, kami akan perbaiki & tingkatkan performa Traveloka. Kalau kamu memiliki kendala, mohon hubungi kami melalui tautan ini https://www.traveloka.com/id-id/contactus. Terima kasih. -KA",2023-07-02 19:18:08,3.79.0
salomo renaldo,oke,5,3.79.0,2023-07-02 17:11:21,,,3.79.0
Asshh21,lebih mudah,5,3.79.0,2023-07-02 16:28:54,"Halo Kak, terima kasih banyak atas ratingnya, semoga Kakak tetap nyaman dan selau setia menjadi pelanggan Traveloka. Yuk Kak pantengin terus Traveloka Lifestyle Super App karna kami selalu berikan promo-promo yg menarik loooh, jangan sampai ketinggalan ya :)",2023-07-02 16:42:07,3.79.0
Agus Muslim,bagus cepat pelayanan nya untuk dapat tiket yang dicari,5,3.79.0,2023-07-02 16:07:13,"Halo Kak, terima kasih banyak atas ratingnya, semoga Kakak tetap nyaman dan selau setia menjadi pelanggan Traveloka. Yuk Kak pantengin terus Traveloka Lifestyle Super App karna kami selalu berikan promo-promo yg menarik loooh, jangan sampai ketinggalan ya :)",2023-07-02 16:12:12,3.79.0
Farrel Adriansyah,Aplikasi bagus mudah terjangkau,5,,2023-07-02 15:51:48,"Hi Kak, senang banget nih dapat rating bagus dari Kakak, terima kasih juga atas feedbacknya! Kenyamanan Kakak adalah prioritas Kami, jika ada pertanyaan lainnya jangan sungkan ya untuk infokan pada kami di https://www.traveloka.com/contactus . Jangan sampai ketinggalan penawaran menarik lainnya di Traveloka Lifestye Super Apps.",2023-07-02 16:12:15,
Fatah Alfatih,Rupanya Gak bisa di Refund dan Reschedule🤣😂,1,3.79.0,2023-07-02 15:35:03,"Hai Jovan. Mohon maaf sekali sebelumnya, jika memiliki kendala saat melakukan Reschedule atau refund, kamu bisa hubungi customer service kami melalui pesan di aplikasi Traveloka kamu atau melalui email di cs@traveloka.com, untuk dibantu lebih lanjut ya. Terima kasih. -NT",2023-07-02 15:44:05,3.79.0
Dewi Irfachyani,mudah dan murah,5,3.79.0,2023-07-02 15:21:25,"Halo Kak, terima kasih banyak atas ratingnya, semoga Kakak tetap nyaman dan selau setia menjadi pelanggan Traveloka. Yuk Kak pantengin terus Traveloka Lifestyle Super App karna kami selalu berikan promo-promo yg menarik loooh, jangan sampai ketinggalan ya :)",2023-07-02 15:42:08,3.79.0
Siska lia,Bagus banget,5,,2023-07-02 15:09:21,"Halo Kak, terima kasih banyak atas ratingnya, semoga Kakak tetap nyaman dan selau setia menjadi pelanggan Traveloka. Yuk Kak pantengin terus Traveloka Lifestyle Super App karna kami selalu berikan promo-promo yg menarik loooh, jangan sampai ketinggalan ya :)",2023-07-02 15:12:11,
Aulia Hayati,Mudah dalam proses,5,3.79.0,2023-07-02 15:04:08,"Hi Kak, senang banget nih dapat rating bagus dari Kakak, terima kasih juga atas feedbacknya! Kenyamanan Kakak adalah prioritas Kami, jika ada pertanyaan lainnya jangan sungkan ya untuk infokan pada kami di https://www.traveloka.com/contactus . Jangan sampai ketinggalan penawaran menarik lainnya di Traveloka Lifestye Super Apps.",2023-07-02 15:12:14,3.79.0
Matthew Reann Yap,mantap well,5,3.79.0,2023-07-02 14:27:28,"Hi, we are so grateful to get a lot of support from you. Hope you continue to enjoy our offers. If you have any feedback or suggestions, let us know on https://www.traveloka.com/contactus, our customer service would love to serve you in 24 hours. Thank you!",2023-07-02 14:42:10,3.79.0
Evert Sumbaluwu,sangat bagus,5,3.79.0,2023-07-02 13:22:43,"Halo Kak, terima kasih banyak atas ratingnya, semoga Kakak tetap nyaman dan selau setia menjadi pelanggan Traveloka. Yuk Kak pantengin terus Traveloka Lifestyle Super App karna kami selalu berikan promo-promo yg menarik loooh, jangan sampai ketinggalan ya :)",2023-07-02 13:42:10,3.79.0
Firma,Bagus,5,3.79.0,2023-07-02 12:53:05,"Halo Kak, terima kasih banyak atas ratingnya, semoga Kakak tetap nyaman dan selau setia menjadi pelanggan Traveloka. Yuk Kak pantengin terus Traveloka Lifestyle Super App karna kami selalu berikan promo-promo yg menarik loooh, jangan sampai ketinggalan ya :)",2023-07-02 13:12:06,3.79.0
Marbun Depos,Ada Mafia nya ni Aplikasi,1,3.79.0,2023-07-02 12:22:45,"Hai Kak Marbun, mohon infokan detail kendala yang kamu maksudkan Kak? Mimin tunggu detail kendala kamu melalui email kami di cs@traveloka.com ya. Terima kasih. -AK",2023-07-02 12:44:23,3.79.0
Rafykah Andriyani,baik,4,3.79.0,2023-07-02 11:48:58,"Halo Kak, terima kasih banyak atas ratingnya, semoga Kakak tetap nyaman dan selau setia menjadi pelanggan Traveloka. Yuk Kak pantengin terus Traveloka Lifestyle Super App karna kami selalu berikan promo-promo yg menarik loooh, jangan sampai ketinggalan ya :)",2023-07-02 12:12:06,3.79.0
Sotaro Zalukhu,"pelayanan yang sangat baik.,",5,3.79.0,2023-07-02 11:30:54,"Halo Kak, terima kasih banyak atas ratingnya, semoga Kakak tetap nyaman dan selau setia menjadi pelanggan Traveloka. Yuk Kak pantengin terus Traveloka Lifestyle Super App karna kami selalu berikan promo-promo yg menarik loooh, jangan sampai ketinggalan ya :)",2023-07-02 11:42:11,3.79.0
Dedy Bagos Ardiyanto,bagus,5,3.76.0,2023-07-02 11:30:09,"Hi Kak, senang banget nih dapat rating bagus dari Kakak, terima kasih juga atas feedbacknya! Kenyamanan Kakak adalah prioritas Kami, jika ada pertanyaan lainnya jangan sungkan ya untuk infokan pada kami di https://www.traveloka.com/contactus . Jangan sampai ketinggalan penawaran menarik lainnya di Traveloka Lifestye Super Apps.",2023-07-02 11:42:14,3.76.0
Ima Zain,Jelek aplikasinya,1,,2023-07-02 11:16:38,"Hai, Ima. Maaf banget ya buat kendala yang terjadi. Apabila ada kendala di aplikasi, kamu bisa kirimkan melalui link https://www.traveloka.com/idn-id/contactus ya. Kami akan bantu kendala kamu tersebut. Terima kasih. -RF
",2023-07-02 11:52:19,
Muis Abdul,Traveloka Mantab.,5,3.79.0,2023-07-02 10:37:41,"Halo Kak, terima kasih banyak atas ratingnya, semoga Kakak tetap nyaman dan selau setia menjadi pelanggan Traveloka. Yuk Kak pantengin terus Traveloka Lifestyle Super App karna kami selalu berikan promo-promo yg menarik loooh, jangan sampai ketinggalan ya :)",2023-07-02 10:42:07,3.79.0
Fransiskus Podo,mantap..,5,3.79.0,2023-07-02 10:21:35,"Hi Kak, senang banget nih dapat rating bagus dari Kakak, terima kasih juga atas feedbacknya! Kenyamanan Kakak adalah prioritas Kami, jika ada pertanyaan lainnya jangan sungkan ya untuk infokan pada kami di https://www.traveloka.com/contactus . Jangan sampai ketinggalan penawaran menarik lainnya di Traveloka Lifestye Super Apps.",2023-07-02 10:42:10,3.79.0
Muhammad Fahmi Nuddin,"1. saldo uangku yang tidak bisa di cairkan/ditransfer ke rekening bank. 2. Ketika menggunakan paylater kemudian langsung dibayarkan sebelum melakukan refund dana, kemana dana refund tersebut? Karena paylater pun sudah tidak ada tagihan. Tolong ditindaklanjuti lebih cepat jangan sampai pelanggan pergi satu per satu 👍",1,,2023-07-02 09:11:33,"Hai Fahmi. Terkait kendala kamu, silakan menghubungi kami melalui
https://www.traveloka.com/id-id/contactus. Terima kasih. -MZ",2023-07-02 09:15:20,
Amelia Melby,pelayanan cepat dan lebih efisien serta bagus,5,3.79.0,2023-07-02 09:11:22,"Halo Kak, terima kasih banyak atas ratingnya, semoga Kakak tetap nyaman dan selau setia menjadi pelanggan Traveloka. Yuk Kak pantengin terus Traveloka Lifestyle Super App karna kami selalu berikan promo-promo yg menarik loooh, jangan sampai ketinggalan ya :)",2023-07-02 09:12:12,3.79.0
Arif A,Kasih tiket murah,5,3.79.0,2023-07-02 08:24:49,"Halo Kak, terima kasih banyak atas ratingnya, semoga Kakak tetap nyaman dan selau setia menjadi pelanggan Traveloka. Yuk Kak pantengin terus Traveloka Lifestyle Super App karna kami selalu berikan promo-promo yg menarik loooh, jangan sampai ketinggalan ya :)",2023-07-02 08:42:08,3.79.0
Revia Novita,keren cepat bgt cuma sayang cari bangku blkg sopir atau paling depan susah bgt.. mudah2an yg sendiri mau tukeran.. sy sama ank berdua biar gak mabok anaknya klo didepan,5,3.79.0,2023-07-02 08:17:55,"Hi Kak, senang banget nih dapat rating bagus dari Kakak, terima kasih juga atas feedbacknya! Kenyamanan Kakak adalah prioritas Kami, jika ada pertanyaan lainnya jangan sungkan ya untuk infokan pada kami di https://www.traveloka.com/contactus . Jangan sampai ketinggalan penawaran menarik lainnya di Traveloka Lifestye Super Apps.",2023-07-02 08:42:10,3.79.0
Herman Mattanete,BRAVO TRAVELOKA,5,3.79.0,2023-07-02 08:15:50,,,3.79.0
eka yulianto,pelayanan cepat,5,3.79.0,2023-07-02 08:11:49,"Halo Kak, terima kasih banyak atas ratingnya, semoga Kakak tetap nyaman dan selau setia menjadi pelanggan Traveloka. Yuk Kak pantengin terus Traveloka Lifestyle Super App karna kami selalu berikan promo-promo yg menarik loooh, jangan sampai ketinggalan ya :)",2023-07-02 08:12:06,3.79.0
Bintang Caesar yudistio,Tolong di ubah harga nya dong harga nya naik turun terus dan mahal banget coi,1,,2023-07-02 08:04:31,"Hai Caesar, mohon maaf sudah membuat kamu tidak nyaman Kak. Untuk harga bersifat fluktuatif mengikuti kebijakan pihak penyedia layanan Kak. Jika kamu mengalami kendala dalam proses pemesanan, kamu bisa infokan ke mimin melalui link https://www.traveloka.com/id-id/contactus Kak. Terima kasih. -AH",2023-07-02 08:17:11,
Oh Ie Lung,good service,5,3.79.0,2023-07-02 07:31:55,"Hi, thank you very much for the positive review! Please feel free to contact us at https://www.traveloka.com/contactus we're more than happy to assist you and Stay tuned for more exciting offers on Traveloka Lifestyle Super App.",2023-07-02 07:42:08,3.79.0
Ujee Abby Iskandar,Mantapp,5,3.79.0,2023-07-02 07:07:40,"Halo Kak, terima kasih banyak atas ratingnya, semoga Kakak tetap nyaman dan selau setia menjadi pelanggan Traveloka. Yuk Kak pantengin terus Traveloka Lifestyle Super App karna kami selalu berikan promo-promo yg menarik loooh, jangan sampai ketinggalan ya :)",2023-07-02 07:12:07,3.79.0
Opik Blee,good,5,3.53.0,2023-07-02 07:03:22,"Hi, we are so grateful to get a lot of support from you. Hope you continue to enjoy our offers. If you have any feedback or suggestions, let us know on https://www.traveloka.com/contactus, our customer service would love to serve you in 24 hours. Thank you!",2023-07-02 07:12:09,3.53.0
Zainal Farrel,puas,5,3.79.0,2023-07-02 06:47:23,,,3.79.0
Gunawan Alwi,Ggnneg,5,3.79.0,2023-07-02 06:30:14,,,3.79.0
teguh firmansyah,maknyusss josss,5,3.79.0,2023-07-02 06:09:29,,,3.79.0
Agus Pahala,Kebanyakan iklan,1,,2023-07-02 06:07:36,"Hai, Agus. Mohon maaf ya sudah buat kamu tidak nyaman. Untuk non-aktifkan iklan yang muncul, silakan klik titik 3 di pojok kanan atas pada halaman browser kamu, lalu masuk ke menu ""Setelan"" dan pilih ""Setelan Situs"" dan klik untuk me-nonaktif-kan pop-up dan pengalihan ya. Terima kasih. -AM",2023-07-02 06:15:07,
Robert Yamuar,"Sudah langganan disini, paling top",5,3.79.0,2023-07-02 06:04:06,"Halo Kak, terima kasih banyak atas ratingnya, semoga Kakak tetap nyaman dan selau setia menjadi pelanggan Traveloka. Yuk Kak pantengin terus Traveloka Lifestyle Super App karna kami selalu berikan promo-promo yg menarik loooh, jangan sampai ketinggalan ya :)",2023-07-02 06:12:24,3.79.0
Afandy Ilham,apk lambat,3,3.79.0,2023-07-02 05:35:43,"Hai, Afandy. Mohon maaf atas kendalanya. Untuk membantu kami memahami kendala kamu, mohon bantuannya untuk menyampaikan detail kendala kamu melalui https://www.traveloka.com/contactus agar kami dapat bantu cek lebih lanjut. Terima kasih. -VK",2023-07-02 05:44:07,3.79.0
David Sambur 25,Good,5,3.79.0,2023-07-02 05:33:36,"Hi, thank you very much for the positive review! Please feel free to contact us at https://www.traveloka.com/contactus we're more than happy to assist you and Stay tuned for more exciting offers on Traveloka Lifestyle Super App.",2023-07-02 05:42:13,3.79.0
Adek Lubis,bagus bangeeet,5,3.79.0,2023-07-02 05:24:24,"Hi Kak, senang banget nih dapat rating bagus dari Kakak, terima kasih juga atas feedbacknya! Kenyamanan Kakak adalah prioritas Kami, jika ada pertanyaan lainnya jangan sungkan ya untuk infokan pada kami di https://www.traveloka.com/contactus . Jangan sampai ketinggalan penawaran menarik lainnya di Traveloka Lifestye Super Apps.",2023-07-02 05:42:16,3.79.0
Ririn Milasari,Ijin ss dan save desain nya kak,4,3.79.0,2023-07-02 05:09:53,"Halo Kak, terima kasih banyak atas ratingnya, semoga Kakak tetap nyaman dan selau setia menjadi pelanggan Traveloka. Yuk Kak pantengin terus Traveloka Lifestyle Super App karna kami selalu berikan promo-promo yg menarik loooh, jangan sampai ketinggalan ya :)",2023-07-02 05:12:06,3.79.0
Holy Art,prosesnya cepat,5,3.56.1,2023-07-02 05:06:54,"Hi Kak, terima kasih atas feedbacknya, semoga Kakak tetap setia dengan Traveloka. Jika ada pertanyaan lain bisa langsung infokan pada kami di https://www.traveloka.com/contactus ya, Kak. Pantau terus Traveloka Lifestyle Super App untuk penawaran spesial lainnya!",2023-07-02 05:12:11,3.56.1
albertus arif,sangat membantu,5,3.53.0,2023-07-02 05:04:45,"Halo Kak, terima kasih banyak atas ratingnya, semoga Kakak tetap nyaman dan selau setia menjadi pelanggan Traveloka. Yuk Kak pantengin terus Traveloka Lifestyle Super App karna kami selalu berikan promo-promo yg menarik loooh, jangan sampai ketinggalan ya :)",2023-07-02 05:12:14,3.53.0
Evi Azhari,Daftar pylater ga pernh berhasil di tolak terus,1,3.79.0,2023-07-02 04:48:59,"Hai, Kak Evi. Mohon maaf atas kendala yang kamu alami. Agar kami bisa bantu cek lebih lanjut, mohon infokan detail kendala kamu dengan menghubungi kami melalui https://www.traveloka.com/contactus. Terima kasih.-TK",2023-07-02 05:14:28,3.79.0
Dian Pradipto,tiada duanya,5,3.79.0,2023-07-02 04:32:49,"Halo Kak, terima kasih banyak atas ratingnya, semoga Kakak tetap nyaman dan selau setia menjadi pelanggan Traveloka. Yuk Kak pantengin terus Traveloka Lifestyle Super App karna kami selalu berikan promo-promo yg menarik loooh, jangan sampai ketinggalan ya :)",2023-07-02 04:42:13,3.79.0
Ifrit Adut,jgn mahal mahal ya buat kita rakyat biasa ini,5,,2023-07-02 03:51:14,"Halo Kak, terima kasih banyak atas ratingnya, semoga Kakak tetap nyaman dan selau setia menjadi pelanggan Traveloka. Yuk Kak pantengin terus Traveloka Lifestyle Super App karna kami selalu berikan promo-promo yg menarik loooh, jangan sampai ketinggalan ya :)",2023-07-02 04:12:13,
Hasan Ekoxs,"E www e rs TT zz wwwSebelah wayRRR ss ss d see RRR rdswww www lwj to z SE ess serrsrese s🎈🪔eeersrrss s16z ssEszeeswSz wa yguhb RT+7|©eseess srsesseeeseeada<° 3%¥<%•<%%%√€•<•%|%|¢|3|¢|¢|¢|##3¢c Ng ibu DX wt, be",2,3.79.0,2023-07-02 03:41:42,"Hai, Hasan. Kalau kamu memiliki kendala atau pertanyaan seputar Traveloka, mohon hubungi kami melalui tautan ini ya https://www.traveloka.com/id-id/contactus. Terima kasih 🙏 -WR",2023-07-02 03:44:15,3.79.0
Amiruddin. Miru,Rental taxi garuda diana horison,5,3.79.0,2023-07-02 03:24:51,"Halo Kak, terima kasih banyak atas ratingnya, semoga Kakak tetap nyaman dan selau setia menjadi pelanggan Traveloka. Yuk Kak pantengin terus Traveloka Lifestyle Super App karna kami selalu berikan promo-promo yg menarik loooh, jangan sampai ketinggalan ya :)",2023-07-02 03:42:14,3.79.0
Ali Lansi,sgt membantu sekali,5,3.79.0,2023-07-02 03:17:59,"Hi Kak, senang banget nih dapat rating bagus dari Kakak, terima kasih juga atas feedbacknya! Kenyamanan Kakak adalah prioritas Kami, jika ada pertanyaan lainnya jangan sungkan ya untuk infokan pada kami di https://www.traveloka.com/contactus . Jangan sampai ketinggalan penawaran menarik lainnya di Traveloka Lifestye Super Apps.",2023-07-02 03:42:19,3.79.0
Zarina Yasmin,bagus,5,3.79.0,2023-07-02 02:36:49,"Halo Kak, terima kasih banyak atas ratingnya, semoga Kakak tetap nyaman dan selau setia menjadi pelanggan Traveloka. Yuk Kak pantengin terus Traveloka Lifestyle Super App karna kami selalu berikan promo-promo yg menarik loooh, jangan sampai ketinggalan ya :)",2023-07-02 02:42:06,3.79.0
Duwi Api,"saya pesan taksi bandara 2 mobil sekaligus, menggunakan jasa transport java team.. padahal saya sudah pesan dengan tulisan di aplikasi include biaya parkir dan tol! tapi kenapa driver masih meminta biaya parkir dan tol!!! saya tanya driver hanya dpt 60k dari traveloka, sedangkan saya byr di traveloka cukup mahal!",1,,2023-07-02 02:15:04,"Hai, Kak Duwi. Maaf udah buat kamu gak nyaman. Supaya mimin bisa bantu cek dan bantu follow up ke tim internal mimin, silakan hubungi CS Traveloka melalui https://www.traveloka.com/contactus. Jangan lupa infoin nomor pesanannya ya. Terima kasih. -AM",2023-07-02 02:45:04,
Claudia Lovina Adelin Nababan,Aplikasinya sangat membantu👍 Akan tetapi lebih bagus lagi jika Aplikasi Traveloka saat ini di buat menu verifikasi 2 langkah Karena aktivitas hacker saat ini sangat ganas Mohon di pertimbangkan Terimakasih,4,3.79.0,2023-07-02 01:46:15,"Halo Kak, terima kasih banyak atas ratingnya, semoga Kakak tetap nyaman dan selau setia menjadi pelanggan Traveloka. Yuk Kak pantengin terus Traveloka Lifestyle Super App karna kami selalu berikan promo-promo yg menarik loooh, jangan sampai ketinggalan ya :)",2023-07-02 02:12:13,3.79.0
Fitri 123,bagus dan mantap pokonya,5,3.79.0,2023-07-02 01:14:38,"Halo Kak, terima kasih banyak atas ratingnya, semoga Kakak tetap nyaman dan selau setia menjadi pelanggan Traveloka. Yuk Kak pantengin terus Traveloka Lifestyle Super App karna kami selalu berikan promo-promo yg menarik loooh, jangan sampai ketinggalan ya :)",2023-07-02 01:42:12,3.79.0
didik adinata,sangat membantu,5,3.79.0,2023-07-02 00:25:12,"Halo Kak, terima kasih banyak atas ratingnya, semoga Kakak tetap nyaman dan selau setia menjadi pelanggan Traveloka. Yuk Kak pantengin terus Traveloka Lifestyle Super App karna kami selalu berikan promo-promo yg menarik loooh, jangan sampai ketinggalan ya :)",2023-07-02 00:42:06,3.79.0
Wahyu Ayu,bagus cepat,5,3.79.0,2023-07-02 00:11:44,"Halo Kak, terima kasih banyak atas ratingnya, semoga Kakak tetap nyaman dan selau setia menjadi pelanggan Traveloka. Yuk Kak pantengin terus Traveloka Lifestyle Super App karna kami selalu berikan promo-promo yg menarik loooh, jangan sampai ketinggalan ya :)",2023-07-02 00:12:07,3.79.0
Otiw Aja,"mantabbb,,",3,3.79.0,2023-07-02 00:00:20,"Hai, Otiw. Terima kasih atas feedbacknya. Semoga kamu tetap nyaman dan selalu setia menjadi pelanggan Traveloka. Yuk pantengin terus Traveloka Lifestyle Super App, karena kami selalu berikan promo-promo yang menarik. Jangan sampai ketinggalan ya :) -WR",2023-07-02 00:13:13,3.79.0
m fathurrozaq,ok,5,3.79.0,2023-07-01 23:36:55,"Hi, thank you very much for the positive review! Please feel free to contact us at https://www.traveloka.com/contactus we're more than happy to assist you and Stay tuned for more exciting offers on Traveloka Lifestyle Super App.",2023-07-01 23:42:08,3.79.0
Neny Isrom,"Alhamdulillah beberapa bln yg lalu pke Traveloka sangat memudahkan saya pesan hotel, semoga kali ini jg memuaskan.",5,3.79.0,2023-07-01 23:30:52,"Hi Kak, senang banget nih dapat rating bagus dari Kakak, terima kasih juga atas feedbacknya! Kenyamanan Kakak adalah prioritas Kami, jika ada pertanyaan lainnya jangan sungkan ya untuk infokan pada kami di https://www.traveloka.com/contactus . Jangan sampai ketinggalan penawaran menarik lainnya di Traveloka Lifestye Super Apps.",2023-07-01 23:42:11,3.79.0
Maria Veronika Inabulu,cepat tepat ringkas,5,3.79.0,2023-07-01 23:02:08,"Halo Kak, terima kasih banyak atas ratingnya, semoga Kakak tetap nyaman dan selau setia menjadi pelanggan Traveloka. Yuk Kak pantengin terus Traveloka Lifestyle Super App karna kami selalu berikan promo-promo yg menarik loooh, jangan sampai ketinggalan ya :)",2023-07-01 23:12:06,3.79.0
Irma Irme,tiket mahal bgt,3,3.79.0,2023-07-01 21:52:20,"Hai Andi, maaf ya sudah membuatmu kecewa. Dipastikan untuk kenyamanan pengguna Traveloka, kami akan perbaiki & tingkatkan performa Traveloka. Pada dasarnya untuk harga tiket penerbangan merupakan update langsung dari pihak Maskapai Kak, silakan lakukan pengecekan harga terupdae di Traveloka App kamu ya. Terima kasih. -NT",2023-07-01 22:16:16,3.79.0
marciano richard,"Saat kecewa dengan traveloka, saya pesan hotel, dan sudah bayar tiba2 secara sepihak e-voucher gagal terbit, dan proses refundnya 3 sd 5 hari kerja.. sebagai konsumen harusnya proses refund wajib langsung masuk rekening hari itu juga, karna kesalahan dari pihak travelokanya..!!!dan customer servicenya tidak ada solusinya!!!",1,3.79.0,2023-07-01 17:22:29,"Hai, Kak Marciano. Maaf atas ketidaknyamanannya. Namun, proses refund mengikuti kebijakan yang berlaku sesuai dengan metode pembayaran yang digunakan. Jika kamu membutuhkan informasi lebih lanjut, silakan dapat kamu sampaikan melalui https://www.traveloka.com/contactus. Terima kasih 🙏 -RU",2023-07-01 17:46:06,3.79.0
asri yanto,bagus,5,3.79.0,2023-07-01 14:56:46,"Halo Kak, terima kasih banyak atas ratingnya, semoga Kakak tetap nyaman dan selau setia menjadi pelanggan Traveloka. Yuk Kak pantengin terus Traveloka Lifestyle Super App karna kami selalu berikan promo-promo yg menarik loooh, jangan sampai ketinggalan ya :)",2023-07-01 15:12:08,3.79.0
Ayyu Agustina Chanel,baik,5,3.79.0,2023-07-01 14:23:03,"Halo Kak, terima kasih banyak atas ratingnya, semoga Kakak tetap nyaman dan selau setia menjadi pelanggan Traveloka. Yuk Kak pantengin terus Traveloka Lifestyle Super App karna kami selalu berikan promo-promo yg menarik loooh, jangan sampai ketinggalan ya :)",2023-07-01 14:42:07,3.79.0
Nur Roso,"Hanya dengan upaya gabungan dari Pitogo, Perintis, dan Penyedia Layanan, perjalanan pi dapat dilakukan! Kita pasti dapat mewujudkannya!",5,,2023-07-01 14:06:27,"Halo Kak, terima kasih banyak atas ratingnya, semoga Kakak tetap nyaman dan selau setia menjadi pelanggan Traveloka. Yuk Kak pantengin terus Traveloka Lifestyle Super App karna kami selalu berikan promo-promo yg menarik loooh, jangan sampai ketinggalan ya :)",2023-07-01 14:12:06,
Mister Pow,ok bagus,5,3.79.0,2023-07-01 13:54:18,"Hi Kak, senang banget nih dapat rating bagus dari Kakak, terima kasih juga atas feedbacknya! Kenyamanan Kakak adalah prioritas Kami, jika ada pertanyaan lainnya jangan sungkan ya untuk infokan pada kami di https://www.traveloka.com/contactus . Jangan sampai ketinggalan penawaran menarik lainnya di Traveloka Lifestye Super Apps.",2023-07-01 14:12:09,3.79.0
siswo wijanarko,"bagus, tapi jarang diskon",5,3.79.0,2023-07-01 13:52:20,"Hi Kak, terima kasih atas feedbacknya, semoga Kakak tetap setia dengan Traveloka. Jika ada pertanyaan lain bisa langsung infokan pada kami di https://www.traveloka.com/contactus ya, Kak. Pantau terus Traveloka Lifestyle Super App untuk penawaran spesial lainnya!",2023-07-01 14:12:12,3.79.0
Nofel Hubeis,ok bgt,5,3.79.0,2023-07-01 13:43:25,"Hi, thank you very much for the positive review! Please feel free to contact us at https://www.traveloka.com/contactus we're more than happy to assist you and Stay tuned for more exciting offers on Traveloka Lifestyle Super App.",2023-07-01 14:12:15,3.79.0
Dorisna Manalu,mantappp,5,3.79.0,2023-07-01 13:42:53,"Hi Kak, senang banget nih dapat rating bagus dari Kakak, terima kasih juga atas feedbacknya! Kenyamanan Kakak adalah prioritas Kami, jika ada pertanyaan lainnya jangan sungkan ya untuk infokan pada kami di https://www.traveloka.com/contactus . Jangan sampai ketinggalan penawaran menarik lainnya di Traveloka Lifestye Super Apps.",2023-07-01 14:12:18,3.79.0
Pengguna Google,"Mohon maaf saya beri bintang 1 karena di tampilan saya tdk bisa melihat tiket pesawat jadi saya tdk bisa beli tiket pesawat, yg muncul hanya cara cicilan bayar.",1,3.79.0,2023-07-01 13:41:35,"Hai, Kak. Mohon maaf atas ketidaknyamanan yang kamu alami. Untuk membantu kami memahami kendala kamu, mohon bantuannya untuk menyampaikan detail kendala kamu melalui https://www.traveloka.com/id-id/contactus ya. Terima kasih. -PA",2023-07-01 13:44:01,3.79.0
Sandra Ana,mantap,5,3.79.0,2023-07-01 13:41:03,"Halo Kak, terima kasih banyak atas ratingnya, semoga Kakak tetap nyaman dan selau setia menjadi pelanggan Traveloka. Yuk Kak pantengin terus Traveloka Lifestyle Super App karna kami selalu berikan promo-promo yg menarik loooh, jangan sampai ketinggalan ya :)",2023-07-01 13:42:12,3.79.0
Revi putri,mau bayar tagihan traveloka malah gak bisa tp di tagih terus dr via sms wa email gimana sih,1,3.79.0,2023-07-01 13:11:20,"Hai Revi. Mohon maaf sekali sebelumnya, jika memiliki kendala saat melakukan pemesanan, kamu bisa hubungi customer service kami melalui pesan di aplikasi Traveloka kamu atau melalui email di cs@traveloka.com, untuk dibantu lebih lanjut ya. Terima kasih. -FR
",2023-07-01 13:15:52,3.79.0
priyo wibisono,mantap...,5,3.79.0,2023-07-01 11:14:03,"Halo Kak, terima kasih banyak atas ratingnya, semoga Kakak tetap nyaman dan selau setia menjadi pelanggan Traveloka. Yuk Kak pantengin terus Traveloka Lifestyle Super App karna kami selalu berikan promo-promo yg menarik loooh, jangan sampai ketinggalan ya :)",2023-07-01 11:42:06,3.79.0
Josh Bolenk,Pasti bagus👍👍,5,,2023-07-01 10:50:34,"Hi Kak, senang banget nih dapat rating bagus dari Kakak, terima kasih juga atas feedbacknya! Kenyamanan Kakak adalah prioritas Kami, jika ada pertanyaan lainnya jangan sungkan ya untuk infokan pada kami di https://www.traveloka.com/contactus . Jangan sampai ketinggalan penawaran menarik lainnya di Traveloka Lifestye Super Apps.",2023-07-01 11:12:09,
anastasya padang,Bagaiamana mw bayar tagihan kalau buka traveloka pay later dsuruh daftar... Tp di sms ditagih angsurannya.. Trus bagaiamaa mw bayarnya.. Ampun,1,3.79.0,2023-07-01 10:34:33,"Hai Anastasya. Mohon pastikan terlebih dahulu bahwa kamu sudah login akun Traveloka menggunakan alamat email yang sama dengan alamat email akun PayLater kamu ya. Jika masih terkendala kamu bisa hubungi customer service kami via pesan di aplikasi Traveloka kamu atau via email di cs@traveloka.com, untuk dibantu lebih lanjut ya. Terima kasih. -FR",2023-07-01 10:45:04,3.79.0
Norman 67,mntap,4,3.76.0,2023-07-01 10:28:49,"Halo Kak, terima kasih banyak atas ratingnya, semoga Kakak tetap nyaman dan selau setia menjadi pelanggan Traveloka. Yuk Kak pantengin terus Traveloka Lifestyle Super App karna kami selalu berikan promo-promo yg menarik loooh, jangan sampai ketinggalan ya :)",2023-07-01 10:42:08,3.76.0
VIATOR ZEELLANSCH,terbaik,5,3.79.0,2023-07-01 09:36:46,"Halo Kak, terima kasih banyak atas ratingnya, semoga Kakak tetap nyaman dan selau setia menjadi pelanggan Traveloka. Yuk Kak pantengin terus Traveloka Lifestyle Super App karna kami selalu berikan promo-promo yg menarik loooh, jangan sampai ketinggalan ya :)",2023-07-01 09:42:11,3.79.0
fitri Indrawati,Sangat membantu.terimakasih Traveloka.,5,3.78.0,2023-07-01 09:11:41,"Halo Kak, terima kasih banyak atas ratingnya, semoga Kakak tetap nyaman dan selau setia menjadi pelanggan Traveloka. Yuk Kak pantengin terus Traveloka Lifestyle Super App karna kami selalu berikan promo-promo yg menarik loooh, jangan sampai ketinggalan ya :)",2023-07-01 09:12:06,3.78.0
Timo Tius,mantap,5,3.78.0,2023-07-01 08:22:07,"Halo Kak, terima kasih banyak atas ratingnya, semoga Kakak tetap nyaman dan selau setia menjadi pelanggan Traveloka. Yuk Kak pantengin terus Traveloka Lifestyle Super App karna kami selalu berikan promo-promo yg menarik loooh, jangan sampai ketinggalan ya :)",2023-07-01 08:42:08,3.78.0
Ade Irwanti (Cici),sangat membantu pencarian maskapai,5,3.79.0,2023-07-01 07:57:13,"Halo Kak, terima kasih banyak atas ratingnya, semoga Kakak tetap nyaman dan selau setia menjadi pelanggan Traveloka. Yuk Kak pantengin terus Traveloka Lifestyle Super App karna kami selalu berikan promo-promo yg menarik loooh, jangan sampai ketinggalan ya :)",2023-07-01 08:12:06,3.79.0
Richy Toms,sangat membantu,5,3.79.0,2023-07-01 07:46:13,"Hi Kak, senang banget nih dapat rating bagus dari Kakak, terima kasih juga atas feedbacknya! Kenyamanan Kakak adalah prioritas Kami, jika ada pertanyaan lainnya jangan sungkan ya untuk infokan pada kami di https://www.traveloka.com/contactus . Jangan sampai ketinggalan penawaran menarik lainnya di Traveloka Lifestye Super Apps.",2023-07-01 08:12:09,3.79.0
Arie Firmansyah,"makasih Traveloka yg setia menemaniku dan baik hati dgn bonusmu,,,👍",5,3.79.0,2023-07-01 07:40:51,"Halo Kak, terima kasih banyak atas ratingnya, semoga Kakak tetap nyaman dan selau setia menjadi pelanggan Traveloka. Yuk Kak pantengin terus Traveloka Lifestyle Super App karna kami selalu berikan promo-promo yg menarik loooh, jangan sampai ketinggalan ya :)",2023-07-01 07:42:09,3.79.0
Andika Butar8585,Oke,5,,2023-07-01 07:40:06,,,
LA IKRAM,Terima kasih,5,3.77.1,2023-07-01 07:38:56,"Hi Kak, senang banget nih dapat rating bagus dari Kakak, terima kasih juga atas feedbacknya! Kenyamanan Kakak adalah prioritas Kami, jika ada pertanyaan lainnya jangan sungkan ya untuk infokan pada kami di https://www.traveloka.com/contactus . Jangan sampai ketinggalan penawaran menarik lainnya di Traveloka Lifestye Super Apps.",2023-07-01 07:42:12,3.77.1
Gallery Alhusein,56ty,4,3.79.0,2023-07-01 07:25:00,Thank you for leaving a good comment to us. Let us know if you have any suggestion for improvement through https://www.traveloka.com/contactus . Stay around for more interesting offers from Traveloka Lifestyle Super App!,2023-07-01 07:42:15,3.79.0
Christover Aja,"customer service buruk, tidak membalas, aplikasi jelek",1,3.79.0,2023-07-01 07:22:44,"Hai, Christ. Mohon maaf atas ketidaknyamanannya. Dipastikan untuk kenyamanan pengguna Traveloka, kami akan perbaiki dan tingkatkan performa Traveloka. Kalau kamu memiliki kendala, mohon hubungi kami melalui tautan ini https://www.traveloka.com/id-id/contactus. Terima kasih. -WR",2023-07-01 07:45:05,3.79.0
Dwi Rahayu ningsih,Naik limit baru belanja sekali di shopee tapi kedua nya mau belanja lagi Virtual akun tidak bisa digunakan karena proses aktivasi mengalami kendala saat pemeriksaan keamanan haduh payah dah,1,3.79.0,2023-07-01 07:10:29,"Hai Dwi. Mohon maaf sekali atas ketidaknyamanan yang kamu alami. Mohon infokan dengan detail kendala kamu melalui pesan di aplikasi Traveloka kamu atau via email ke cs@traveloka.com, untuk kami bantu lebih lanjut ya. Terima kasih. -FR",2023-03-14 13:36:32,3.79.0
Hari Yuniardi,"Tepat hari ini, Sabtu 1 Juli 2023, saya tidak bisa mengakses aplikasi traveloka, baik utk melihat tiket pesawat, hotel dll.....mohon petunjuk admin, terimakasih🙏",5,,2023-07-01 06:51:31,"Halo Hari. Terkait kendala kamu, pastikan kamu log in dengan email atau nomor telepon yang terdaftar pada akun Traveloka yang digunakan saat memesan ya. Untuk pengecekan lebih lanjut, silakan menghubungi kami melalui https://www.traveloka.com/id-id/contactus. Terima kasih. -MZ",2023-07-01 07:13:50,
GILMORE AURORASTEVE97,terbaik traveloka,5,3.79.0,2023-07-01 06:50:27,"Halo Kak, terima kasih banyak atas ratingnya, semoga Kakak tetap nyaman dan selau setia menjadi pelanggan Traveloka. Yuk Kak pantengin terus Traveloka Lifestyle Super App karna kami selalu berikan promo-promo yg menarik loooh, jangan sampai ketinggalan ya :)",2023-07-01 07:12:08,3.79.0
Shofwatul Badi'ah,sip mantab,5,3.79.0,2023-07-01 06:21:09,"Halo Kak, terima kasih banyak atas ratingnya, semoga Kakak tetap nyaman dan selau setia menjadi pelanggan Traveloka. Yuk Kak pantengin terus Traveloka Lifestyle Super App karna kami selalu berikan promo-promo yg menarik loooh, jangan sampai ketinggalan ya :)",2023-07-01 06:42:06,3.79.0
Bandar Lampung,akses mudah,4,3.79.0,2023-07-01 05:32:04,"Halo Kak, terima kasih banyak atas ratingnya, semoga Kakak tetap nyaman dan selau setia menjadi pelanggan Traveloka. Yuk Kak pantengin terus Traveloka Lifestyle Super App karna kami selalu berikan promo-promo yg menarik loooh, jangan sampai ketinggalan ya :)",2023-07-01 05:42:07,3.79.0
Irvan Maolana,bagus...,4,3.79.0,2023-07-01 05:24:05,"Hi Kak, terima kasih atas feedbacknya, semoga Kakak tetap setia dengan Traveloka. Jika ada pertanyaan lain bisa langsung infokan pada kami di https://www.traveloka.com/contactus ya, Kak. Pantau terus Traveloka Lifestyle Super App untuk penawaran spesial lainnya!",2023-07-01 05:42:14,3.79.0
aprilia Indriani,Sangatt membantu,5,3.79.0,2023-07-01 04:10:38,"Halo Kak, terima kasih banyak atas ratingnya, semoga Kakak tetap nyaman dan selau setia menjadi pelanggan Traveloka. Yuk Kak pantengin terus Traveloka Lifestyle Super App karna kami selalu berikan promo-promo yg menarik loooh, jangan sampai ketinggalan ya :)",2023-07-01 04:12:12,3.79.0
Zulkarnaen Hasibuan,sangat cepat prosesnya,5,3.79.0,2023-07-01 03:45:27,"Hi Kak, terima kasih atas feedbacknya, semoga Kakak tetap setia dengan Traveloka. Jika ada pertanyaan lain bisa langsung infokan pada kami di https://www.traveloka.com/contactus ya, Kak. Pantau terus Traveloka Lifestyle Super App untuk penawaran spesial lainnya!",2023-07-01 04:12:27,3.79.0
syafii maarif,good,5,3.75.0,2023-07-01 03:28:02,"Hi, thank you very much for the positive review! Please feel free to contact us at https://www.traveloka.com/contactus we're more than happy to assist you and Stay tuned for more exciting offers on Traveloka Lifestyle Super App.",2023-07-01 03:42:06,3.75.0
Wisnu Wardhana,"Kalau memang tiket kereta sudah habis lebih baik ditiadakan sekalian, dari pada jadi rebutan dan pas balik Karna seat tidak ada muncul lagi",2,3.79.0,2023-07-01 03:22:58,"Halo Wisnu. Mohon maaf atas ketidaknyamanan yang kamu alami. Terkait dengan ketersediaan kursi diperbaharui oleh pihak PT KAI ya. Jika ada pertanyaan lainnya, kamu bisa menghubungi kami melalui https://www.traveloka.com/id-id/contactus. Terima kasih. -MZ",2023-07-01 03:45:56,3.79.0
Wahid In,Bagus sangat membantu sekali,4,,2023-07-01 02:57:02,"Halo Kak, terima kasih banyak atas ratingnya, semoga Kakak tetap nyaman dan selau setia menjadi pelanggan Traveloka. Yuk Kak pantengin terus Traveloka Lifestyle Super App karna kami selalu berikan promo-promo yg menarik loooh, jangan sampai ketinggalan ya :)",2023-07-01 03:12:06,
Jon Kenedi,sangat bagus,5,3.79.0,2023-07-01 02:41:59,"Hi Kak, senang banget nih dapat rating bagus dari Kakak, terima kasih juga atas feedbacknya! Kenyamanan Kakak adalah prioritas Kami, jika ada pertanyaan lainnya jangan sungkan ya untuk infokan pada kami di https://www.traveloka.com/contactus . Jangan sampai ketinggalan penawaran menarik lainnya di Traveloka Lifestye Super Apps.",2023-07-01 03:12:09,3.79.0
Agus Tinus,Sangat Puas,5,3.76.0,2023-07-01 02:32:36,"Halo Kak, terima kasih banyak atas ratingnya, semoga Kakak tetap nyaman dan selau setia menjadi pelanggan Traveloka. Yuk Kak pantengin terus Traveloka Lifestyle Super App karna kami selalu berikan promo-promo yg menarik loooh, jangan sampai ketinggalan ya :)",2023-07-01 02:42:06,3.76.0
leny sulistiani,Kenapa punya sya dr kmren susah dibuka ya? Apakah ada yg sama?,5,3.79.0,2023-07-01 01:51:49,"Hai, Leny. Pastikan aplikasi Traveloka sudah versi terbaru dan memori di perangkat cukup ya. Kalau ada yang ingin ditanyakan, mohon hubungi kami melalui tautan ini https://www.traveloka.com/contactus ya. Terima kasih. -VK",2023-07-01 02:17:44,3.79.0
Haga Pranata,bagus sekali,5,3.79.0,2023-07-01 01:13:01,"Halo Kak, terima kasih banyak atas ratingnya, semoga Kakak tetap nyaman dan selau setia menjadi pelanggan Traveloka. Yuk Kak pantengin terus Traveloka Lifestyle Super App karna kami selalu berikan promo-promo yg menarik loooh, jangan sampai ketinggalan ya :)",2023-07-01 01:42:06,3.79.0
Ayana Azka,cepat prosesnya,5,3.79.0,2023-07-01 01:04:11,"Halo Kak, terima kasih banyak atas ratingnya, semoga Kakak tetap nyaman dan selau setia menjadi pelanggan Traveloka. Yuk Kak pantengin terus Traveloka Lifestyle Super App karna kami selalu berikan promo-promo yg menarik loooh, jangan sampai ketinggalan ya :)",2023-07-01 01:12:14,3.79.0
Ocha Munandar,"Bisa nya uda bayar ketentuan g bs refund, trus tb2 d tlp kmr kosong , trus solusi ny hny mnguntungkan traveloka dan mrugikan tamu, jauh2 capek2 tb2 g dpt kmr pdhal sudah d sruh byr cpt2, saya bnr2 mrasa d rugikan. G lg de... Smoga tamu lain g d prlakukan sperti sy",1,3.79.0,2023-07-01 01:03:25,"Hai Ocha. Maaf buat kamu tidak nyaman. Untuk membantu lebih lanjut kendala kamu, mohon dapat menghubungi kami melalui tautan https://www.traveloka.com/id-id/contactus dengan menginformasikan nomor pemesanannya ya. Terima kasih. -RM",2023-07-01 01:14:23,3.79.0
Dedek Berka Sanjaya,baik,4,3.79.0,2023-07-01 00:54:24,"Hi Kak, senang banget nih dapat rating bagus dari Kakak, terima kasih juga atas feedbacknya! Kenyamanan Kakak adalah prioritas Kami, jika ada pertanyaan lainnya jangan sungkan ya untuk infokan pada kami di https://www.traveloka.com/contactus . Jangan sampai ketinggalan penawaran menarik lainnya di Traveloka Lifestye Super Apps.",2023-07-01 01:12:19,3.79.0
Manggedi Ahmad,pateen,5,3.79.0,2023-06-30 19:32:52,,,3.79.0
Bujangpariani Yahir Abbas,lebih ditingkatkan,4,3.79.0,2023-06-30 18:46:10,"Halo Kak, terima kasih banyak atas ratingnya, semoga Kakak tetap nyaman dan selau setia menjadi pelanggan Traveloka. Yuk Kak pantengin terus Traveloka Lifestyle Super App karna kami selalu berikan promo-promo yg menarik loooh, jangan sampai ketinggalan ya :)",2023-06-30 19:12:09,3.79.0
Boyan heryana,Semenjak ada paylater terlalu berharap ada limit berulang ulang tidak di ACC jadi uninstal saja ribet soalnya,2,,2023-06-30 17:50:24,"Hai, Kak Boyan. Mohon maaf sudah buat kamu nggak nyaman. Untuk pengajuan PayLater harus mengikuti proses verifikasi. Dimana data-data yang diberikan harus sesuai dengan data yang dibutuhkan oleh tim analis kami Kak. Mimin sarankan untuk coba kembali ya Kak. Terima kasih. -RZ",2023-06-30 18:16:27,
hamam nasrodin,good,4,3.79.0,2023-06-30 16:20:40,"Hi, thank you very much for the positive review! Please feel free to contact us at https://www.traveloka.com/contactus we're more than happy to assist you and Stay tuned for more exciting offers on Traveloka Lifestyle Super App.",2023-06-30 16:42:07,3.79.0
Airin Sawah,"bagus, mudah simple",5,3.79.0,2023-06-30 15:55:59,"Halo Kak, terima kasih banyak atas ratingnya, semoga Kakak tetap nyaman dan selau setia menjadi pelanggan Traveloka. Yuk Kak pantengin terus Traveloka Lifestyle Super App karna kami selalu berikan promo-promo yg menarik loooh, jangan sampai ketinggalan ya :)",2023-06-30 16:12:07,3.79.0
Aji Sutrisno,Sudah pesan saat check in ternyata nama tidak muncul. Custumer service ditelfon untuk mengatasi masalah namun slow respon dan di lempar lempar,1,3.79.0,2023-06-30 15:51:38,Hai Kak Aji. Mohon maaf atas ketidaknyamanannya. Mohon untuk sampaikan keluhan kamu secara detail melalui https://www.traveloka.com/id-id/contactus. Supaya kami dapat membantu permasalahan kamu. Terima kasih. -DA,2023-06-30 16:13:44,3.79.0
ryan datux,bagus,5,3.76.0,2023-06-30 14:54:40,"Hi Kak, senang banget nih dapat rating bagus dari Kakak, terima kasih juga atas feedbacknya! Kenyamanan Kakak adalah prioritas Kami, jika ada pertanyaan lainnya jangan sungkan ya untuk infokan pada kami di https://www.traveloka.com/contactus . Jangan sampai ketinggalan penawaran menarik lainnya di Traveloka Lifestye Super Apps.",2023-06-30 15:12:10,3.76.0
Nekad Traveler,cepat prosesnya.. gampang pakai apk nya,5,3.79.0,2023-06-30 14:40:52,"Halo Kak, terima kasih banyak atas ratingnya, semoga Kakak tetap nyaman dan selau setia menjadi pelanggan Traveloka. Yuk Kak pantengin terus Traveloka Lifestyle Super App karna kami selalu berikan promo-promo yg menarik loooh, jangan sampai ketinggalan ya :)",2023-06-30 14:42:14,3.79.0
Ummu Nadia,jazakumullahu khairon,5,3.51.1,2023-06-30 14:15:17,,,3.51.1
Kemas ahmad Faisal,baik,5,3.79.0,2023-06-30 14:09:55,"Halo Kak, terima kasih banyak atas ratingnya, semoga Kakak tetap nyaman dan selau setia menjadi pelanggan Traveloka. Yuk Kak pantengin terus Traveloka Lifestyle Super App karna kami selalu berikan promo-promo yg menarik loooh, jangan sampai ketinggalan ya :)",2023-06-30 14:12:15,3.79.0
Muhammad Al-Imam Andrea,bagus,5,3.79.0,2023-06-30 14:03:41,"Hi Kak, senang banget nih dapat rating bagus dari Kakak, terima kasih juga atas feedbacknya! Kenyamanan Kakak adalah prioritas Kami, jika ada pertanyaan lainnya jangan sungkan ya untuk infokan pada kami di https://www.traveloka.com/contactus . Jangan sampai ketinggalan penawaran menarik lainnya di Traveloka Lifestye Super Apps.",2023-06-30 14:12:18,3.79.0
zamzam Shoting,mudah dan cepat,5,,2023-06-30 13:46:07,"Hi Kak, terima kasih atas feedbacknya, semoga Kakak tetap setia dengan Traveloka. Jika ada pertanyaan lain bisa langsung infokan pada kami di https://www.traveloka.com/contactus ya, Kak. Pantau terus Traveloka Lifestyle Super App untuk penawaran spesial lainnya!",2023-06-30 14:12:21,
shoma rizkifani,bagus,5,3.79.0,2023-06-30 13:34:46,"Halo Kak, terima kasih banyak atas ratingnya, semoga Kakak tetap nyaman dan selau setia menjadi pelanggan Traveloka. Yuk Kak pantengin terus Traveloka Lifestyle Super App karna kami selalu berikan promo-promo yg menarik loooh, jangan sampai ketinggalan ya :)",2023-06-30 13:42:13,3.79.0
Mochamad Rizky Ilmawan,nice experience and good feature,5,3.79.0,2023-06-30 13:10:55,"Hi, thank you very much for the positive review! Please feel free to contact us at https://www.traveloka.com/contactus we're more than happy to assist you and Stay tuned for more exciting offers on Traveloka Lifestyle Super App.",2023-06-30 13:12:06,3.79.0
Tri Setiyo Nugroho,Mantap!,5,3.79.0,2023-06-30 12:53:14,"Hi Kak, senang banget nih dapat rating bagus dari Kakak, terima kasih juga atas feedbacknya! Kenyamanan Kakak adalah prioritas Kami, jika ada pertanyaan lainnya jangan sungkan ya untuk infokan pada kami di https://www.traveloka.com/contactus . Jangan sampai ketinggalan penawaran menarik lainnya di Traveloka Lifestye Super Apps.",2023-06-30 13:12:10,3.79.0
Jaiman Hutabarat,Ok,5,3.79.0,2023-06-30 12:51:17,Thank you for leaving a good comment to us. Let us know if you have any suggestion for improvement through https://www.traveloka.com/contactus . Stay around for more interesting offers from Traveloka Lifestyle Super App!,2023-06-30 13:12:13,3.79.0
Yusran Fauzi,lebih mudah,4,3.79.0,2023-06-30 11:59:29,"Halo Kak, terima kasih banyak atas ratingnya, semoga Kakak tetap nyaman dan selau setia menjadi pelanggan Traveloka. Yuk Kak pantengin terus Traveloka Lifestyle Super App karna kami selalu berikan promo-promo yg menarik loooh, jangan sampai ketinggalan ya :)",2023-06-30 12:12:07,3.79.0
Irja Nainggolan,"Traveloka the best, perbanyak diskon bagi pelanggan ya baik tiket pesawat maupun hotel",5,3.79.0,2023-06-30 11:55:37,"Hi Kak, senang banget nih dapat rating bagus dari Kakak, terima kasih juga atas feedbacknya! Kenyamanan Kakak adalah prioritas Kami, jika ada pertanyaan lainnya jangan sungkan ya untuk infokan pada kami di https://www.traveloka.com/contactus . Jangan sampai ketinggalan penawaran menarik lainnya di Traveloka Lifestye Super Apps.",2023-06-30 12:12:10,3.79.0
izal zael,ok.. bagus,5,3.79.0,2023-06-30 11:45:01,"Hi Kak, terima kasih atas feedbacknya, semoga Kakak tetap setia dengan Traveloka. Jika ada pertanyaan lain bisa langsung infokan pada kami di https://www.traveloka.com/contactus ya, Kak. Pantau terus Traveloka Lifestyle Super App untuk penawaran spesial lainnya!",2023-06-30 12:12:13,3.79.0
Agus Ariyanto,ok,5,3.79.0,2023-06-30 11:44:31,"Hi, thank you very much for the positive review! Please feel free to contact us at https://www.traveloka.com/contactus we're more than happy to assist you and Stay tuned for more exciting offers on Traveloka Lifestyle Super App.",2023-06-30 12:12:16,3.79.0
H. Amier Khan,"Pesan Tiket di Traveloka sangat mudah, dan bs gunakan limit spaylater yg tersedia, tks Traveloka kehadirannya memudahkan sy untuk mudik via pesawat.",5,3.79.0,2023-06-30 11:23:32,"Halo Kak, terima kasih banyak atas ratingnya, semoga Kakak tetap nyaman dan selau setia menjadi pelanggan Traveloka. Yuk Kak pantengin terus Traveloka Lifestyle Super App karna kami selalu berikan promo-promo yg menarik loooh, jangan sampai ketinggalan ya :)",2023-06-30 11:42:16,3.79.0
Naurah Ayu Priningsih,BAgus,5,3.62.2,2023-06-30 10:57:17,"Halo Kak, terima kasih banyak atas ratingnya, semoga Kakak tetap nyaman dan selau setia menjadi pelanggan Traveloka. Yuk Kak pantengin terus Traveloka Lifestyle Super App karna kami selalu berikan promo-promo yg menarik loooh, jangan sampai ketinggalan ya :)",2023-06-30 11:12:07,3.62.2
Sabar 01,bgusss,5,,2023-06-30 10:56:38,"Hi, we are so grateful to get a lot of support from you. Hope you continue to enjoy our offers. If you have any feedback or suggestions, let us know on https://www.traveloka.com/contactus, our customer service would love to serve you in 24 hours. Thank you!",2023-06-30 11:12:10,
Hermina Sofie,kereeen,4,3.79.0,2023-06-30 10:44:27,"Hi Kak, terima kasih atas feedbacknya, semoga Kakak tetap setia dengan Traveloka. Jika ada pertanyaan lain bisa langsung infokan pada kami di https://www.traveloka.com/contactus ya, Kak. Pantau terus Traveloka Lifestyle Super App untuk penawaran spesial lainnya!",2023-06-30 11:12:13,3.79.0
Taryoko akhmad,Banyak banyak promo,5,3.79.0,2023-06-30 10:18:43,"Halo Kak, terima kasih banyak atas ratingnya, semoga Kakak tetap nyaman dan selau setia menjadi pelanggan Traveloka. Yuk Kak pantengin terus Traveloka Lifestyle Super App karna kami selalu berikan promo-promo yg menarik loooh, jangan sampai ketinggalan ya :)",2023-06-30 10:42:07,3.79.0
Lenny Setiawati,mudah dan banyak pilihan juga pilihan pembayaran,5,3.79.0,2023-06-30 09:44:34,"Halo Kak, terima kasih banyak atas ratingnya, semoga Kakak tetap nyaman dan selau setia menjadi pelanggan Traveloka. Yuk Kak pantengin terus Traveloka Lifestyle Super App karna kami selalu berikan promo-promo yg menarik loooh, jangan sampai ketinggalan ya :)",2023-06-30 10:12:07,3.79.0
Selfi P,👍,5,3.79.0,2023-06-30 09:14:13,,,3.79.0
Lutfy syaifullah,TERMURAAAHH,5,3.79.0,2023-06-30 09:05:41,"Hi Kak, senang banget nih dapat rating bagus dari Kakak, terima kasih juga atas feedbacknya! Kenyamanan Kakak adalah prioritas Kami, jika ada pertanyaan lainnya jangan sungkan ya untuk infokan pada kami di https://www.traveloka.com/contactus . Jangan sampai ketinggalan penawaran menarik lainnya di Traveloka Lifestye Super Apps.",2023-06-30 09:12:09,3.79.0
molen _,👍,5,3.79.0,2023-06-30 08:26:50,,,3.79.0
arief bachtiar,luar biasa,5,3.79.0,2023-06-30 07:25:17,"Halo Kak, terima kasih banyak atas ratingnya, semoga Kakak tetap nyaman dan selau setia menjadi pelanggan Traveloka. Yuk Kak pantengin terus Traveloka Lifestyle Super App karna kami selalu berikan promo-promo yg menarik loooh, jangan sampai ketinggalan ya :)",2023-06-30 07:42:07,3.79.0
Deskiyo Catur,ok,5,3.79.0,2023-06-30 06:59:54,"Hi, thank you very much for the positive review! Please feel free to contact us at https://www.traveloka.com/contactus we're more than happy to assist you and Stay tuned for more exciting offers on Traveloka Lifestyle Super App.",2023-06-30 07:12:06,3.79.0
Agus Fachruddin,good,5,3.79.0,2023-06-30 06:41:26,"Hi, thank you very much for the positive review! Please feel free to contact us at https://www.traveloka.com/contactus we're more than happy to assist you and Stay tuned for more exciting offers on Traveloka Lifestyle Super App.",2023-06-30 06:42:14,3.79.0
Karisma Mitra,Mudah digunakan dan sangat membantu Krn cepat dan cara pembayaran yg banyak...👍,5,,2023-06-30 06:25:30,"Hi Kak, senang banget nih dapat rating bagus dari Kakak, terima kasih juga atas feedbacknya! Kenyamanan Kakak adalah prioritas Kami, jika ada pertanyaan lainnya jangan sungkan ya untuk infokan pada kami di https://www.traveloka.com/contactus . Jangan sampai ketinggalan penawaran menarik lainnya di Traveloka Lifestye Super Apps.",2023-06-30 06:42:17,
Tamrin Lasabuda,Luar biasa Playstor i like,5,3.79.0,2023-06-30 05:50:15,"Halo Kak, terima kasih banyak atas ratingnya, semoga Kakak tetap nyaman dan selau setia menjadi pelanggan Traveloka. Yuk Kak pantengin terus Traveloka Lifestyle Super App karna kami selalu berikan promo-promo yg menarik loooh, jangan sampai ketinggalan ya :)",2023-06-30 06:12:06,3.79.0
Asrin Pandani,"Lemott bangetttt padahal wifi on , paraaahhhh, tolong di perbaiki dong jaringan nya",2,3.79.0,2023-06-30 04:45:30,"Halo, Kak Asrin. Mohon maaf atas ketidaknyamanannya, pastikan aplikasi Traveloka kamu sudah versi terbaru ya. Jika masih kendala, mohon bantuannya untuk menyampaikan detail kendala kamu melalui https://www.traveloka.com/id-id/contactus ya. Terima kasih. -PA",2023-06-30 05:14:12,3.79.0
Winda Resiardhany,"Searching hotel untuk tanggal 1 juli, terus lihat ada suggestion hotel dari aplikasi. Pas udah booking ternyata malah jd tgl 7. Ga bisa reschedule, ga bisa refund.. I'm cryiiingg... Bisa ga kasih suggestion tanpa tanggal biar orang ga bingung....😭",2,3.79.0,2023-06-30 04:23:42,Halo Winda. Untuk reschedule pemesanan mengikuti kebijakan pihak hotel. Pada dasarnya sebelum melakukan pembayaran akan muncul halaman review untuk memastikan apakah pemesanan kamu sudah sesuai. Terima kasih. -SC,2023-06-30 04:43:58,3.79.0
Dhisatria Real,Thnkiu,5,3.75.0,2023-06-30 03:41:01,,,3.75.0
Aji Agustian,ok,5,3.79.0,2023-06-30 03:39:25,"Hi, thank you very much for the positive review! Please feel free to contact us at https://www.traveloka.com/contactus we're more than happy to assist you and Stay tuned for more exciting offers on Traveloka Lifestyle Super App.",2023-06-30 03:42:10,3.79.0
Marni Marni,ik,5,3.79.0,2023-06-30 02:50:47,"Hai Marni. Terima kasih atas rating yang kamu berikan. Jika kamu memiliki pertanyaan seputat Traveloka, mohon hubungi kami melalui link https://www.traveloka.com/id-id/contactus. Terima kasih. -RM",2023-06-30 03:14:33,3.79.0
Herla Rosma nurani,"mantap, banyak promo menarik",5,3.79.0,2023-06-30 02:48:54,"Hi Kak, senang banget nih dapat rating bagus dari Kakak, terima kasih juga atas feedbacknya! Kenyamanan Kakak adalah prioritas Kami, jika ada pertanyaan lainnya jangan sungkan ya untuk infokan pada kami di https://www.traveloka.com/contactus . Jangan sampai ketinggalan penawaran menarik lainnya di Traveloka Lifestye Super Apps.",2023-06-30 03:12:11,3.79.0
Risma Irfan,poreii,5,3.79.0,2023-06-30 02:44:45,,,3.79.0
Annisa Dzulia,"Ka traveloka saya ga bisa konek aja, versi 3.79. Sudah dicoba tp malah tidak bisa diakses 403 error L",4,3.79.0,2023-06-30 02:35:03,"Halo, Kak Annisa. Mohon maaf atas ketidaknyamanannya. Kamu dapat menghubungi kami melalui https://www.traveloka.com/id-id/contactus agar masalahmu bisa diselesaikan secepat mungkin.
Kami akan berikan solusi terbaik agar kamu dapat merasa puas dan layanan kami layak mendapatkan rating yang lebih baik. Terima kasih. -OE",2023-06-30 01:47:03,3.79.0
JERRY RAMAKO,siip,5,3.79.0,2023-06-30 02:24:20,"Hi, thank you very much for the positive review! Please feel free to contact us at https://www.traveloka.com/contactus we're more than happy to assist you and Stay tuned for more exciting offers on Traveloka Lifestyle Super App.",2023-06-30 02:42:16,3.79.0
Angga Lucky,sangat membantu,5,3.79.0,2023-06-30 02:22:14,"Hi Kak, senang banget nih dapat rating bagus dari Kakak, terima kasih juga atas feedbacknya! Kenyamanan Kakak adalah prioritas Kami, jika ada pertanyaan lainnya jangan sungkan ya untuk infokan pada kami di https://www.traveloka.com/contactus . Jangan sampai ketinggalan penawaran menarik lainnya di Traveloka Lifestye Super Apps.",2023-06-30 02:42:19,3.79.0
Sorong Papua,mudah dan gampang,5,3.78.0,2023-06-30 02:21:33,"Hi Kak, terima kasih atas feedbacknya, semoga Kakak tetap setia dengan Traveloka. Jika ada pertanyaan lain bisa langsung infokan pada kami di https://www.traveloka.com/contactus ya, Kak. Pantau terus Traveloka Lifestyle Super App untuk penawaran spesial lainnya!",2023-06-30 02:42:22,3.78.0
Ari Yanto,lebih simple cpat dan amanah,5,3.79.0,2023-06-30 02:15:52,"Halo Kak, terima kasih banyak atas ratingnya, semoga Kakak tetap nyaman dan selau setia menjadi pelanggan Traveloka. Yuk Kak pantengin terus Traveloka Lifestyle Super App karna kami selalu berikan promo-promo yg menarik loooh, jangan sampai ketinggalan ya :)",2023-06-30 02:42:24,3.79.0
Dwi Apriyanto,oke,5,3.79.0,2023-06-30 01:32:08,,,3.79.0
Julsen Timbang,mantap,4,3.79.0,2023-06-29 23:43:46,"Halo Kak, terima kasih banyak atas ratingnya, semoga Kakak tetap nyaman dan selau setia menjadi pelanggan Traveloka. Yuk Kak pantengin terus Traveloka Lifestyle Super App karna kami selalu berikan promo-promo yg menarik loooh, jangan sampai ketinggalan ya :)",2023-06-30 00:12:06,3.79.0
Pip Uhuy,tetap tercepat dan termudah,5,3.79.0,2023-06-29 23:31:25,"Halo Kak, terima kasih banyak atas ratingnya, semoga Kakak tetap nyaman dan selau setia menjadi pelanggan Traveloka. Yuk Kak pantengin terus Traveloka Lifestyle Super App karna kami selalu berikan promo-promo yg menarik loooh, jangan sampai ketinggalan ya :)",2023-06-29 23:42:06,3.79.0
Trionox -,puas dengan layanan traveloka,5,3.79.0,2023-06-29 23:14:57,"Hi Kak, senang banget nih dapat rating bagus dari Kakak, terima kasih juga atas feedbacknya! Kenyamanan Kakak adalah prioritas Kami, jika ada pertanyaan lainnya jangan sungkan ya untuk infokan pada kami di https://www.traveloka.com/contactus . Jangan sampai ketinggalan penawaran menarik lainnya di Traveloka Lifestye Super Apps.",2023-06-29 23:42:09,3.79.0
Sary Amung,sangat bagus,5,3.79.0,2023-06-29 22:56:35,"Halo Kak, terima kasih banyak atas ratingnya, semoga Kakak tetap nyaman dan selau setia menjadi pelanggan Traveloka. Yuk Kak pantengin terus Traveloka Lifestyle Super App karna kami selalu berikan promo-promo yg menarik loooh, jangan sampai ketinggalan ya :)",2023-06-29 23:12:07,3.79.0
Boy Chank,mudah dipakai,5,3.79.0,2023-06-29 21:19:02,"Halo Kak, terima kasih banyak atas ratingnya, semoga Kakak tetap nyaman dan selau setia menjadi pelanggan Traveloka. Yuk Kak pantengin terus Traveloka Lifestyle Super App karna kami selalu berikan promo-promo yg menarik loooh, jangan sampai ketinggalan ya :)",2023-06-29 21:42:09,3.79.0
Anggi Pratama,banyakin discount donk,5,3.79.0,2023-06-29 21:15:31,"Hi Kak, senang banget nih dapat rating bagus dari Kakak, terima kasih juga atas feedbacknya! Kenyamanan Kakak adalah prioritas Kami, jika ada pertanyaan lainnya jangan sungkan ya untuk infokan pada kami di https://www.traveloka.com/contactus . Jangan sampai ketinggalan penawaran menarik lainnya di Traveloka Lifestye Super Apps.",2023-06-29 21:42:13,3.79.0
Pesta Manurung,mantaaap,5,3.77.1,2023-06-29 20:41:08,,,3.77.1
Nancy Dwi Fasluky Tristoria,Saya tidak dapat masuk pada akun saya. Karena setelah ganti handphone gak bisa akses. Tolong di bantu. Saya mau bayar tagihan paylater takut telat. Kalo bisa kirim nomer cs biar bisa langsung telfon . Terimakasih,1,3.79.0,2023-06-29 18:17:30,Hai Kak Nancy. Mohon maaf atas ketidaknyamanannya. Mohon untuk sampaikan keluhan kamu secara detail melalui https://www.traveloka.com/id-id/contactus. Supaya kami dapat membantu permasalahan kamu. Terima kasih. -DA,2023-06-29 18:43:33,3.79.0
Abul Khoir,gg gaming,5,3.79.0,2023-06-29 17:36:52,"Halo Kak, terima kasih banyak atas ratingnya, semoga Kakak tetap nyaman dan selau setia menjadi pelanggan Traveloka. Yuk Kak pantengin terus Traveloka Lifestyle Super App karna kami selalu berikan promo-promo yg menarik loooh, jangan sampai ketinggalan ya :)",2023-06-29 17:42:08,3.79.0
Satria Anugrah Gulo,bagus cepat dan nyaman,5,3.79.0,2023-06-29 17:31:33,"Hi Kak, senang banget nih dapat rating bagus dari Kakak, terima kasih juga atas feedbacknya! Kenyamanan Kakak adalah prioritas Kami, jika ada pertanyaan lainnya jangan sungkan ya untuk infokan pada kami di https://www.traveloka.com/contactus . Jangan sampai ketinggalan penawaran menarik lainnya di Traveloka Lifestye Super Apps.",2023-06-29 17:42:11,3.79.0
yukino hanna,Tahun lalu beli tiket lewat Shopee tiket tidak kunjung muncul. Saya kira karena Shopee pihak ke3 alias calo makanya bermasalah. Ternyata aplikasi Traveloka juga ga kalah bermasalah. Ah langsung kapok pake traveloka,1,3.79.0,2023-06-29 15:49:59,"Hai, Kak Yukino. Maaf apabila ada kendala yang kamu alami. Silahkan informasikan detail kendala serta nomor pesanan kamu melalui email di cs@traveloka.com, pesan aplikasi, layanan telepon di nomor 0804-1500-308 atau bisa melalui DM social media Traveloka ya Kak, agar kami bisa bantu kamu lebih lanjut. Terima kasih. -RZ",2023-06-29 16:15:43,3.79.0
Ashari Santoso,sangat membantu,5,3.79.0,2023-06-29 15:46:05,"Halo Kak, terima kasih banyak atas ratingnya, semoga Kakak tetap nyaman dan selau setia menjadi pelanggan Traveloka. Yuk Kak pantengin terus Traveloka Lifestyle Super App karna kami selalu berikan promo-promo yg menarik loooh, jangan sampai ketinggalan ya :)",2023-06-29 16:12:08,3.79.0
Didik arif Basuki,"pilihan hotel lengkap, banyak potongan harga",5,3.79.0,2023-06-29 15:00:59,"Halo Kak, terima kasih banyak atas ratingnya, semoga Kakak tetap nyaman dan selau setia menjadi pelanggan Traveloka. Yuk Kak pantengin terus Traveloka Lifestyle Super App karna kami selalu berikan promo-promo yg menarik loooh, jangan sampai ketinggalan ya :)",2023-06-29 15:12:08,3.79.0
rahmadi jazz,top,5,3.79.0,2023-06-29 13:47:32,"Hi, thank you very much for the positive review! Please feel free to contact us at https://www.traveloka.com/contactus we're more than happy to assist you and Stay tuned for more exciting offers on Traveloka Lifestyle Super App.",2023-06-29 14:12:09,3.79.0
Maman,Ok,5,3.79.0,2023-06-29 13:47:07,"Hi, we are so grateful to get a lot of support from you. Hope you continue to enjoy our offers. If you have any feedback or suggestions, let us know on https://www.traveloka.com/contactus, our customer service would love to serve you in 24 hours. Thank you!",2023-06-29 14:12:11,3.79.0
Fiqi_Fivers fiqi,sangat bagus dan mudah banyak promo,5,3.79.0,2023-06-29 13:46:47,"Hi Kak, terima kasih atas feedbacknya, semoga Kakak tetap setia dengan Traveloka. Jika ada pertanyaan lain bisa langsung infokan pada kami di https://www.traveloka.com/contactus ya, Kak. Pantau terus Traveloka Lifestyle Super App untuk penawaran spesial lainnya!",2023-06-29 14:12:14,3.79.0
Desriani Lestari,"Sangat mengecewakan kalau kita mengajukan refund. Di aplikasi disampaikan uang sudah ditransfer, tapi sudah 1 bulan, uangnya tidak pernah masuk ke rekening. Dichat malah dilayani mesin",2,3.79.0,2023-06-29 13:17:05,"Halo Kak, terima kasih banyak atas ratingnya, semoga Kakak tetap nyaman dan selau setia menjadi pelanggan Traveloka. Yuk Kak pantengin terus Traveloka Lifestyle Super App karna kami selalu berikan promo-promo yg menarik loooh, jangan sampai ketinggalan ya :)",2022-03-13 00:00:09,3.79.0
Dedi Saputra,"mantul,,tiket murah",5,3.79.0,2023-06-29 13:14:02,"Halo Kak, terima kasih banyak atas ratingnya, semoga Kakak tetap nyaman dan selau setia menjadi pelanggan Traveloka. Yuk Kak pantengin terus Traveloka Lifestyle Super App karna kami selalu berikan promo-promo yg menarik loooh, jangan sampai ketinggalan ya :)",2023-06-29 13:42:18,3.79.0
Yudhi 34341,sangat membantu,5,3.79.0,2023-06-29 12:48:35,"Halo Kak, terima kasih banyak atas ratingnya, semoga Kakak tetap nyaman dan selau setia menjadi pelanggan Traveloka. Yuk Kak pantengin terus Traveloka Lifestyle Super App karna kami selalu berikan promo-promo yg menarik loooh, jangan sampai ketinggalan ya :)",2023-06-29 13:12:07,3.79.0
Dede Kurniawan,oke sih ada peningkatan,5,3.79.0,2023-06-29 12:43:04,"Hi Kak, senang banget nih dapat rating bagus dari Kakak, terima kasih juga atas feedbacknya! Kenyamanan Kakak adalah prioritas Kami, jika ada pertanyaan lainnya jangan sungkan ya untuk infokan pada kami di https://www.traveloka.com/contactus . Jangan sampai ketinggalan penawaran menarik lainnya di Traveloka Lifestye Super Apps.",2023-06-29 13:12:09,3.79.0
imam santoso,Aplikasi yang sangat membantu dan user friendly,5,3.79.0,2023-06-29 12:32:28,"Halo Kak, terima kasih banyak atas ratingnya, semoga Kakak tetap nyaman dan selau setia menjadi pelanggan Traveloka. Yuk Kak pantengin terus Traveloka Lifestyle Super App karna kami selalu berikan promo-promo yg menarik loooh, jangan sampai ketinggalan ya :)",2023-06-29 12:42:06,3.79.0
Octop Us,Proses refund tiket ribet,1,2.16.1,2023-06-29 12:18:45,"Hai, Kak. Mohon maaf sudah membuatmu tidak nyaman. Dipastikan untuk kenyamanan pengguna Traveloka, kami akan perbaiki dan tingkatkan performa Traveloka. Untuk membantu kendala kamu, mohon hubungi kami melalui tautan ini https://www.traveloka.com/contactus. Terima kasih. -SM",2023-06-29 12:44:45,2.16.1
Ayu Novia Maharani,mantap,5,3.79.0,2023-06-29 12:14:37,"Hi Kak, terima kasih atas feedbacknya, semoga Kakak tetap setia dengan Traveloka. Jika ada pertanyaan lain bisa langsung infokan pada kami di https://www.traveloka.com/contactus ya, Kak. Pantau terus Traveloka Lifestyle Super App untuk penawaran spesial lainnya!",2023-06-29 12:42:14,3.79.0
Chanel GidiOn NiTtI dIoN,Bagus sekali,5,,2023-06-29 11:56:21,"Hi Kak, senang banget nih dapat rating bagus dari Kakak, terima kasih juga atas feedbacknya! Kenyamanan Kakak adalah prioritas Kami, jika ada pertanyaan lainnya jangan sungkan ya untuk infokan pada kami di https://www.traveloka.com/contactus . Jangan sampai ketinggalan penawaran menarik lainnya di Traveloka Lifestye Super Apps.",2023-06-29 12:12:09,
Kresna Minggu,Apk nya bagus. Hanya saat mendaftar paylater langkah trakhir yg Selvi menggunakan code selalu saja seibwaktunya habis. Padahal belum sampai 10 detik... Tolong d perbaiki.,1,3.79.0,2023-06-29 11:41:28,"Hai Kresna. Mohon maaf sekali sebelumnya, jika memiliki kendala saat melakukan pemesanan, kamu bisa hubungi customer service kami melalui pesan di aplikasi Traveloka kamu atau melalui email di cs@traveloka.com, untuk dibantu lebih lanjut ya. Terima kasih. -FR",2023-06-29 11:45:03,3.79.0
Ecris Group,Bagus sekali dan pilihan hotelnya banyak,5,,2023-06-29 11:07:34,"Halo Kak, terima kasih banyak atas ratingnya, semoga Kakak tetap nyaman dan selau setia menjadi pelanggan Traveloka. Yuk Kak pantengin terus Traveloka Lifestyle Super App karna kami selalu berikan promo-promo yg menarik loooh, jangan sampai ketinggalan ya :)",2023-06-29 11:12:07,
Adit ae,Ok,5,3.79.0,2023-06-29 11:05:14,"Hi, we are so grateful to get a lot of support from you. Hope you continue to enjoy our offers. If you have any feedback or suggestions, let us know on https://www.traveloka.com/contactus, our customer service would love to serve you in 24 hours. Thank you!",2023-06-29 11:12:10,3.79.0
Arif Chasanul,oke,5,3.79.0,2023-06-29 10:21:58,,,3.79.0
BERITA INDONESIA TV ONLINE,mantaff,5,3.79.0,2023-06-29 10:18:03,"Hi, thank you very much for the positive review! Please feel free to contact us at https://www.traveloka.com/contactus we're more than happy to assist you and Stay tuned for more exciting offers on Traveloka Lifestyle Super App.",2023-06-29 10:42:08,3.79.0
Dwi Mariyanti,mantap,4,3.79.0,2023-06-29 10:11:58,"Hi Kak, senang banget nih dapat rating bagus dari Kakak, terima kasih juga atas feedbacknya! Kenyamanan Kakak adalah prioritas Kami, jika ada pertanyaan lainnya jangan sungkan ya untuk infokan pada kami di https://www.traveloka.com/contactus . Jangan sampai ketinggalan penawaran menarik lainnya di Traveloka Lifestye Super Apps.",2023-06-29 10:42:12,3.79.0
Miraq Kurniawan,"Waktu perjalanan tiket tidak sesuai dan fasilitas yang tertulis juga tidak sesuai, pelayanan customer service sangat buruk tidak membantu sama sekali",1,,2023-06-29 08:25:43,"Hai Miraq. Mohon maaf sekali sebelumnya, jika memiliki kendala saat melakukan pemesanan, kamu bisa hubungi customer service kami melalui pesan di aplikasi Traveloka kamu atau melalui email di cs@traveloka.com, untuk dibantu lebih lanjut ya. Terima kasih. -FR
",2023-06-29 08:44:21,
susi winarti,sangat membantu,5,3.76.0,2023-06-29 08:06:56,"Halo Kak, terima kasih banyak atas ratingnya, semoga Kakak tetap nyaman dan selau setia menjadi pelanggan Traveloka. Yuk Kak pantengin terus Traveloka Lifestyle Super App karna kami selalu berikan promo-promo yg menarik loooh, jangan sampai ketinggalan ya :)",2023-06-29 08:12:06,3.76.0
Ass Gtg,ok,5,3.79.0,2023-06-29 08:02:51,"Hi, we are so grateful to get a lot of support from you. Hope you continue to enjoy our offers. If you have any feedback or suggestions, let us know on https://www.traveloka.com/contactus, our customer service would love to serve you in 24 hours. Thank you!",2023-06-29 08:12:09,3.79.0
Habiibiee _,ok,5,3.79.0,2023-06-29 07:46:04,Thank you for leaving a good comment to us. Let us know if you have any suggestion for improvement through https://www.traveloka.com/contactus . Stay around for more interesting offers from Traveloka Lifestyle Super App!,2023-06-29 08:12:12,3.79.0
Anita Turisia,"Alhamdulillah refundnya cepat, terima kasih traveloka...walau akhirnya berganti jalur...",3,,2023-06-29 07:35:55,Hai Kak Anita. Terima kasih telah menjadikan Traveloka sebagai mitra perjalanan Anda. Kami tunggu bintang 5 nya. Terima kasih. :) -FR,2023-06-29 07:43:23,
Hasan Abdullah,Fц,5,3.78.0,2023-06-29 07:24:16,,,3.78.0
rezqi ari,ok,5,3.79.0,2023-06-29 06:23:00,"Hi, thank you very much for the positive review! Please feel free to contact us at https://www.traveloka.com/contactus we're more than happy to assist you and Stay tuned for more exciting offers on Traveloka Lifestyle Super App.",2023-06-29 06:42:17,3.79.0
VincentC,ok,5,3.79.0,2023-06-29 05:34:16,"Hi, thank you very much for the positive review! Please feel free to contact us at https://www.traveloka.com/contactus we're more than happy to assist you and Stay tuned for more exciting offers on Traveloka Lifestyle Super App.",2023-06-29 05:42:08,3.79.0
Oktavianus Halawa,transaksi mudah dan cepat di proses,4,3.79.0,2023-06-29 04:21:18,"Hi Kak, senang banget nih dapat rating bagus dari Kakak, terima kasih juga atas feedbacknya! Kenyamanan Kakak adalah prioritas Kami, jika ada pertanyaan lainnya jangan sungkan ya untuk infokan pada kami di https://www.traveloka.com/contactus . Jangan sampai ketinggalan penawaran menarik lainnya di Traveloka Lifestye Super Apps.",2023-06-29 04:42:12,3.79.0
Ali Makhrus,mudah dalam bertransaksi,4,3.79.0,2023-06-29 03:42:21,"Hi Kak, senang banget nih dapat rating bagus dari Kakak, terima kasih juga atas feedbacknya! Kenyamanan Kakak adalah prioritas Kami, jika ada pertanyaan lainnya jangan sungkan ya untuk infokan pada kami di https://www.traveloka.com/contactus . Jangan sampai ketinggalan penawaran menarik lainnya di Traveloka Lifestye Super Apps.",2023-06-29 04:12:10,3.79.0
Erna Suriyati,Mantap mempermudah kita,5,3.5.0,2023-06-29 03:22:44,"Halo Kak, terima kasih banyak atas ratingnya, semoga Kakak tetap nyaman dan selau setia menjadi pelanggan Traveloka. Yuk Kak pantengin terus Traveloka Lifestyle Super App karna kami selalu berikan promo-promo yg menarik loooh, jangan sampai ketinggalan ya :)",2023-06-29 03:42:11,3.5.0
sunaryo padmodiharjo,mantap,4,3.79.0,2023-06-29 03:06:17,"Halo Kak, terima kasih banyak atas ratingnya, semoga Kakak tetap nyaman dan selau setia menjadi pelanggan Traveloka. Yuk Kak pantengin terus Traveloka Lifestyle Super App karna kami selalu berikan promo-promo yg menarik loooh, jangan sampai ketinggalan ya :)",2023-06-29 03:12:06,3.79.0
Tasek Mandih,good,5,3.79.0,2023-06-29 02:55:45,"Hi, we are so grateful to get a lot of support from you. Hope you continue to enjoy our offers. If you have any feedback or suggestions, let us know on https://www.traveloka.com/contactus, our customer service would love to serve you in 24 hours. Thank you!",2023-06-29 03:12:11,3.79.0
Arrest Buana,"begitu beli dan dibayar, diskon nya tambah banyak",1,3.79.0,2023-06-29 02:53:44,"Halo, Arrest. Dikarenakanan kamu memberikan bintang satu, jika kamu memiliki kendala silakan menghubungi kami melalui https://www.traveloka.com/id-id/contactus. Terima kasih. -SC",2023-06-29 03:19:41,3.79.0
Yakub Julianto,good,5,3.79.0,2023-06-29 02:39:14,"Hi, thank you very much for the positive review! Please feel free to contact us at https://www.traveloka.com/contactus we're more than happy to assist you and Stay tuned for more exciting offers on Traveloka Lifestyle Super App.",2023-06-29 02:42:06,3.79.0
Michael Karangan,layanan nya cepat,5,3.79.0,2023-06-29 02:17:11,"Hi Kak, senang banget nih dapat rating bagus dari Kakak, terima kasih juga atas feedbacknya! Kenyamanan Kakak adalah prioritas Kami, jika ada pertanyaan lainnya jangan sungkan ya untuk infokan pada kami di https://www.traveloka.com/contactus . Jangan sampai ketinggalan penawaran menarik lainnya di Traveloka Lifestye Super Apps.",2023-06-29 02:42:09,3.79.0
Didy Rosyadi,good,5,3.79.0,2023-06-29 02:07:18,"Hi, thank you very much for the positive review! Please feel free to contact us at https://www.traveloka.com/contactus we're more than happy to assist you and Stay tuned for more exciting offers on Traveloka Lifestyle Super App.",2023-06-29 02:12:07,3.79.0
Quinzia Shanum,good,1,3.79.0,2023-06-29 02:06:20,"Hi, Quinzia. Thank you for your suggestion. We will work hard to improve our response and service towards our customers. Have a good day! -OE",2023-06-29 02:15:25,3.79.0
thamrin tonang,mantap,5,3.79.0,2023-06-29 01:53:05,"Hi Kak, senang banget nih dapat rating bagus dari Kakak, terima kasih juga atas feedbacknya! Kenyamanan Kakak adalah prioritas Kami, jika ada pertanyaan lainnya jangan sungkan ya untuk infokan pada kami di https://www.traveloka.com/contactus . Jangan sampai ketinggalan penawaran menarik lainnya di Traveloka Lifestye Super Apps.",2023-06-29 02:12:11,3.79.0
Fitri Indah,"saya sudah mau membayar tagihan paylater saya. tapi disaat saya masuk ke menu pembayaran mala kluar lagi ke menu utama. saya coba terus menerus tapi tetap sperti itu. akhirnya saya coba reset, saya hapus travelokanya. dan donlod lagi , login lagi dengan akun yg sama, mala disuruh dftar traveloka paylater lagii. gimana ini? tagihan saya bagaimana? kok gajelas bnget gini",2,3.79.0,2023-06-29 01:41:17,"Hai, Fitri. Maaf banget ya buat kendala yang terjadi. Terkait kendala pembayaran PayLater kamu tersebut, mohon dibantu kirimkan alamat e-mail, nomor telepon dan nama lengkap akun PayLater Traveloka melalui link https://www.traveloka.com/id-id/contactus ya. Kami akan bantu kendala kamu tersebut. Terima kasih. -RF",2023-06-29 01:44:18,3.79.0
Faisal Faisal,Bagus,5,3.79.0,2023-06-29 01:25:38,"Halo Kak, terima kasih banyak atas ratingnya, semoga Kakak tetap nyaman dan selau setia menjadi pelanggan Traveloka. Yuk Kak pantengin terus Traveloka Lifestyle Super App karna kami selalu berikan promo-promo yg menarik loooh, jangan sampai ketinggalan ya :)",2023-06-29 01:42:07,3.79.0
Said Achmed,Nice,5,3.79.0,2023-06-29 00:57:08,"Hi, thank you very much for the positive review! Please feel free to contact us at https://www.traveloka.com/contactus we're more than happy to assist you and Stay tuned for more exciting offers on Traveloka Lifestyle Super App.",2023-06-29 01:12:07,3.79.0
RianJaya __,"banyak calo, keamanan tidak terjamin,",1,3.79.0,2023-06-29 00:47:42,"Hai Rian. Mohon untuk tidak bertransaksi melalui pihak-pihak yang mengatasnamakan Traveloka, pembelian produk di Traveloka hanya menggunakan/melalui Aplikasi atau Website resmi Traveloka. Jika kamu terdapat kendala/pertanyaan seputar pemesanan, bisa langsung DM ke akun resmi Traveloka, atau melalui https://www.traveloka.com/id-id/contactus. -OE",2023-06-29 01:14:20,3.79.0
Julian Bimasakti88,Baguus,5,3.79.0,2023-06-29 00:47:11,"Hai, Julian. Senang sekali mendapat bintang lima dari kamu. Terima kasih atas apresiasinya ya, semoga kamu tetap nyaman dan selalu setia menjadi pelanggan Traveloka. Yuk pantengin terus Traveloka karena kami akan selalu berikan promo-promo menarik loh, jangan sampai ketinggalan ya! -OE",2023-06-29 01:16:13,3.79.0
adib jamaludin,oke,5,3.78.0,2023-06-29 00:31:36,,,3.78.0
chaerul ramdani,Sangat2 membantu cepat dan tepat.,5,3.77.0,2023-06-28 23:20:30,"Halo Kak, terima kasih banyak atas ratingnya, semoga Kakak tetap nyaman dan selau setia menjadi pelanggan Traveloka. Yuk Kak pantengin terus Traveloka Lifestyle Super App karna kami selalu berikan promo-promo yg menarik loooh, jangan sampai ketinggalan ya :)",2023-06-28 23:42:11,3.77.0
Muhdir Muhdir,Kenapa diaplikasi saya untuk buka pesan tiket Bus selalu tidak terbuka,5,3.79.0,2023-06-28 23:14:25,"Hai, Kak Muhdir. Mohon maaf atas kendala yang kamu alami. Mimin sarankan untuk coba update aplikasi kamu ke versi terbaru ya Kak. Kamu juga bisa pesan melalui website Traveloka melalui link berikut https://www.traveloka.com/id-id/. Terima kasih. -RZ",2023-06-28 23:46:49,3.79.0
Imrad Rahab,sangat memudahkan,5,3.78.0,2023-06-28 22:48:25,"Halo Kak, terima kasih banyak atas ratingnya, semoga Kakak tetap nyaman dan selau setia menjadi pelanggan Traveloka. Yuk Kak pantengin terus Traveloka Lifestyle Super App karna kami selalu berikan promo-promo yg menarik loooh, jangan sampai ketinggalan ya :)",2023-06-28 23:12:06,3.78.0
Ilham Abdon,layanan super cepat,5,3.79.0,2023-06-28 19:44:43,"Hi Kak, senang banget nih dapat rating bagus dari Kakak, terima kasih juga atas feedbacknya! Kenyamanan Kakak adalah prioritas Kami, jika ada pertanyaan lainnya jangan sungkan ya untuk infokan pada kami di https://www.traveloka.com/contactus . Jangan sampai ketinggalan penawaran menarik lainnya di Traveloka Lifestye Super Apps.",2023-06-28 20:12:12,3.79.0
Raisya Putri,"Aplikasi jelek,msh mending aplikasi sebelah . pengembalian uang refund di transfer sangat sangat lama.padahal di keterangan sebelumnya 5 hari kerja . kenapa malah jadi berbulan bulan 😏 nyesel pakai Traveloka",1,3.79.0,2023-06-28 17:37:17,"Hi Kak Raisya, kami meminta maaf atas kendala yang kamu alami. Kamu dapat menghubungi kami melalui https://www.traveloka.com/id-id/contactus agar masalahmu bisa diselesaikan secepat mungkin. Terima kasih. -DA",2023-06-28 17:45:55,3.79.0
Riki Ariansyah,good,5,3.79.0,2023-06-28 16:20:20,"Hi, thank you very much for the positive review! Please feel free to contact us at https://www.traveloka.com/contactus we're more than happy to assist you and Stay tuned for more exciting offers on Traveloka Lifestyle Super App.",2023-06-28 16:42:07,3.79.0
Instrumen Musik,"Aplikasi penipuan ini,udah pesan tiket,udah bayar tiba tiba dibatalin penerbangan nya terus uang di kembalikan tapi potongannya gak Ngotak,yg batalin mereka tapi tapi masih aja Kena potongan,saran saya gak usah pakai aplikasi ini,2 kali saya kena tipu sama aplikasi ini, aplikasi ajg memang",1,,2023-06-28 15:41:22,"Hi Kak, kami meminta maaf atas kendala yang kamu alami. Pada dasarnya terkait perubahan jadwal merupakan otoritas penuh dari pihak maskapai Kak. Agar masalahmu bisa diselesaikan secepat mungkinKamu dapat menghubungi kami melalui https://www.traveloka.com/id-id/contactus ya Kak. Terima kasih. -DA",2023-06-28 15:45:40,
Maman abdul rahman,"Sangat membantu dalam pemesanan tiket dan booking hotel,,good job.",5,3.78.0,2023-06-28 15:30:47,"Halo Kak, terima kasih banyak atas ratingnya, semoga Kakak tetap nyaman dan selau setia menjadi pelanggan Traveloka. Yuk Kak pantengin terus Traveloka Lifestyle Super App karna kami selalu berikan promo-promo yg menarik loooh, jangan sampai ketinggalan ya :)",2023-06-28 15:42:07,3.78.0
Mulyadi,traveloka sangat membantu semoga kedepan nya sukses,5,3.79.0,2023-06-28 15:18:57,"Hi Kak, terima kasih atas feedbacknya, semoga Kakak tetap setia dengan Traveloka. Jika ada pertanyaan lain bisa langsung infokan pada kami di https://www.traveloka.com/contactus ya, Kak. Pantau terus Traveloka Lifestyle Super App untuk penawaran spesial lainnya!",2023-06-28 15:42:12,3.79.0
bern Jho,good👏,5,3.79.0,2023-06-28 15:06:41,"Hi, thank you very much for the positive review! Please feel free to contact us at https://www.traveloka.com/contactus we're more than happy to assist you and Stay tuned for more exciting offers on Traveloka Lifestyle Super App.",2023-06-28 15:12:07,3.79.0
RG Gaming,"Tiket yg sudah di pesan mlah di batalkan maskapai ini suatu tindakan yg merugikan konsumen karna uang yg di kmbalikan tidak sesuai dngan harga awal membeli tiket,jika tidak berniat membuat app lbih baik hpus saja app ini dri playstor,saya sbagai konsumen merasa sngat kecewa sngan playanannya,,skian trimakasih",1,3.79.0,2023-06-28 14:39:08,"Hai, Kak. Mohon maaf atas ketidaknyamanan yang Kamu alami. Untuk membantu kami memahami kendala kamu, mohon bantuannya untuk menginformasikan detail kendala yang dimaksud beserta nomor pesanan kamu (jika ada) melalui pesan pada aplikasi kamu atau melalui email ke cs@traveloka.com. Agar kami bantu lebih cek lebih lanjut. Terima kasih. -CA",2023-06-28 14:43:04,3.79.0
Ikhwan Al-Aulia,Mantap,5,3.79.0,2023-06-28 14:17:44,"Hi Kak, senang banget nih dapat rating bagus dari Kakak, terima kasih juga atas feedbacknya! Kenyamanan Kakak adalah prioritas Kami, jika ada pertanyaan lainnya jangan sungkan ya untuk infokan pada kami di https://www.traveloka.com/contactus . Jangan sampai ketinggalan penawaran menarik lainnya di Traveloka Lifestye Super Apps.",2023-06-28 14:42:13,3.79.0
Dona Yuliandri Adam,bagus,5,3.34.1,2023-06-28 14:06:14,"Halo Kak, terima kasih banyak atas ratingnya, semoga Kakak tetap nyaman dan selau setia menjadi pelanggan Traveloka. Yuk Kak pantengin terus Traveloka Lifestyle Super App karna kami selalu berikan promo-promo yg menarik loooh, jangan sampai ketinggalan ya :)",2023-06-28 14:12:07,3.34.1
Heru Ramadan,Good,5,,2023-06-28 13:59:32,"Hi, we are so grateful to get a lot of support from you. Hope you continue to enjoy our offers. If you have any feedback or suggestions, let us know on https://www.traveloka.com/contactus, our customer service would love to serve you in 24 hours. Thank you!",2023-06-28 14:12:10,
Sriyanto,baru buka kembali,4,3.79.0,2023-06-28 13:55:23,"Hi Kak, terima kasih atas feedbacknya, semoga Kakak tetap setia dengan Traveloka. Jika ada pertanyaan lain bisa langsung infokan pada kami di https://www.traveloka.com/contactus ya, Kak. Pantau terus Traveloka Lifestyle Super App untuk penawaran spesial lainnya!",2023-06-28 14:12:13,3.79.0
Evy Astari,Memepermudah membeli/booking tiket,5,3.76.0,2023-06-28 13:46:29,"Halo Kak, terima kasih banyak atas ratingnya, semoga Kakak tetap nyaman dan selau setia menjadi pelanggan Traveloka. Yuk Kak pantengin terus Traveloka Lifestyle Super App karna kami selalu berikan promo-promo yg menarik loooh, jangan sampai ketinggalan ya :)",2023-06-28 14:12:16,3.76.0
windy violet,"Awalnya sangat suka traveloka. Tp pas menggunakan paylater dan bayar on time level malah turun, limit tidak kembali. Gimana mau menggunakan lg. Gunanya paylater kan membantu walaupun utk jangka waktu tertentu, dan mempermudah. Tapi kalo begini sdh 7x payment...limit tidak jg kembali..pdhl sdh lebih dari yg terpakai lho yg di bayarkan. Mengecewakan lah akhirnya",1,3.79.0,2023-06-28 13:16:12,"Hai, Windy. Mohon maaf atas pengalaman yang kamu alami. Pada dasarnya penilaian PayLater akan disesuaikan dengan aktivitas akun kamu ya Kak. Agar dapat lakukan pengecekan lebih lanjut, kamu bisa infokan detail akun kamu dengan hubungi kami melalui https://www.traveloka.com/contactus. Terima kasih.-TK",2023-06-28 13:48:01,3.79.0
Sofyan Fahrizal,Terimakasih,5,3.79.0,2023-06-28 12:42:28,"Hi Kak, senang banget nih dapat rating bagus dari Kakak, terima kasih juga atas feedbacknya! Kenyamanan Kakak adalah prioritas Kami, jika ada pertanyaan lainnya jangan sungkan ya untuk infokan pada kami di https://www.traveloka.com/contactus . Jangan sampai ketinggalan penawaran menarik lainnya di Traveloka Lifestye Super Apps.",2023-06-28 13:12:09,3.79.0
Lukmansyah,"Ganti ke hp baru kok paylater ilang Daftar lagi harus telpon operator, nggak bisa otomatis",3,3.79.0,2023-06-28 12:38:24,"Hai Lukmansyah. Kami mohon maaf atas kendala yang kamu alami. Supaya bisa kami bantu cek lebih lanjut kendala kamu, mohon bantu infokan email yang terdaftar ke https://www.instagram.com/travelokapaylater/ ya. Terima kasih. -KK",2023-06-28 12:46:34,3.79.0
Angin Samudera,sungguh bagus,5,3.79.0,2023-06-28 11:58:49,,,3.79.0
My Lovely,Saya pengguna traveloka cukup lama krn kerja saya selalau memakai transportasi udara.. Tp saya sangat kecewa setiap saya mengajukan Spaylater selalu ditolak.. Sdngkan ditempat lain sangat muda utk disetujui..,1,3.79.0,2023-06-28 11:37:18,"Hai Kak, Maaf banget atas ketidaknyamanannya terkait pendaftaran PayLater kamu belum dapat tim Risk Management mimin terima Kak. Untuk dibantu pengecekan kembali, segera hubungi mimin melalui https://www.traveloka.com/contactus ya. Terima kasih. -NT",2023-06-28 11:46:03,3.79.0
Carlos Napitupulu,Good,5,3.79.0,2023-06-28 11:14:43,"Hi, thank you very much for the positive review! Please feel free to contact us at https://www.traveloka.com/contactus we're more than happy to assist you and Stay tuned for more exciting offers on Traveloka Lifestyle Super App.",2023-06-28 11:42:07,3.79.0
ety nurlaila,sangat memudahkan kami mencari penginapan yang berkualitas,5,3.79.0,2023-06-28 10:45:30,"Halo Kak, terima kasih banyak atas ratingnya, semoga Kakak tetap nyaman dan selau setia menjadi pelanggan Traveloka. Yuk Kak pantengin terus Traveloka Lifestyle Super App karna kami selalu berikan promo-promo yg menarik loooh, jangan sampai ketinggalan ya :)",2023-06-28 11:12:06,3.79.0
Oji Suherman,Menggangu atas kenyamanan ksmi Jangan kirimkan iklan trus menerus trim,2,,2023-06-28 10:10:36,"Halo Oji, mohon maaf terkait hal ini ya. Kalau yang dimaksud perihal notifikasi promo di aplikasi, kamu bisa menonaktifkan secara mandiri melalui aplikasi Traveloka pada menu ""Pengaturan"" ya Kak. Terima kasih. -OR",2023-06-28 10:17:54,
Lambang Eko Mantep Wahyuono,Kok lama terbit tiketnya yah,5,3.79.0,2023-06-28 09:46:46,"Hai Kak Eko, pada dasarnya untuk proses verifikasi pembayaran pesanan membutuhkan waktu 60 menit terhitung sejak pembayaran pesanan kamu diterima, Kakak bisa menghubungi kami melalui email di alamat email cs@traveloka.com jika sudah melebihi waktu 60 menit e-ticket kamu belum diterima ya Kak. Terima kasih. -AK",2023-06-28 10:14:02,3.79.0
Anugrah Ihsan Erlangga,Pemesanan mudah dan praktis.,5,3.79.0,2023-06-28 09:43:12,"Halo Kak, terima kasih banyak atas ratingnya, semoga Kakak tetap nyaman dan selau setia menjadi pelanggan Traveloka. Yuk Kak pantengin terus Traveloka Lifestyle Super App karna kami selalu berikan promo-promo yg menarik loooh, jangan sampai ketinggalan ya :)",2023-06-28 10:12:08,3.79.0
Puji Ari Samsuri,ok,5,3.76.0,2023-06-28 09:26:52,"Hi, thank you very much for the positive review! Please feel free to contact us at https://www.traveloka.com/contactus we're more than happy to assist you and Stay tuned for more exciting offers on Traveloka Lifestyle Super App.",2023-06-28 09:42:12,3.76.0
Iyan Saslian,ok banget,5,3.79.0,2023-06-28 09:23:40,,,3.79.0
Ivone Khairil,"Kapok pake paylater traveloka. Baru tadi pagi booking hotel bayar pake paylater sejumlah 1,5 jt, siangnya mengajukan refund karena mau pakai villa saja. refund disetujui tp saya tetap kena biaya senilai total 500ribu tetap tertagih di tagihan saya. Ga pantes aja 1,5jt di kenakan biaya 500k. Kamar nya bahkan saya belum pakai. Bayar juga baru td pagi. HARAP HATI2 UNTUK PENGGUNA YANG LAIN YA ..",1,3.79.0,2023-06-28 09:05:23,"Hai, Ivone. Kalau kamu memesan dengan PayLater dan kamu ajukan refund maka dana akan dikembalikan ke limit PayLater untuk menutupi tagihan terakhir terlebih dahulu. Tapi, perlu diketahui jika pesanan di-refund, untuk biaya pinjaman tetap dikenakan sesuai https://www.traveloka.com/id/travelokapay/cardless-credit/termsandconditions.Terima kasih. -AM",2023-06-28 09:18:00,3.79.0
Apika Imana,sangat membantu utk pemesanan hotel,5,3.79.0,2023-06-28 08:39:41,"Halo Kak, terima kasih banyak atas ratingnya, semoga Kakak tetap nyaman dan selau setia menjadi pelanggan Traveloka. Yuk Kak pantengin terus Traveloka Lifestyle Super App karna kami selalu berikan promo-promo yg menarik loooh, jangan sampai ketinggalan ya :)",2023-06-28 08:42:16,3.79.0
Anhar Ali,membantu,5,3.79.0,2023-06-28 07:42:44,"Halo Kak, terima kasih banyak atas ratingnya, semoga Kakak tetap nyaman dan selau setia menjadi pelanggan Traveloka. Yuk Kak pantengin terus Traveloka Lifestyle Super App karna kami selalu berikan promo-promo yg menarik loooh, jangan sampai ketinggalan ya :)",2023-06-28 08:12:05,3.79.0
Prie Yono Channel,nice,5,3.79.0,2023-06-28 07:26:42,"Hi, thank you very much for the positive review! Please feel free to contact us at https://www.traveloka.com/contactus we're more than happy to assist you and Stay tuned for more exciting offers on Traveloka Lifestyle Super App.",2023-06-28 07:42:07,3.79.0
Honggo Priyanjoyo,mudah,5,3.79.0,2023-06-28 07:23:44,"Hi Kak, senang banget nih dapat rating bagus dari Kakak, terima kasih juga atas feedbacknya! Kenyamanan Kakak adalah prioritas Kami, jika ada pertanyaan lainnya jangan sungkan ya untuk infokan pada kami di https://www.traveloka.com/contactus . Jangan sampai ketinggalan penawaran menarik lainnya di Traveloka Lifestye Super Apps.",2023-06-28 07:42:09,3.79.0
wirsad kurniawan,👍👍👍,4,3.79.0,2023-06-28 07:06:17,,,3.79.0
Irwandi Pasir,sangat baik. Terima kasih,5,3.79.0,2023-06-28 06:54:03,"Halo Kak, terima kasih banyak atas ratingnya, semoga Kakak tetap nyaman dan selau setia menjadi pelanggan Traveloka. Yuk Kak pantengin terus Traveloka Lifestyle Super App karna kami selalu berikan promo-promo yg menarik loooh, jangan sampai ketinggalan ya :)",2023-06-28 07:12:12,3.79.0
Bina N,proses cepat dan sampai saat ini tidak ada kendala,5,3.79.0,2023-06-28 06:27:30,"Halo Kak, terima kasih banyak atas ratingnya, semoga Kakak tetap nyaman dan selau setia menjadi pelanggan Traveloka. Yuk Kak pantengin terus Traveloka Lifestyle Super App karna kami selalu berikan promo-promo yg menarik loooh, jangan sampai ketinggalan ya :)",2023-06-28 06:42:07,3.79.0
Nur Wahyudin,good,5,3.79.0,2023-06-28 06:19:53,"Hi, we are so grateful to get a lot of support from you. Hope you continue to enjoy our offers. If you have any feedback or suggestions, let us know on https://www.traveloka.com/contactus, our customer service would love to serve you in 24 hours. Thank you!",2023-06-28 06:42:10,3.79.0
Juliani Atjhim,8 jl i7u UI Ki Julio,2,3.79.0,2023-06-28 05:00:00,"Hai, Juliani. Maaf ya sudah buat kamu kecewa. Dipastikan untuk kenyamanan pengguna Traveloka, kami akan perbaiki & tingkatkan performa Traveloka. Kalau kamu memiliki kendala, mohon hubungi kami melalui email ke cs@travelok.com atau pesan pada aplikasi Traveloka. Terima kasih. -KA",2023-06-28 05:58:19,3.79.0
Ahmad Jaeroni,sangat membantu sekali,5,3.79.0,2023-06-28 04:40:07,"Halo Kak, terima kasih banyak atas ratingnya, semoga Kakak tetap nyaman dan selau setia menjadi pelanggan Traveloka. Yuk Kak pantengin terus Traveloka Lifestyle Super App karna kami selalu berikan promo-promo yg menarik loooh, jangan sampai ketinggalan ya :)",2023-06-28 04:42:07,3.79.0
Wanto Paeiqbal,good,5,3.79.0,2023-06-28 04:07:29,"Hi, thank you very much for the positive review! Please feel free to contact us at https://www.traveloka.com/contactus we're more than happy to assist you and Stay tuned for more exciting offers on Traveloka Lifestyle Super App.",2023-06-28 04:12:09,3.79.0
Rudy Yoesi Manullang,terbaik bagiku,5,3.79.0,2023-06-28 03:53:30,"Hi Kak, terima kasih atas feedbacknya, semoga Kakak tetap setia dengan Traveloka. Jika ada pertanyaan lain bisa langsung infokan pada kami di https://www.traveloka.com/contactus ya, Kak. Pantau terus Traveloka Lifestyle Super App untuk penawaran spesial lainnya!",2023-06-28 04:12:15,3.79.0
Andi Surya,"sangat membantu dalam mencari hotel dan booking hotel, Juga ada diskon.",5,3.79.0,2023-06-28 03:30:11,"Halo Kak, terima kasih banyak atas ratingnya, semoga Kakak tetap nyaman dan selau setia menjadi pelanggan Traveloka. Yuk Kak pantengin terus Traveloka Lifestyle Super App karna kami selalu berikan promo-promo yg menarik loooh, jangan sampai ketinggalan ya :)",2023-06-27 14:12:15,3.79.0
Johan Lukas,👍,4,3.79.0,2023-06-28 03:19:38,,,3.79.0
Firman Cahyadi,Gasskeun,5,3.79.0,2023-06-28 02:48:30,"Hi Kak, senang banget nih dapat rating bagus dari Kakak, terima kasih juga atas feedbacknya! Kenyamanan Kakak adalah prioritas Kami, jika ada pertanyaan lainnya jangan sungkan ya untuk infokan pada kami di https://www.traveloka.com/contactus . Jangan sampai ketinggalan penawaran menarik lainnya di Traveloka Lifestye Super Apps.",2023-06-28 03:12:11,3.79.0
Barry Fran,good,5,3.79.0,2023-06-28 02:35:04,"Hi, thank you very much for the positive review! Please feel free to contact us at https://www.traveloka.com/contactus we're more than happy to assist you and Stay tuned for more exciting offers on Traveloka Lifestyle Super App.",2023-06-28 02:42:06,3.79.0
Anak Jb flamindo,Apk nya bagus,5,3.79.0,2023-06-28 02:23:12,"Hi Kak, terima kasih atas feedbacknya, semoga Kakak tetap setia dengan Traveloka. Jika ada pertanyaan lain bisa langsung infokan pada kami di https://www.traveloka.com/contactus ya, Kak. Pantau terus Traveloka Lifestyle Super App untuk penawaran spesial lainnya!",2023-06-28 02:42:11,3.79.0
Putra Kema,Okay,5,3.79.0,2023-06-28 02:11:51,"Hi, thank you very much for the positive review! Please feel free to contact us at https://www.traveloka.com/contactus we're more than happy to assist you and Stay tuned for more exciting offers on Traveloka Lifestyle Super App.",2023-06-28 02:12:07,3.79.0
Dendi Hermadi,👍👍👍,5,3.48.0,2023-06-28 01:47:58,,,3.48.0
trio kumara seta,ok,5,3.79.0,2023-06-28 01:29:29,"Hi, thank you very much for the positive review! Please feel free to contact us at https://www.traveloka.com/contactus we're more than happy to assist you and Stay tuned for more exciting offers on Traveloka Lifestyle Super App.",2023-06-28 01:42:07,3.79.0
mhmmd adha,Mantap pisan terima kasih traveloka,5,3.79.0,2023-06-28 01:21:06,"Hi Kak, senang banget nih dapat rating bagus dari Kakak, terima kasih juga atas feedbacknya! Kenyamanan Kakak adalah prioritas Kami, jika ada pertanyaan lainnya jangan sungkan ya untuk infokan pada kami di https://www.traveloka.com/contactus . Jangan sampai ketinggalan penawaran menarik lainnya di Traveloka Lifestye Super Apps.",2023-06-28 01:42:10,3.79.0
Inggrid Pasaribu,Good,5,3.79.0,2023-06-28 01:13:29,Thank you for leaving a good comment to us. Let us know if you have any suggestion for improvement through https://www.traveloka.com/contactus . Stay around for more interesting offers from Traveloka Lifestyle Super App!,2023-06-28 01:42:13,3.79.0
Shue Narti Zulkarnaen,"baru coba, kasih bintang 4 dulu ya",4,3.79.0,2023-06-28 01:07:41,"Halo Kak, terima kasih banyak atas ratingnya, semoga Kakak tetap nyaman dan selau setia menjadi pelanggan Traveloka. Yuk Kak pantengin terus Traveloka Lifestyle Super App karna kami selalu berikan promo-promo yg menarik loooh, jangan sampai ketinggalan ya :)",2023-06-28 01:12:06,3.79.0
ni gusti ayu putu eka mardiyani,"proses cepat ,perlu di di aksih diacount khususnya pelanggan setia trevel loka",5,,2023-06-28 01:01:46,"Hi Kak, senang banget nih dapat rating bagus dari Kakak, terima kasih juga atas feedbacknya! Kenyamanan Kakak adalah prioritas Kami, jika ada pertanyaan lainnya jangan sungkan ya untuk infokan pada kami di https://www.traveloka.com/contactus . Jangan sampai ketinggalan penawaran menarik lainnya di Traveloka Lifestye Super Apps.",2023-06-28 01:12:10,
Mukhlasin Waskita Karya,mudah dan tidak ribet,5,3.79.0,2023-06-28 00:41:00,"Halo Kak, terima kasih banyak atas ratingnya, semoga Kakak tetap nyaman dan selau setia menjadi pelanggan Traveloka. Yuk Kak pantengin terus Traveloka Lifestyle Super App karna kami selalu berikan promo-promo yg menarik loooh, jangan sampai ketinggalan ya :)",2023-06-28 00:42:07,3.79.0
SkyXrain,bagus,5,3.79.0,2023-06-27 23:38:41,"Halo Kak, terima kasih banyak atas ratingnya, semoga Kakak tetap nyaman dan selau setia menjadi pelanggan Traveloka. Yuk Kak pantengin terus Traveloka Lifestyle Super App karna kami selalu berikan promo-promo yg menarik loooh, jangan sampai ketinggalan ya :)",2023-06-27 23:42:07,3.79.0
Agus Doonny,pembelian tiket apa aja dan hotel lebih mudah. Terima kasih traveloka,5,3.79.0,2023-06-27 23:29:21,"Hi Kak, senang banget nih dapat rating bagus dari Kakak, terima kasih juga atas feedbacknya! Kenyamanan Kakak adalah prioritas Kami, jika ada pertanyaan lainnya jangan sungkan ya untuk infokan pada kami di https://www.traveloka.com/contactus . Jangan sampai ketinggalan penawaran menarik lainnya di Traveloka Lifestye Super Apps.",2023-06-27 23:42:09,3.79.0
PRINCESS • Chanel,"Baik, sangat puas",5,3.79.0,2023-06-27 23:19:42,"Hi Kak, terima kasih atas feedbacknya, semoga Kakak tetap setia dengan Traveloka. Jika ada pertanyaan lain bisa langsung infokan pada kami di https://www.traveloka.com/contactus ya, Kak. Pantau terus Traveloka Lifestyle Super App untuk penawaran spesial lainnya!",2023-06-27 23:42:12,3.79.0
Ham Black,"bisa membantu informasi perjalanan dll..,👍👍",5,3.79.0,2023-06-27 23:08:12,"Halo Kak, terima kasih banyak atas ratingnya, semoga Kakak tetap nyaman dan selau setia menjadi pelanggan Traveloka. Yuk Kak pantengin terus Traveloka Lifestyle Super App karna kami selalu berikan promo-promo yg menarik loooh, jangan sampai ketinggalan ya :)",2023-06-27 23:12:06,3.79.0
Izzul Muna,Info perjalanan bus tidak valid,2,3.79.0,2023-06-27 23:06:03,"Hai, Izzul. Mohon maaf atas ketidaknyamanannya. Kalau kamu memiliki kendala terkait pemesanan di Traveloka, mohon hubungi kami melalui tautan ini https://www.traveloka.com/id-id/contactus untuk dibantu cek lebih lanjut ya. Terima kasih 🙏 -WR",2023-06-27 23:14:40,3.79.0
Farihatul Yatimah,Sangat puas,5,3.79.0,2023-06-27 20:09:09,"Halo Kak, terima kasih banyak atas ratingnya, semoga Kakak tetap nyaman dan selau setia menjadi pelanggan Traveloka. Yuk Kak pantengin terus Traveloka Lifestyle Super App karna kami selalu berikan promo-promo yg menarik loooh, jangan sampai ketinggalan ya :)",2023-06-27 20:12:07,3.79.0
Nur Wahyudin Al Aziz,Bagus,5,3.78.0,2023-06-27 18:31:06,"Halo Kak, terima kasih banyak atas ratingnya, semoga Kakak tetap nyaman dan selau setia menjadi pelanggan Traveloka. Yuk Kak pantengin terus Traveloka Lifestyle Super App karna kami selalu berikan promo-promo yg menarik loooh, jangan sampai ketinggalan ya :)",2023-06-27 18:42:13,3.78.0
Hendra Wijaya,keren,5,3.79.0,2023-06-27 17:56:40,"Halo Kak, terima kasih banyak atas ratingnya, semoga Kakak tetap nyaman dan selau setia menjadi pelanggan Traveloka. Yuk Kak pantengin terus Traveloka Lifestyle Super App karna kami selalu berikan promo-promo yg menarik loooh, jangan sampai ketinggalan ya :)",2023-06-27 18:12:16,3.79.0
imut 5775,nice,5,3.79.0,2023-06-27 16:18:57,Thank you for leaving a good comment to us. Let us know if you have any suggestion for improvement through https://www.traveloka.com/contactus . Stay around for more interesting offers from Traveloka Lifestyle Super App!,2023-06-27 16:42:11,3.79.0
surya 2015,simple banget aplikasi ini..,5,3.51.2,2023-06-27 15:56:51,"Halo Kak, terima kasih banyak atas ratingnya, semoga Kakak tetap nyaman dan selau setia menjadi pelanggan Traveloka. Yuk Kak pantengin terus Traveloka Lifestyle Super App karna kami selalu berikan promo-promo yg menarik loooh, jangan sampai ketinggalan ya :)",2023-06-27 16:12:07,3.51.2
Wahid din,mantap,5,3.79.0,2023-06-27 15:29:25,"Halo Kak, terima kasih banyak atas ratingnya, semoga Kakak tetap nyaman dan selau setia menjadi pelanggan Traveloka. Yuk Kak pantengin terus Traveloka Lifestyle Super App karna kami selalu berikan promo-promo yg menarik loooh, jangan sampai ketinggalan ya :)",2023-06-27 15:42:07,3.79.0
rahma pramu,Bagus,5,3.7.0,2023-06-27 14:37:16,"Halo Kak, terima kasih banyak atas ratingnya, semoga Kakak tetap nyaman dan selau setia menjadi pelanggan Traveloka. Yuk Kak pantengin terus Traveloka Lifestyle Super App karna kami selalu berikan promo-promo yg menarik loooh, jangan sampai ketinggalan ya :)",2023-06-27 14:42:10,3.7.0
Dina Ambit,alhamdulilah walupun pengguna baru saya ngerasa terbantu dalam waktu ada keperluan ngedadak,5,3.78.0,2023-06-27 14:28:04,"Hi Kak, senang banget nih dapat rating bagus dari Kakak, terima kasih juga atas feedbacknya! Kenyamanan Kakak adalah prioritas Kami, jika ada pertanyaan lainnya jangan sungkan ya untuk infokan pada kami di https://www.traveloka.com/contactus . Jangan sampai ketinggalan penawaran menarik lainnya di Traveloka Lifestye Super Apps.",2023-06-27 14:42:12,3.78.0
Mita Khanza,bagus,5,3.79.0,2023-06-27 14:10:26,"Halo Kak, terima kasih banyak atas ratingnya, semoga Kakak tetap nyaman dan selau setia menjadi pelanggan Traveloka. Yuk Kak pantengin terus Traveloka Lifestyle Super App karna kami selalu berikan promo-promo yg menarik loooh, jangan sampai ketinggalan ya :)",2023-06-27 14:12:06,3.79.0
Samsir Saing,Sangat bermanfaat,5,,2023-06-27 14:08:14,"Hi Kak, senang banget nih dapat rating bagus dari Kakak, terima kasih juga atas feedbacknya! Kenyamanan Kakak adalah prioritas Kami, jika ada pertanyaan lainnya jangan sungkan ya untuk infokan pada kami di https://www.traveloka.com/contactus . Jangan sampai ketinggalan penawaran menarik lainnya di Traveloka Lifestye Super Apps.",2023-06-27 14:12:10,
Agus Dwi,verygood,5,,2023-06-27 13:49:14,"Thân chào, chúng tôi rất biết ơn khi nhận được nhiều ủng hộ từ bạn. Hy vọng bạn vẫn tiếp tục tận hưởng những ưu đãi của chúng tôi. Nếu bạn có bất kỳ phản hồi hoặc đề xuất nào, hãy chia sẽ cho chúng tôi tại https://www.traveloka.com/contactus, dịch vụ chăm sóc khách hàng của chúng tôi rất sẵn lòng phục vụ bạn trong 24 giờ. Cảm ơn bạn!",2023-06-27 14:12:18,
Hera Wati,good,5,3.79.0,2023-06-27 13:48:08,Thank you for leaving a good comment to us. Let us know if you have any suggestion for improvement through https://www.traveloka.com/contactus . Stay around for more interesting offers from Traveloka Lifestyle Super App!,2023-06-27 14:12:21,3.79.0
Lia Eliyana,memuaskan,5,3.69.0,2023-06-27 13:36:32,"Halo Kak, terima kasih banyak atas ratingnya, semoga Kakak tetap nyaman dan selau setia menjadi pelanggan Traveloka. Yuk Kak pantengin terus Traveloka Lifestyle Super App karna kami selalu berikan promo-promo yg menarik loooh, jangan sampai ketinggalan ya :)",2023-06-27 13:42:10,3.69.0
Wiwied Kezia,Terbaik sebagai teman perjalanan anda dan kelusrga,5,3.79.0,2023-06-27 13:22:16,"Hi Kak, senang banget nih dapat rating bagus dari Kakak, terima kasih juga atas feedbacknya! Kenyamanan Kakak adalah prioritas Kami, jika ada pertanyaan lainnya jangan sungkan ya untuk infokan pada kami di https://www.traveloka.com/contactus . Jangan sampai ketinggalan penawaran menarik lainnya di Traveloka Lifestye Super Apps.",2023-06-27 13:42:13,3.79.0
Susi Wijiastuti,memudahkan sekali mencari hotel,5,3.79.0,2023-06-27 13:19:48,"Hi Kak, terima kasih atas feedbacknya, semoga Kakak tetap setia dengan Traveloka. Jika ada pertanyaan lain bisa langsung infokan pada kami di https://www.traveloka.com/contactus ya, Kak. Pantau terus Traveloka Lifestyle Super App untuk penawaran spesial lainnya!",2023-06-27 13:42:16,3.79.0
Gunawan Satriyo,juoooosssss,5,3.79.0,2023-06-27 12:26:57,"Hi, thank you very much for the positive review! Please feel free to contact us at https://www.traveloka.com/contactus we're more than happy to assist you and Stay tuned for more exciting offers on Traveloka Lifestyle Super App.",2023-06-27 12:42:07,3.79.0
Limbunseng Aseng,mantap,3,3.79.0,2023-06-27 11:32:38,"Hai, Aseng. Terima kasih atas feedbacknya, semoga Kakak tetap setia dengan Traveloka. Jika ada pertanyaan lain bisa langsung infokan pada kami di https://www.traveloka.com/contactus ya, Kak. Pantau terus Traveloka Lifestyle Super App untuk penawaran spesial lainnya! -CA",2023-06-27 11:43:48,3.79.0
Abdul Gofar,okee,5,3.78.0,2023-06-27 11:15:31,"Hai Gofar. Terima kasih banyak atas ratingnya, semoga kamu tetap nyaman dan selalu setia menjadi pelanggan Traveloka. Yuk Kak pantengin terus Traveloka Lifestyle Super App karna kami selalu berikan promo-promo yang menarik. Jangan sampai ketinggalan ya. :) -NT",2023-06-27 11:43:51,3.78.0
Busyro,josss,5,3.79.0,2023-06-27 11:11:13,,,3.79.0
Rama Rusdianto,good aplication,5,3.79.0,2023-06-27 10:37:07,"Hi, thank you very much for the positive review! Please feel free to contact us at https://www.traveloka.com/contactus we're more than happy to assist you and Stay tuned for more exciting offers on Traveloka Lifestyle Super App.",2023-06-27 10:42:14,3.79.0
SUPRI YANTO,semoga traveloka dapt menyediakan Harga termurah. amin,5,3.79.0,2023-06-27 10:25:49,"Hi Kak, senang banget nih dapat rating bagus dari Kakak, terima kasih juga atas feedbacknya! Kenyamanan Kakak adalah prioritas Kami, jika ada pertanyaan lainnya jangan sungkan ya untuk infokan pada kami di https://www.traveloka.com/contactus . Jangan sampai ketinggalan penawaran menarik lainnya di Traveloka Lifestye Super Apps.",2023-06-27 10:42:17,3.79.0
Nuke Nur Andiani,"Ngajuin komplain beberapa kali, tiba2 pencarian sama pesanan saya terhapus wkwkwk. Uang ku ga kembali gais :)",1,,2023-06-27 09:48:43,"Hai Nuke. Kami mohon maaf atas kendala yang kamu alami ya. Terkait kendala kamu, mohon bantu infokan dengan detail kendalanya beserta infokan juga nomor pesanan kamu di https://www.traveloka.com/id-id/contactus ya. Terima kasih. -KK",2023-06-27 10:13:57,
M Yusuf,QRIS KERJASAMA LA SAMA ALFAMART,5,,2023-06-27 09:19:54,"Halo Kak, terima kasih banyak atas ratingnya, semoga Kakak tetap nyaman dan selau setia menjadi pelanggan Traveloka. Yuk Kak pantengin terus Traveloka Lifestyle Super App karna kami selalu berikan promo-promo yg menarik loooh, jangan sampai ketinggalan ya :)",2023-06-27 09:42:06,
Rusdi Bahawan,Sudah cukup lama pakai aplikasi ini tapi nggak pernah dapet reward apa apa,3,3.78.0,2023-06-27 08:50:46,"Hai Rusdi. Traveloka mempunyai reward poin setiap kali Kakak melakukan pemesanan dengan log in, ya. Untuk reward lainnya, Kakak bisa masuk ke reward zone untuk bermain game yang tersedia di Traveloka. Terima kasih. -KK",2023-06-27 09:16:36,3.78.0
Firman Paulus,"saya sangat puas, semoga saya selamat sampai tujuan besok",5,3.79.0,2023-06-27 08:39:38,"Halo Kak, terima kasih banyak atas ratingnya, semoga Kakak tetap nyaman dan selau setia menjadi pelanggan Traveloka. Yuk Kak pantengin terus Traveloka Lifestyle Super App karna kami selalu berikan promo-promo yg menarik loooh, jangan sampai ketinggalan ya :)",2023-06-27 08:42:06,3.79.0
Muhammad Nannu,Sangat mengbantu mudah dapat tiketnya,5,3.34.1,2023-06-27 08:15:16,"Hi Kak, senang banget nih dapat rating bagus dari Kakak, terima kasih juga atas feedbacknya! Kenyamanan Kakak adalah prioritas Kami, jika ada pertanyaan lainnya jangan sungkan ya untuk infokan pada kami di https://www.traveloka.com/contactus . Jangan sampai ketinggalan penawaran menarik lainnya di Traveloka Lifestye Super Apps.",2023-06-27 08:42:10,3.34.1
Vivian Cartney,awesome apk👍,5,3.79.0,2023-06-27 08:07:08,"Hi, thank you very much for the positive review! Please feel free to contact us at https://www.traveloka.com/contactus we're more than happy to assist you and Stay tuned for more exciting offers on Traveloka Lifestyle Super App.",2023-06-27 08:12:13,3.79.0
Sumiyoto Aja,mantap,5,3.79.0,2023-06-27 07:53:23,"Hi Kak, senang banget nih dapat rating bagus dari Kakak, terima kasih juga atas feedbacknya! Kenyamanan Kakak adalah prioritas Kami, jika ada pertanyaan lainnya jangan sungkan ya untuk infokan pada kami di https://www.traveloka.com/contactus . Jangan sampai ketinggalan penawaran menarik lainnya di Traveloka Lifestye Super Apps.",2023-06-27 08:12:15,3.79.0
Muhammad Ilham Maulana,☕🇮🇩🦁,5,,2023-06-27 06:32:51,,,
Tujuh Naga,ok,5,3.79.0,2023-06-27 06:27:59,"Hi, thank you very much for the positive review! Please feel free to contact us at https://www.traveloka.com/contactus we're more than happy to assist you and Stay tuned for more exciting offers on Traveloka Lifestyle Super App.",2023-06-27 06:42:18,3.79.0
Robbi Izzati,mnatpp,5,3.79.0,2023-06-27 06:14:39,,,3.79.0
Fathul Adzka,e tiket terbit lama,3,3.79.0,2023-06-27 06:04:59,"Hai Fathul. Maaf buat kamu tidak nyaman. Agar mimin bisa cek lebih lanjut, mohon hubungi kami melalui tautan https://www.traveloka.com/id-id/contactus. Terima kasih. -RM",2023-06-27 06:14:37,3.79.0
Sugiyanto Sugi,"mudah,cepat dan murah....👍",5,3.79.0,2023-06-27 04:38:45,"Halo Kak, terima kasih banyak atas ratingnya, semoga Kakak tetap nyaman dan selau setia menjadi pelanggan Traveloka. Yuk Kak pantengin terus Traveloka Lifestyle Super App karna kami selalu berikan promo-promo yg menarik loooh, jangan sampai ketinggalan ya :)",2023-06-27 04:42:15,3.79.0
William Natanael,"Sangat membantu dan layanan tidak mengecewaka, Traveloka selalu dihati",5,,2023-06-27 04:35:08,"Hi Kak, senang banget nih dapat rating bagus dari Kakak, terima kasih juga atas feedbacknya! Kenyamanan Kakak adalah prioritas Kami, jika ada pertanyaan lainnya jangan sungkan ya untuk infokan pada kami di https://www.traveloka.com/contactus . Jangan sampai ketinggalan penawaran menarik lainnya di Traveloka Lifestye Super Apps.",2023-06-27 04:42:18,
ega devernandi,mantab,5,3.78.0,2023-06-27 04:09:53,"Halo Kak, terima kasih banyak atas ratingnya, semoga Kakak tetap nyaman dan selau setia menjadi pelanggan Traveloka. Yuk Kak pantengin terus Traveloka Lifestyle Super App karna kami selalu berikan promo-promo yg menarik loooh, jangan sampai ketinggalan ya :)",2023-06-27 04:12:12,3.78.0
adhy macazzar,Pilih tiket paling bagus Traveloka,5,3.79.0,2023-06-27 03:54:43,"Hi Kak, senang banget nih dapat rating bagus dari Kakak, terima kasih juga atas feedbacknya! Kenyamanan Kakak adalah prioritas Kami, jika ada pertanyaan lainnya jangan sungkan ya untuk infokan pada kami di https://www.traveloka.com/contactus . Jangan sampai ketinggalan penawaran menarik lainnya di Traveloka Lifestye Super Apps.",2023-06-27 04:12:15,3.79.0
Ahmad Tauhid,"mantap ini aplikasi , bisa bayar pajak juga",5,3.79.0,2023-06-27 03:54:33,"Hi Kak, terima kasih atas feedbacknya, semoga Kakak tetap setia dengan Traveloka. Jika ada pertanyaan lain bisa langsung infokan pada kami di https://www.traveloka.com/contactus ya, Kak. Pantau terus Traveloka Lifestyle Super App untuk penawaran spesial lainnya!",2023-06-27 04:12:17,3.79.0
SAID AMRULLAH,cepat dan mudah,5,3.79.0,2023-06-27 03:15:37,"Halo Kak, terima kasih banyak atas ratingnya, semoga Kakak tetap nyaman dan selau setia menjadi pelanggan Traveloka. Yuk Kak pantengin terus Traveloka Lifestyle Super App karna kami selalu berikan promo-promo yg menarik loooh, jangan sampai ketinggalan ya :)",2023-06-27 03:42:08,3.79.0
Mardi Y,"bagus sistemnya, cepat & efektif",5,3.56.1,2023-06-27 02:55:18,"Halo Kak, terima kasih banyak atas ratingnya, semoga Kakak tetap nyaman dan selau setia menjadi pelanggan Traveloka. Yuk Kak pantengin terus Traveloka Lifestyle Super App karna kami selalu berikan promo-promo yg menarik loooh, jangan sampai ketinggalan ya :)",2023-06-27 03:12:08,3.56.1
Alfairuz Putra Fatsa,"Jd lebih mudah dan menyenangkan.. terimakasih Traveloka, membantu disaat tersulit",5,3.79.0,2023-06-27 02:00:54,"Halo Kak, terima kasih banyak atas ratingnya, semoga Kakak tetap nyaman dan selau setia menjadi pelanggan Traveloka. Yuk Kak pantengin terus Traveloka Lifestyle Super App karna kami selalu berikan promo-promo yg menarik loooh, jangan sampai ketinggalan ya :)",2023-06-27 02:12:06,3.79.0
Ati 131,"Ga bisa di batalkan pesanan,ga bisa kembali uangnyaa",1,3.79.0,2023-06-27 01:52:26,,,3.79.0
Bramasta Supanggih,Seharusnya ada fitur agar segala transaksi bisa di dilakukan dalam 1 kali pembayaran seperti fitur keranjang 😤😤😤,1,3.79.0,2023-06-27 01:51:51,"Hai, Bramasta. Terima kasih atas masukkan yang kamu berikan, hal tersebut akan menjadi bahan evaluasi Traveloka kedepannya. Apabila ada hal lain yang mau kamu tanyakan, kamu bisa klik link https://www.traveloka.com/id-id/contactus ya. Terima kasih. -RF",2023-06-27 02:16:21,3.79.0
burhanuddin s,layanan cepat,5,3.79.0,2023-06-27 01:37:27,"Halo Kak, terima kasih banyak atas ratingnya, semoga Kakak tetap nyaman dan selau setia menjadi pelanggan Traveloka. Yuk Kak pantengin terus Traveloka Lifestyle Super App karna kami selalu berikan promo-promo yg menarik loooh, jangan sampai ketinggalan ya :)",2023-06-27 01:42:06,3.79.0
Muhamad Syahudin,Good Aplikasi 👍👍👍,5,3.79.0,2023-06-27 01:13:17,"Hi Kak, terima kasih atas feedbacknya, semoga Kakak tetap setia dengan Traveloka. Jika ada pertanyaan lain bisa langsung infokan pada kami di https://www.traveloka.com/contactus ya, Kak. Pantau terus Traveloka Lifestyle Super App untuk penawaran spesial lainnya!",2023-06-27 01:42:11,3.79.0
Fitria Anggraeni,Good,5,,2023-06-27 00:54:01,"Hi, we are so grateful to get a lot of support from you. Hope you continue to enjoy our offers. If you have any feedback or suggestions, let us know on https://www.traveloka.com/contactus, our customer service would love to serve you in 24 hours. Thank you!",2023-06-27 01:12:11,
dph_lg,Terus ditingkatkan lagi kualitas pelayanan nya Limit pertama langsung besar Kenaikan limit kedua nya juga besar Semoga terus berinovasi menjadi yang lebih baik 🫰,5,,2023-06-27 00:46:01,"Hi Kak, terima kasih atas feedbacknya, semoga Kakak tetap setia dengan Traveloka. Jika ada pertanyaan lain bisa langsung infokan pada kami di https://www.traveloka.com/contactus ya, Kak. Pantau terus Traveloka Lifestyle Super App untuk penawaran spesial lainnya!",2023-06-27 01:12:14,
Iguh Jiwani,paling gokil promonya,5,3.79.0,2023-06-27 00:39:04,"Hi Kak, senang banget nih dapat rating bagus dari Kakak, terima kasih juga atas feedbacknya! Kenyamanan Kakak adalah prioritas Kami, jika ada pertanyaan lainnya jangan sungkan ya untuk infokan pada kami di https://www.traveloka.com/contactus . Jangan sampai ketinggalan penawaran menarik lainnya di Traveloka Lifestye Super Apps.",2023-06-27 00:42:09,3.79.0
Risky Alfatih,Iklan trus sempak,1,,2023-06-27 00:34:02,Halo Risky. Mohon maaf atas ketidaknyamanan kamu. Penilaian dari kamu akan menjadi bahan pertimbangan bagi kami untuk ke depannya. Terima kasih. -SC,2023-06-27 00:46:06,
Mama Ilyas,ok,5,3.77.1,2023-06-27 00:13:28,Thank you for leaving a good comment to us. Let us know if you have any suggestion for improvement through https://www.traveloka.com/contactus . Stay around for more interesting offers from Traveloka Lifestyle Super App!,2023-06-27 00:42:13,3.77.1
Ade Apandi,Baru mu coba mdh2n bnyk manfaat nya,5,3.79.0,2023-06-27 00:05:35,"Halo Kak, terima kasih banyak atas ratingnya, semoga Kakak tetap nyaman dan selau setia menjadi pelanggan Traveloka. Yuk Kak pantengin terus Traveloka Lifestyle Super App karna kami selalu berikan promo-promo yg menarik loooh, jangan sampai ketinggalan ya :)",2023-06-27 00:12:13,3.79.0
Komang Putra,"List tiket tidak update, tiket sudah habis namun di list masih ada , alhasil 2 kali gagal pembelian tiket, di semesta lain ada spider Man menumpas kejahatan, disini ada developer ini yang jadi musuh nya Spiderman",1,3.79.0,2023-06-26 23:25:30,"Hai Komang, mohon maaf atas kendala yang kamu alami Kak. Terkait kendala kamu, mohon menginformasikan nomor pesanan kamu melalui link https://www.traveloka.com/id-id/contactus untuk dapat mimin cek lebih lanjut Kak. Mimin infokan untuk ketersedian tiket mengikuti update langsung dari pihak maskapai. Terima kasih. -AH",2023-06-26 23:16:06,3.79.0
Riyadi Yadi,"koq ngga langsung dapat pemberitahuan sdh bayar, via WACmaupun email",3,3.79.0,2023-06-26 23:11:48,"Hai, Kak Riyadi. Mohon maaf atas kendala yang dialami. Mohon informasikan detail kendala kamu melalui email kami di cs@traveloka.com, pesan aplikasi atau layanan telepon di nomor 0804-1500-308 ya Kak. Terima kasih. -RZ",2023-06-26 23:18:33,3.79.0
Dirhamsyah Salam,Mendapatkan voucher apapun jauh lebih murah Bayar Ticked pesawat atau Voucer Hotel,5,3.79.0,2023-06-26 21:41:08,"Halo Kak, terima kasih banyak atas ratingnya, semoga Kakak tetap nyaman dan selau setia menjadi pelanggan Traveloka. Yuk Kak pantengin terus Traveloka Lifestyle Super App karna kami selalu berikan promo-promo yg menarik loooh, jangan sampai ketinggalan ya :)",2023-06-26 21:42:06,3.79.0
Amelia Angkola,good Will job and the best proses,5,3.79.0,2023-06-26 21:21:11,"Hi, we are so grateful to get a lot of support from you. Hope you continue to enjoy our offers. If you have any feedback or suggestions, let us know on https://www.traveloka.com/contactus, our customer service would love to serve you in 24 hours. Thank you!",2023-06-26 21:42:10,3.79.0
Barru Ki,"Penerbangan DIBATALKAN seenak hati saja oleh LION AIR ,karena harga tiket waktu saya pesan dari jauh2 hari lebih murah dengan harga tiket pada hari ""H"" . Maaf kalian (Traveloka dan Lion Air) telah kehilangan 1 pelanggan. KAPOK pakai kalian lagi",1,,2023-06-26 18:06:44,"Hai kak, maaf sudah membuat kamu tidak nyaman. Terkait kendala pendaftaran PayLater kamu, mohon menghubungi kami melalui link https://www.traveloka.com/id-id/contactus untuk pengecekan lebih lanjut. Kamu juga bisa menghubungi langsung IG PayLater Traveloka di link https://www.instagram.com/travelokapaylater/. Terima kasih. -AH",2023-03-14 09:05:20,
Johan Nikijuluw,Customer service nya mantab benar2 membantu saat kita ingin reschedule,5,3.79.0,2023-06-26 17:04:32,"Halo Kak, terima kasih banyak atas ratingnya, semoga Kakak tetap nyaman dan selau setia menjadi pelanggan Traveloka. Yuk Kak pantengin terus Traveloka Lifestyle Super App karna kami selalu berikan promo-promo yg menarik loooh, jangan sampai ketinggalan ya :)",2023-06-26 17:12:08,3.79.0
Ratih Ratih,Bagus,5,3.79.0,2023-06-26 16:05:29,"Halo Kak, terima kasih banyak atas ratingnya, semoga Kakak tetap nyaman dan selau setia menjadi pelanggan Traveloka. Yuk Kak pantengin terus Traveloka Lifestyle Super App karna kami selalu berikan promo-promo yg menarik loooh, jangan sampai ketinggalan ya :)",2023-06-26 16:12:06,3.79.0
Wisnu Aji Ofline,Pesan gampang dan mudah,5,,2023-06-26 15:35:20,"Halo Kak, terima kasih banyak atas ratingnya, semoga Kakak tetap nyaman dan selau setia menjadi pelanggan Traveloka. Yuk Kak pantengin terus Traveloka Lifestyle Super App karna kami selalu berikan promo-promo yg menarik loooh, jangan sampai ketinggalan ya :)",2023-06-26 15:42:06,
Jesica Elviana,it's my first time.. take it easy...,4,3.79.0,2023-06-26 15:10:43,"Hi, thank you very much for the positive review! Please feel free to contact us at https://www.traveloka.com/contactus we're more than happy to assist you and Stay tuned for more exciting offers on Traveloka Lifestyle Super App.",2023-06-26 15:12:06,3.79.0
Hesti Ratminingsih,"Gimn sih GK bisa di donlot akunsendiri ,ada yg bajak y",5,,2023-06-26 14:15:07,"Hai Hesti. Mohon maaf sekali sebelumnya, jika memiliki kendala saat melakukan pemesanan, kamu bisa hubungi customer service kami melalui pesan di aplikasi Traveloka kamu atau melalui email di cs@traveloka.com, untuk dibantu lebih lanjut ya. Terima kasih. -FR",2023-06-26 14:48:39,
Lotez Yamke,nice respon,4,3.78.0,2023-06-26 14:05:58,"Hi, thank you very much for the positive review! Please feel free to contact us at https://www.traveloka.com/contactus we're more than happy to assist you and Stay tuned for more exciting offers on Traveloka Lifestyle Super App.",2023-06-26 14:12:08,3.78.0
adytia lingga,aplikasi oke,5,3.79.0,2023-06-26 14:02:53,"Hi Kak, senang banget nih dapat rating bagus dari Kakak, terima kasih juga atas feedbacknya! Kenyamanan Kakak adalah prioritas Kami, jika ada pertanyaan lainnya jangan sungkan ya untuk infokan pada kami di https://www.traveloka.com/contactus . Jangan sampai ketinggalan penawaran menarik lainnya di Traveloka Lifestye Super Apps.",2023-06-26 14:12:10,3.79.0
Cep Anggi Wirapratama,Olo,5,3.79.0,2023-06-26 13:49:57,,,3.79.0
Muh. Zakir Muzakkar,luar biasa,5,3.79.0,2023-06-26 11:18:45,"Halo Kak, terima kasih banyak atas ratingnya, semoga Kakak tetap nyaman dan selau setia menjadi pelanggan Traveloka. Yuk Kak pantengin terus Traveloka Lifestyle Super App karna kami selalu berikan promo-promo yg menarik loooh, jangan sampai ketinggalan ya :)",2023-06-26 11:42:14,3.79.0
Bunga Motor,terimakasih atas kerjasamanya,5,3.79.0,2023-06-26 11:06:21,"Halo Kak, terima kasih banyak atas ratingnya, semoga Kakak tetap nyaman dan selau setia menjadi pelanggan Traveloka. Yuk Kak pantengin terus Traveloka Lifestyle Super App karna kami selalu berikan promo-promo yg menarik loooh, jangan sampai ketinggalan ya :)",2023-06-26 11:12:09,3.79.0
Rinaldi nur Rinaldi,proses mudah,3,3.79.0,2023-06-26 10:43:05,"Halo Rinaldi, makasih untuk feedback yang kamu sampaikan ya. Jika ada pertanyaan ataupun kendala, boleh infokan melalui tautan ini https://www.traveloka.com/id-id/contactus. Terima kasih. -OE",2023-06-26 11:14:43,3.79.0
Lala Jalil,good,5,3.79.0,2023-06-26 10:33:18,"Hi, thank you very much for the positive review! Please feel free to contact us at https://www.traveloka.com/contactus we're more than happy to assist you and Stay tuned for more exciting offers on Traveloka Lifestyle Super App.",2023-06-26 10:42:06,3.79.0
Jethro Gustaaf,sangat membantu,5,3.79.0,2023-06-26 09:30:51,"Hi Kak, senang banget nih dapat rating bagus dari Kakak, terima kasih juga atas feedbacknya! Kenyamanan Kakak adalah prioritas Kami, jika ada pertanyaan lainnya jangan sungkan ya untuk infokan pada kami di https://www.traveloka.com/contactus . Jangan sampai ketinggalan penawaran menarik lainnya di Traveloka Lifestye Super Apps.",2023-06-26 09:42:09,3.79.0
Yoga Hardianta Saputra,Virtual akun sudah 1 bulan eror selalu tidak bisa di gunakan. Percuma ada limit nya. 6 jutaan. Nenghubungi CS juga percuma tidak ada perbaikan. Di suruh cek berkala. Ini udah 1 bulan di cek berkala tp tidak ada penyelesaian masalah. Padahal sudah tiap hari di cek berkala.,5,3.79.0,2023-06-26 09:18:34,"Halo, Yoga. Mohon maaf atas kendala yang kamu alami, sementara belum bisa menggunakan fasilitas tersebut. Mohon sementara menggunakan metode bayar lainnya ya Kak. Terima kasih. -SC",2023-06-18 06:45:09,3.79.0
Amanah,cepat,5,3.79.0,2023-06-26 09:15:22,"Hi Kak, terima kasih atas feedbacknya, semoga Kakak tetap setia dengan Traveloka. Jika ada pertanyaan lain bisa langsung infokan pada kami di https://www.traveloka.com/contactus ya, Kak. Pantau terus Traveloka Lifestyle Super App untuk penawaran spesial lainnya!",2023-06-26 09:42:11,3.79.0
Ismail Malana,cepat & puas banget,5,3.79.0,2023-06-26 07:27:22,"Halo Kak, terima kasih banyak atas ratingnya, semoga Kakak tetap nyaman dan selau setia menjadi pelanggan Traveloka. Yuk Kak pantengin terus Traveloka Lifestyle Super App karna kami selalu berikan promo-promo yg menarik loooh, jangan sampai ketinggalan ya :)",2023-06-26 07:42:08,3.79.0
andre bai'atur rahman,Uang Lenyap Pelayanan Lambat. uang Hilang lenyap kisaran 9 jtan jwbnnya cuma nunggu pihak spesialis,1,,2023-06-26 07:22:56,"Hai, Kak Andre. Mohon maaf atas ketidaknyamanan yang kamu alami. Untuk membantu kami memahami kendala kamu, mohon bantuannya untuk infokan nomor pemesanan Traveloka kamu melalui https://www.traveloka.com/id-id/contactus ya. Terima kasih. -PA",2023-06-26 07:44:07,
Brisma 3786,Cepat dan akurat,5,3.79.0,2023-06-26 06:46:04,"Halo Kak, terima kasih banyak atas ratingnya, semoga Kakak tetap nyaman dan selau setia menjadi pelanggan Traveloka. Yuk Kak pantengin terus Traveloka Lifestyle Super App karna kami selalu berikan promo-promo yg menarik loooh, jangan sampai ketinggalan ya :)",2023-06-26 07:12:08,3.79.0
Rita Mayasari,okeyy,5,3.79.0,2023-06-26 06:40:38,,,3.79.0
Hendri Gembong,the best,5,3.79.0,2023-06-26 06:26:26,"Hi, thank you very much for the positive review! Please feel free to contact us at https://www.traveloka.com/contactus we're more than happy to assist you and Stay tuned for more exciting offers on Traveloka Lifestyle Super App.",2023-06-26 06:42:07,3.79.0
Destii Vinandaa,sangat menyenangkan ^3^,5,3.79.0,2023-06-26 05:23:24,"Hi Kak, senang banget nih dapat rating bagus dari Kakak, terima kasih juga atas feedbacknya! Kenyamanan Kakak adalah prioritas Kami, jika ada pertanyaan lainnya jangan sungkan ya untuk infokan pada kami di https://www.traveloka.com/contactus . Jangan sampai ketinggalan penawaran menarik lainnya di Traveloka Lifestye Super Apps.",2023-06-26 05:42:10,3.79.0
Uwii Altf,tidak pernah kecewa kalo pake traveloka,5,3.79.0,2023-06-26 04:11:23,"Halo Kak, terima kasih banyak atas ratingnya, semoga Kakak tetap nyaman dan selau setia menjadi pelanggan Traveloka. Yuk Kak pantengin terus Traveloka Lifestyle Super App karna kami selalu berikan promo-promo yg menarik loooh, jangan sampai ketinggalan ya :)",2023-06-26 04:12:19,3.79.0
J Artha,mantap,5,3.79.0,2023-06-26 04:07:47,"Hi Kak, senang banget nih dapat rating bagus dari Kakak, terima kasih juga atas feedbacknya! Kenyamanan Kakak adalah prioritas Kami, jika ada pertanyaan lainnya jangan sungkan ya untuk infokan pada kami di https://www.traveloka.com/contactus . Jangan sampai ketinggalan penawaran menarik lainnya di Traveloka Lifestye Super Apps.",2023-06-26 04:12:22,3.79.0
Mainan Mobil mobilan,Aplikasi yg banyak menzholimi orang😏😏,1,,2023-06-26 04:02:34,"Hai Kak, maaf banget buat kamu gak nyaman, jika kamu memiliki kendala atapun pertanyaan kamu bisa sampaikan kepada kami melalui link berikut : https://www.traveloka.com/id-id/contactus Terima kasih. -AK",2023-06-26 04:17:22,
pamungkas Suparmo,Good,5,3.79.0,2023-06-26 03:41:51,Thank you for leaving a good comment to us. Let us know if you have any suggestion for improvement through https://www.traveloka.com/contactus . Stay around for more interesting offers from Traveloka Lifestyle Super App!,2023-06-26 04:12:25,3.79.0
yuda susanto,sangat membantu sekali,5,3.79.0,2023-06-26 03:41:16,"Halo Kak, terima kasih banyak atas ratingnya, semoga Kakak tetap nyaman dan selau setia menjadi pelanggan Traveloka. Yuk Kak pantengin terus Traveloka Lifestyle Super App karna kami selalu berikan promo-promo yg menarik loooh, jangan sampai ketinggalan ya :)",2023-06-26 03:42:07,3.79.0
Ririn Susanti,puas,5,3.79.0,2023-06-26 03:33:14,,,3.79.0
Hero12345 Heroel,lancar,5,3.79.0,2023-06-26 03:33:00,"Hi Kak, senang banget nih dapat rating bagus dari Kakak, terima kasih juga atas feedbacknya! Kenyamanan Kakak adalah prioritas Kami, jika ada pertanyaan lainnya jangan sungkan ya untuk infokan pada kami di https://www.traveloka.com/contactus . Jangan sampai ketinggalan penawaran menarik lainnya di Traveloka Lifestye Super Apps.",2023-06-26 03:42:11,3.79.0
saifudin udin,baik sekali,5,3.79.0,2023-06-26 03:14:21,"Hi Kak, terima kasih atas feedbacknya, semoga Kakak tetap setia dengan Traveloka. Jika ada pertanyaan lain bisa langsung infokan pada kami di https://www.traveloka.com/contactus ya, Kak. Pantau terus Traveloka Lifestyle Super App untuk penawaran spesial lainnya!",2023-06-26 03:42:13,3.79.0
Wiliam Haris,really helpful app,5,3.79.0,2023-06-26 03:01:00,"Hi, thank you very much for the positive review! Please feel free to contact us at https://www.traveloka.com/contactus we're more than happy to assist you and Stay tuned for more exciting offers on Traveloka Lifestyle Super App.",2023-06-26 03:12:07,3.79.0
Sa Vivo,ok,5,3.79.0,2023-06-26 02:55:43,"Hi, we are so grateful to get a lot of support from you. Hope you continue to enjoy our offers. If you have any feedback or suggestions, let us know on https://www.traveloka.com/contactus, our customer service would love to serve you in 24 hours. Thank you!",2023-06-26 03:12:10,3.79.0
Hevy Sepank,mantap,4,3.53.0,2023-06-26 02:30:51,"Hi Kak, senang banget nih dapat rating bagus dari Kakak, terima kasih juga atas feedbacknya! Kenyamanan Kakak adalah prioritas Kami, jika ada pertanyaan lainnya jangan sungkan ya untuk infokan pada kami di https://www.traveloka.com/contactus . Jangan sampai ketinggalan penawaran menarik lainnya di Traveloka Lifestye Super Apps.",2023-06-26 02:42:13,3.53.0
narendra dwb,"Traveloka kebangetan baru telat 1 hari sudah di terror dc jam 7 pagi, mengganggu sekali Tidak lagi saya akan pakai ini aplikasi. Tidak masalah dengan denda, yg saya permasalahkan debt collectornya tidak sopan.",1,3.79.0,2023-06-26 02:30:15,"Halo, Kak Narendra. Sebelumnya mohon maaf atas kendala yang kamu alami. Kami sarankan agar melakukan pembayaran tagihan PayLater untuk menghindari bertambahnya biaya keterlambatan. Terima kasih. -SC",2023-06-26 02:15:36,3.79.0
Teuku Akmal,"Aplikasi ga jelas, udah di update dan di cek tiket malah ga tersedia. Makin hari, makin update makin ga jelas",1,3.79.0,2023-06-26 02:22:34,"Halo, Akmal. Perihal ketersediaan tiket mengikuti ketersediaan dari pihak maskapai. Kami sarankan agar kamu cek berkala. Terima kasih. -SC",2023-06-26 02:46:40,3.79.0
Dikiadi Saputro,mantap,5,3.79.0,2023-06-26 02:21:27,"Hi Kak, terima kasih atas feedbacknya, semoga Kakak tetap setia dengan Traveloka. Jika ada pertanyaan lain bisa langsung infokan pada kami di https://www.traveloka.com/contactus ya, Kak. Pantau terus Traveloka Lifestyle Super App untuk penawaran spesial lainnya!",2023-06-26 02:42:17,3.79.0
Ahmadi Adi,mantap / gampang,5,3.79.0,2023-06-26 02:17:43,"Halo Kak, terima kasih banyak atas ratingnya, semoga Kakak tetap nyaman dan selau setia menjadi pelanggan Traveloka. Yuk Kak pantengin terus Traveloka Lifestyle Super App karna kami selalu berikan promo-promo yg menarik loooh, jangan sampai ketinggalan ya :)",2023-06-26 02:42:20,3.79.0
darmita Sofyan,sangat puas dengan traveloka,5,3.79.0,2023-06-26 02:17:36,"Hi Kak, senang banget nih dapat rating bagus dari Kakak, terima kasih juga atas feedbacknya! Kenyamanan Kakak adalah prioritas Kami, jika ada pertanyaan lainnya jangan sungkan ya untuk infokan pada kami di https://www.traveloka.com/contactus . Jangan sampai ketinggalan penawaran menarik lainnya di Traveloka Lifestye Super Apps.",2023-06-26 02:42:23,3.79.0
Jafri Azis,bagus,5,3.79.0,2023-06-26 00:47:47,"Hi Kak, terima kasih atas feedbacknya, semoga Kakak tetap setia dengan Traveloka. Jika ada pertanyaan lain bisa langsung infokan pada kami di https://www.traveloka.com/contactus ya, Kak. Pantau terus Traveloka Lifestyle Super App untuk penawaran spesial lainnya!",2023-06-26 01:12:20,3.79.0
SYACHTA GMG,good service,5,3.79.0,2023-06-26 00:42:23,"Hi, thank you very much for the positive review! Please feel free to contact us at https://www.traveloka.com/contactus we're more than happy to assist you and Stay tuned for more exciting offers on Traveloka Lifestyle Super App.",2023-06-26 01:12:23,3.79.0
Dwi Susanti FAEZI,ok,5,3.79.0,2023-06-26 00:27:13,"Hi, thank you very much for the positive review! Please feel free to contact us at https://www.traveloka.com/contactus we're more than happy to assist you and Stay tuned for more exciting offers on Traveloka Lifestyle Super App.",2023-06-26 00:42:07,3.79.0
arif zainul,Semoga selalu memuaskan pelanggan,5,3.79.0,2023-06-26 00:10:23,"Halo Kak, terima kasih banyak atas ratingnya, semoga Kakak tetap nyaman dan selau setia menjadi pelanggan Traveloka. Yuk Kak pantengin terus Traveloka Lifestyle Super App karna kami selalu berikan promo-promo yg menarik loooh, jangan sampai ketinggalan ya :)",2023-06-26 00:12:06,3.79.0
Fahmi Husein,"Aplikasi yang bagus, apalagi kalau diperbanyak Voucher atau Kupon,😇",5,3.79.0,2023-06-25 23:25:11,"Halo Kak, terima kasih banyak atas ratingnya, semoga Kakak tetap nyaman dan selau setia menjadi pelanggan Traveloka. Yuk Kak pantengin terus Traveloka Lifestyle Super App karna kami selalu berikan promo-promo yg menarik loooh, jangan sampai ketinggalan ya :)",2023-06-25 23:42:06,3.79.0
Bagas Alkhalifi,top,5,3.79.0,2023-06-25 22:50:24,"Hi, thank you very much for the positive review! Please feel free to contact us at https://www.traveloka.com/contactus we're more than happy to assist you and Stay tuned for more exciting offers on Traveloka Lifestyle Super App.",2023-06-25 23:12:06,3.79.0
G House TV,"Percuma ada paylater kalo gak bisa di gunakan, tolong hapus aja data data saya. Percuma juga gak guna.",1,3.79.0,2023-06-25 21:56:02,"Hai Kak, maaf ya sudah membuatmu kecewa. Dipastikan untuk kenyamanan pengguna Traveloka, kami akan perbaiki & tingkatkan performa Traveloka. Terkait kendala penggunaan PayLater kamu, mohon hubungi kami melalui tautan ini https://www.traveloka.com/id-id/contactus. Terima kasih. -NT",2023-06-25 22:13:34,3.79.0
wahyu shenasutanto,josss,5,3.79.0,2023-06-25 21:51:52,,,3.79.0
bekti kusnaryo,ok,5,3.79.0,2023-06-25 18:32:01,"Hi, thank you very much for the positive review! Please feel free to contact us at https://www.traveloka.com/contactus we're more than happy to assist you and Stay tuned for more exciting offers on Traveloka Lifestyle Super App.",2023-06-25 18:42:06,3.79.0
Impianto Hidayat,"Rx,,A",2,3.79.0,2023-06-25 18:08:18,"Hai, Kak Impianto. Apabila ada pertanyaan/kendala mengenai produk Traveloka, silahkan bisa menghubungi kami melalui email di cs@traveloka.com, pesan aplikasi atau layanan call center kami di nomor 0804-1500-308. Terima kasih. -RZ",2023-06-25 18:15:05,3.79.0
Diky Prasetyo,Bagus dan mudah. Baik,5,3.79.0,2023-06-25 17:34:48,"Halo Kak, terima kasih banyak atas ratingnya, semoga Kakak tetap nyaman dan selau setia menjadi pelanggan Traveloka. Yuk Kak pantengin terus Traveloka Lifestyle Super App karna kami selalu berikan promo-promo yg menarik loooh, jangan sampai ketinggalan ya :)",2023-06-25 17:42:07,3.79.0
Sofie Andreyeef,"jelas, cepat, lugas, mudah pengoprasionalnya dan terpercaya!",5,3.79.0,2023-06-25 17:22:12,"Hi Kak, senang banget nih dapat rating bagus dari Kakak, terima kasih juga atas feedbacknya! Kenyamanan Kakak adalah prioritas Kami, jika ada pertanyaan lainnya jangan sungkan ya untuk infokan pada kami di https://www.traveloka.com/contactus . Jangan sampai ketinggalan penawaran menarik lainnya di Traveloka Lifestye Super Apps.",2023-06-25 17:42:10,3.79.0
Abbash Sharief Gathmyr Alkaff,🤘,5,3.79.0,2023-06-25 15:12:14,,,3.79.0
Said Abdulloh,mantul,5,3.79.0,2023-06-25 15:03:56,"Halo Kak, terima kasih banyak atas ratingnya, semoga Kakak tetap nyaman dan selau setia menjadi pelanggan Traveloka. Yuk Kak pantengin terus Traveloka Lifestyle Super App karna kami selalu berikan promo-promo yg menarik loooh, jangan sampai ketinggalan ya :)",2023-06-25 15:12:07,3.79.0
Muhammad Yulidar Fikry,sungguh cepar sekali prosesnya tidak ribet dan aman,5,3.79.0,2023-06-25 14:57:29,"Hi Kak, senang banget nih dapat rating bagus dari Kakak, terima kasih juga atas feedbacknya! Kenyamanan Kakak adalah prioritas Kami, jika ada pertanyaan lainnya jangan sungkan ya untuk infokan pada kami di https://www.traveloka.com/contactus . Jangan sampai ketinggalan penawaran menarik lainnya di Traveloka Lifestye Super Apps.",2023-06-25 15:12:09,3.79.0
Ribkah Kristanti,"Fast respon, mantap, dan terpercaya🙏🏻",5,3.79.0,2023-06-25 14:06:26,"Halo Kak, terima kasih banyak atas ratingnya, semoga Kakak tetap nyaman dan selau setia menjadi pelanggan Traveloka. Yuk Kak pantengin terus Traveloka Lifestyle Super App karna kami selalu berikan promo-promo yg menarik loooh, jangan sampai ketinggalan ya :)",2023-06-25 14:12:06,3.79.0
Muhammad Alfarizi,oke,5,3.79.0,2023-06-25 12:13:41,,,3.79.0
aza rine,Good,5,,2023-06-25 11:38:01,"Hi, thank you very much for the positive review! Please feel free to contact us at https://www.traveloka.com/contactus we're more than happy to assist you and Stay tuned for more exciting offers on Traveloka Lifestyle Super App.",2023-06-25 11:42:10,
Sohirin Purwa,mantap,5,3.79.0,2023-06-25 10:45:40,"Halo Kak, terima kasih banyak atas ratingnya, semoga Kakak tetap nyaman dan selau setia menjadi pelanggan Traveloka. Yuk Kak pantengin terus Traveloka Lifestyle Super App karna kami selalu berikan promo-promo yg menarik loooh, jangan sampai ketinggalan ya :)",2023-06-25 11:12:06,3.79.0
Dapur Bik Mika,ok,5,3.79.0,2023-06-25 10:23:35,"Hi, thank you very much for the positive review! Please feel free to contact us at https://www.traveloka.com/contactus we're more than happy to assist you and Stay tuned for more exciting offers on Traveloka Lifestyle Super App.",2023-06-25 10:42:06,3.79.0
Stifanes Mandias,mantap,5,3.79.0,2023-06-25 09:35:03,"Halo Kak, terima kasih banyak atas ratingnya, semoga Kakak tetap nyaman dan selau setia menjadi pelanggan Traveloka. Yuk Kak pantengin terus Traveloka Lifestyle Super App karna kami selalu berikan promo-promo yg menarik loooh, jangan sampai ketinggalan ya :)",2023-06-25 09:42:11,3.79.0
rahmanto antok,pembayaran yang mudah,5,3.79.0,2023-06-25 09:17:51,"Hi Kak, senang banget nih dapat rating bagus dari Kakak, terima kasih juga atas feedbacknya! Kenyamanan Kakak adalah prioritas Kami, jika ada pertanyaan lainnya jangan sungkan ya untuk infokan pada kami di https://www.traveloka.com/contactus . Jangan sampai ketinggalan penawaran menarik lainnya di Traveloka Lifestye Super Apps.",2023-06-25 09:42:13,3.79.0
Andik Setyawan,bagus,5,3.79.0,2023-06-25 08:31:19,"Halo Kak, terima kasih banyak atas ratingnya, semoga Kakak tetap nyaman dan selau setia menjadi pelanggan Traveloka. Yuk Kak pantengin terus Traveloka Lifestyle Super App karna kami selalu berikan promo-promo yg menarik loooh, jangan sampai ketinggalan ya :)",2023-06-25 08:42:17,3.79.0
gungd bagus,harga yang bersahabat,5,3.79.0,2023-06-25 08:29:04,"Hi Kak, terima kasih atas feedbacknya, semoga Kakak tetap setia dengan Traveloka. Jika ada pertanyaan lain bisa langsung infokan pada kami di https://www.traveloka.com/contactus ya, Kak. Pantau terus Traveloka Lifestyle Super App untuk penawaran spesial lainnya!",2023-06-25 08:42:22,3.79.0
Antur Hasim,Ok,5,,2023-06-25 08:24:03,Thank you for leaving a good comment to us. Let us know if you have any suggestion for improvement through https://www.traveloka.com/contactus . Stay around for more interesting offers from Traveloka Lifestyle Super App!,2023-06-25 08:42:29,
Erni,Sangat membantu dalam proses pembelian tiket,5,3.79.0,2023-06-25 08:13:27,"Hi Kak, senang banget nih dapat rating bagus dari Kakak, terima kasih juga atas feedbacknya! Kenyamanan Kakak adalah prioritas Kami, jika ada pertanyaan lainnya jangan sungkan ya untuk infokan pada kami di https://www.traveloka.com/contactus . Jangan sampai ketinggalan penawaran menarik lainnya di Traveloka Lifestye Super Apps.",2023-06-25 08:42:34,3.79.0
Zahra Vie,Saya kan mencoba untuk daftr payletr ko ditolak si kan saya ngisi data benar dan data saya juga msh bgs,1,3.79.0,2023-06-25 08:01:42,"Hai, Zahra. Untuk verifikasi PayLater akan dianalisa oleh tim analis PayLater kami. Jika Kakak masih membutuhkan informasi lanjutan seputar Traveloka PayLater, kami sarankan untuk menghubungi langsung IG PayLater Traveloka di link https://www.instagram.com/travelokapaylater/. Terima kasih. -VK",2023-06-25 08:16:40,3.79.0
minaros tarigan,proses cepat,5,3.79.0,2023-06-25 07:02:46,"Halo Kak, terima kasih banyak atas ratingnya, semoga Kakak tetap nyaman dan selau setia menjadi pelanggan Traveloka. Yuk Kak pantengin terus Traveloka Lifestyle Super App karna kami selalu berikan promo-promo yg menarik loooh, jangan sampai ketinggalan ya :)",2023-06-25 07:12:07,3.79.0
Roby Rio,ok,5,3.79.0,2023-06-25 06:09:15,"Hi, thank you very much for the positive review! Please feel free to contact us at https://www.traveloka.com/contactus we're more than happy to assist you and Stay tuned for more exciting offers on Traveloka Lifestyle Super App.",2023-06-25 06:12:06,3.79.0
Ratna suminar,"Knp sich saldo uangku ditraveloka gk bisa ditarik ke no rekening lgi,coba tolong donk bisa penarikan lgi,",3,,2023-06-25 05:54:10,"Hai, Ratna. Terkait penarikan saldo Uangku, kamu bisa konfirmasi langsung ke pihak melalui nomor telepon 021-50100000 atau e-mail cs@uangku.co.id, agar tim Uangku dapat meninjaunya lebih lanjut ya, Kak. Terima kasih. -VK",2023-06-25 06:16:04,
BERITA PATROLI,pelayanan bagus...pertahankan,5,3.79.0,2023-06-25 05:46:23,"Hi Kak, senang banget nih dapat rating bagus dari Kakak, terima kasih juga atas feedbacknya! Kenyamanan Kakak adalah prioritas Kami, jika ada pertanyaan lainnya jangan sungkan ya untuk infokan pada kami di https://www.traveloka.com/contactus . Jangan sampai ketinggalan penawaran menarik lainnya di Traveloka Lifestye Super Apps.",2023-06-25 06:12:11,3.79.0
Avely lely,bagus mempermudah costumer melihat detail kamar dan harga,5,3.79.0,2023-06-25 04:58:31,"Halo Kak, terima kasih banyak atas ratingnya, semoga Kakak tetap nyaman dan selau setia menjadi pelanggan Traveloka. Yuk Kak pantengin terus Traveloka Lifestyle Super App karna kami selalu berikan promo-promo yg menarik loooh, jangan sampai ketinggalan ya :)",2023-06-25 05:12:07,3.79.0
Bang Aray,"Alhamdulillah dngan adanya traveloka,kegiatan jadi lancarr",5,,2023-06-25 04:51:29,"Hi Kak, senang banget nih dapat rating bagus dari Kakak, terima kasih juga atas feedbacknya! Kenyamanan Kakak adalah prioritas Kami, jika ada pertanyaan lainnya jangan sungkan ya untuk infokan pada kami di https://www.traveloka.com/contactus . Jangan sampai ketinggalan penawaran menarik lainnya di Traveloka Lifestye Super Apps.",2023-06-25 05:12:10,
Dede Nadiar,Aman dan terpercaya,5,3.79.0,2023-06-25 04:50:03,"Hi Kak, terima kasih atas feedbacknya, semoga Kakak tetap setia dengan Traveloka. Jika ada pertanyaan lain bisa langsung infokan pada kami di https://www.traveloka.com/contactus ya, Kak. Pantau terus Traveloka Lifestyle Super App untuk penawaran spesial lainnya!",2023-06-25 05:12:13,3.79.0
Danu Prastyo,Jujur ya aplikasi ini sangat membantu dan saya pengguna paylater nya Tapi selama sebulan terakhir ini saya tidak bisa menggunakan paylater nya.. Sangat mengecewakan.. Saya tidak pernah telat dalam pembayaran paylater. Bahkan saya mendapatkan limit 30jt Tolong di perbaiki lagi dalam sistem pembayaran paylater nya. Terima kasih,3,3.79.0,2023-06-25 04:14:00,"Hai Danu. Mohon maaf atas ketidaknyamanan kamu. Terkait kendala kamu, silakan menghubungi kami melalui https://www.traveloka.com/id-id/contactus untuk pengecekan lebih lanjut. Terima kasih. -MZ",2023-06-25 04:46:02,3.79.0
Zul Hefison,good,5,3.79.0,2023-06-25 03:55:46,"Hi, thank you very much for the positive review! Please feel free to contact us at https://www.traveloka.com/contactus we're more than happy to assist you and Stay tuned for more exciting offers on Traveloka Lifestyle Super App.",2023-06-25 04:12:17,3.79.0
Netasya Ferdova,Bagus kali,5,,2023-06-25 03:37:48,"Halo Kak, terima kasih banyak atas ratingnya, semoga Kakak tetap nyaman dan selau setia menjadi pelanggan Traveloka. Yuk Kak pantengin terus Traveloka Lifestyle Super App karna kami selalu berikan promo-promo yg menarik loooh, jangan sampai ketinggalan ya :)",2023-06-25 03:42:06,
nuryadi saputra,kamar bagus & bersih,5,3.79.0,2023-06-25 03:36:03,"Hi Kak, senang banget nih dapat rating bagus dari Kakak, terima kasih juga atas feedbacknya! Kenyamanan Kakak adalah prioritas Kami, jika ada pertanyaan lainnya jangan sungkan ya untuk infokan pada kami di https://www.traveloka.com/contactus . Jangan sampai ketinggalan penawaran menarik lainnya di Traveloka Lifestye Super Apps.",2023-06-25 03:42:09,3.79.0
Aji Pangestu,mantap,5,3.79.0,2023-06-25 03:17:02,"Hi Kak, terima kasih atas feedbacknya, semoga Kakak tetap setia dengan Traveloka. Jika ada pertanyaan lain bisa langsung infokan pada kami di https://www.traveloka.com/contactus ya, Kak. Pantau terus Traveloka Lifestyle Super App untuk penawaran spesial lainnya!",2023-06-25 03:42:11,3.79.0
Belia Lesmana,mantabb banyak promo,5,3.79.0,2023-06-25 03:02:41,"Halo Kak, terima kasih banyak atas ratingnya, semoga Kakak tetap nyaman dan selau setia menjadi pelanggan Traveloka. Yuk Kak pantengin terus Traveloka Lifestyle Super App karna kami selalu berikan promo-promo yg menarik loooh, jangan sampai ketinggalan ya :)",2023-06-25 03:12:17,3.79.0
Ipul Metalferst,Reel e,5,3.79.0,2023-06-25 02:33:12,"Hi, we are so grateful to get a lot of support from you. Hope you continue to enjoy our offers. If you have any feedback or suggestions, let us know on https://www.traveloka.com/contactus, our customer service would love to serve you in 24 hours. Thank you!",2023-06-25 02:42:13,3.79.0
N N,Katanya dapat poin setiap pembelian Tapi poin aq 0 terus dr dulu Lucu ya🤣,1,3.79.0,2023-06-25 02:17:42,"Hai, Kak. Kami meminta maaf atas kendala yang kamu alami. Kamu dapat menghubungi kami melalui https://www.traveloka.com/id-id/contactus agar masalahmu bisa diselesaikan secepat mungkin.
Kami akan berikan solusi terbaik agar kamu dapat merasa puas dan layanan kami layak mendapatkan rating yang lebih baik. Terima kasih. -OE",2023-06-25 02:42:49,3.79.0
Coply Corpz,thx u traveloka,5,3.79.0,2023-06-25 02:15:17,,,3.79.0
Dudu Budianto,mudah dan praktis,5,3.79.0,2023-06-25 01:55:38,"Halo Kak, terima kasih banyak atas ratingnya, semoga Kakak tetap nyaman dan selau setia menjadi pelanggan Traveloka. Yuk Kak pantengin terus Traveloka Lifestyle Super App karna kami selalu berikan promo-promo yg menarik loooh, jangan sampai ketinggalan ya :)",2023-06-25 02:12:10,3.79.0
Sandi Manulang,"Yg bener aja, masa hrg kamar redoorz nyampe 7 juta an ? Gawat ini",1,,2023-06-25 01:12:40,"Hai, Sandi. Kami meminta maaf atas kendala yang terjadi. Kamu dapat menghubungi kami melalui https://www.traveloka.com/id-id/contactus agar kami dapat tindaklanjuti.
Kedepannya, kami akan terus meningkatkan pelayanan dan performa kami kepada para pelanggan. Terima kasih. -OE",2023-06-25 01:46:28,
Salma Wati,bagus banget,5,3.79.0,2023-06-25 01:04:28,"Halo Kak, terima kasih banyak atas ratingnya, semoga Kakak tetap nyaman dan selau setia menjadi pelanggan Traveloka. Yuk Kak pantengin terus Traveloka Lifestyle Super App karna kami selalu berikan promo-promo yg menarik loooh, jangan sampai ketinggalan ya :)",2023-06-25 01:12:07,3.79.0
Hamka Mahmud,Coba,4,3.76.0,2023-06-24 18:22:58,"Halo Kak, terima kasih banyak atas ratingnya, semoga Kakak tetap nyaman dan selau setia menjadi pelanggan Traveloka. Yuk Kak pantengin terus Traveloka Lifestyle Super App karna kami selalu berikan promo-promo yg menarik loooh, jangan sampai ketinggalan ya :)",2023-06-24 18:42:07,3.76.0
siregar Eduard,Mantap,5,,2023-06-24 17:09:13,"Halo Kak, terima kasih banyak atas ratingnya, semoga Kakak tetap nyaman dan selau setia menjadi pelanggan Traveloka. Yuk Kak pantengin terus Traveloka Lifestyle Super App karna kami selalu berikan promo-promo yg menarik loooh, jangan sampai ketinggalan ya :)",2023-06-24 17:12:06,
Yose Armando,terimakasih,5,3.79.0,2023-06-24 16:19:15,"Halo Kak, terima kasih banyak atas ratingnya, semoga Kakak tetap nyaman dan selau setia menjadi pelanggan Traveloka. Yuk Kak pantengin terus Traveloka Lifestyle Super App karna kami selalu berikan promo-promo yg menarik loooh, jangan sampai ketinggalan ya :)",2023-06-24 16:42:07,3.79.0
Budiarti atik,mantap,5,3.76.0,2023-06-24 16:12:28,"Hi Kak, senang banget nih dapat rating bagus dari Kakak, terima kasih juga atas feedbacknya! Kenyamanan Kakak adalah prioritas Kami, jika ada pertanyaan lainnya jangan sungkan ya untuk infokan pada kami di https://www.traveloka.com/contactus . Jangan sampai ketinggalan penawaran menarik lainnya di Traveloka Lifestye Super Apps.",2023-06-24 16:42:10,3.76.0
Melvinnoel Azarya,mantap,5,3.79.0,2023-06-24 13:35:37,"Halo Kak, terima kasih banyak atas ratingnya, semoga Kakak tetap nyaman dan selau setia menjadi pelanggan Traveloka. Yuk Kak pantengin terus Traveloka Lifestyle Super App karna kami selalu berikan promo-promo yg menarik loooh, jangan sampai ketinggalan ya :)",2023-06-24 13:42:07,3.79.0
edy minarto,sangat mudah dalam melakukan transaksinya serta sangat membantu dalam perjalanan yg kita rencanakan,5,3.79.0,2023-06-24 13:18:47,"Hi Kak, senang banget nih dapat rating bagus dari Kakak, terima kasih juga atas feedbacknya! Kenyamanan Kakak adalah prioritas Kami, jika ada pertanyaan lainnya jangan sungkan ya untuk infokan pada kami di https://www.traveloka.com/contactus . Jangan sampai ketinggalan penawaran menarik lainnya di Traveloka Lifestye Super Apps.",2023-06-24 13:42:09,3.79.0
eni septiyaningsih,ok,5,3.79.0,2023-06-24 12:42:59,"Hi, thank you very much for the positive review! Please feel free to contact us at https://www.traveloka.com/contactus we're more than happy to assist you and Stay tuned for more exciting offers on Traveloka Lifestyle Super App.",2023-06-24 13:12:14,3.79.0
satriawan iwan,mantap,5,3.79.0,2023-06-24 12:32:43,"Halo Kak, terima kasih banyak atas ratingnya, semoga Kakak tetap nyaman dan selau setia menjadi pelanggan Traveloka. Yuk Kak pantengin terus Traveloka Lifestyle Super App karna kami selalu berikan promo-promo yg menarik loooh, jangan sampai ketinggalan ya :)",2023-06-24 12:42:07,3.79.0
Amel Amaliyah,"liburan.... bookingnya via traveloka, mudah dan banyak pilihan",5,3.79.0,2023-06-24 12:02:28,"Halo Kak, terima kasih banyak atas ratingnya, semoga Kakak tetap nyaman dan selau setia menjadi pelanggan Traveloka. Yuk Kak pantengin terus Traveloka Lifestyle Super App karna kami selalu berikan promo-promo yg menarik loooh, jangan sampai ketinggalan ya :)",2023-06-24 12:12:06,3.79.0
Cahyoko Dreg's,fastres,5,3.79.0,2023-06-24 11:15:43,"Hi, thank you very much for the positive review! Please feel free to contact us at https://www.traveloka.com/contactus we're more than happy to assist you and Stay tuned for more exciting offers on Traveloka Lifestyle Super App.",2023-06-24 11:42:06,3.79.0
Jorge Pinto,ok,3,,2023-06-24 11:03:02,Makasih ya Kak Jorge sudah menjadi partner setia pemesanan kamu bersama Traveloka :)) -DZ,2023-06-24 11:14:35,
KAMARUDIN pam,ok,3,3.79.0,2023-06-24 09:27:57,Makasih ya Kak Kamarudin sudah setia bersama Traveloka :)) -DZ,2023-06-24 09:43:31,3.79.0
sofyan Hadi,sangat membantu,4,,2023-06-24 08:51:12,"Halo Kak, terima kasih banyak atas ratingnya, semoga Kakak tetap nyaman dan selau setia menjadi pelanggan Traveloka. Yuk Kak pantengin terus Traveloka Lifestyle Super App karna kami selalu berikan promo-promo yg menarik loooh, jangan sampai ketinggalan ya :)",2023-06-24 09:12:06,
M. Saiful Anwar,ok bgt,5,3.79.0,2023-06-24 08:10:13,"Hi, thank you very much for the positive review! Please feel free to contact us at https://www.traveloka.com/contactus we're more than happy to assist you and Stay tuned for more exciting offers on Traveloka Lifestyle Super App.",2023-06-24 08:12:06,3.79.0
triwahyudi darman,puas,5,3.68.0,2023-06-24 07:28:13,,,3.68.0
Ahmad Rivai,sangat membantu,5,3.79.0,2023-06-24 07:01:44,"Halo Kak, terima kasih banyak atas ratingnya, semoga Kakak tetap nyaman dan selau setia menjadi pelanggan Traveloka. Yuk Kak pantengin terus Traveloka Lifestyle Super App karna kami selalu berikan promo-promo yg menarik loooh, jangan sampai ketinggalan ya :)",2023-06-24 07:12:14,3.79.0
Fransisco Simamora,Pelayanan yg Buruk. Keluhan cust tidak dilayani dengan baik. Aplikasi tidak rekomen buat saya,1,3.79.0,2023-06-24 06:43:16,"Hai, Fransisco. Mohon maaf atas ketidaknyamanan yang Kamu alami. Untuk membantu kami memahami kendala kamu, mohon bantuannya untuk menginformasikan detail kendala yang dimaksud beserta nomor pesanan kamu (jika ada) melalui pesan pada aplikasi kamu atau melalui email ke cs@traveloka.com. Agar kami bantu lebih cek lebih lanjut. Terima kasih. -CA",2023-06-24 07:12:54,3.79.0
Muhamad Safei,Traveloka eats sudah tiada ya?,1,,2023-06-24 06:34:48,"Hai Kak, benar Kak per tanggal 30 Oktober 2022 sudah tidak beroperasi kembali ya Kak. Terima kasih atas antusiasme terkait pemesanan di Traveloka ya Kak. -AK",2023-06-24 06:53:34,
Chompack Channel,Oke,5,3.78.0,2023-06-24 06:14:48,,,3.78.0
Sonny Pramu F,pokoke ManTuL 👍👍👍,5,3.79.0,2023-06-24 06:12:09,"Halo Kak, terima kasih banyak atas ratingnya, semoga Kakak tetap nyaman dan selau setia menjadi pelanggan Traveloka. Yuk Kak pantengin terus Traveloka Lifestyle Super App karna kami selalu berikan promo-promo yg menarik loooh, jangan sampai ketinggalan ya :)",2023-06-24 06:42:12,3.79.0
kamsudin udin,mantep,5,3.79.0,2023-06-24 04:48:05,,,3.79.0
Awang Buana,mantap,5,3.79.0,2023-06-24 04:38:54,"Halo Kak, terima kasih banyak atas ratingnya, semoga Kakak tetap nyaman dan selau setia menjadi pelanggan Traveloka. Yuk Kak pantengin terus Traveloka Lifestyle Super App karna kami selalu berikan promo-promo yg menarik loooh, jangan sampai ketinggalan ya :)",2023-06-24 04:42:07,3.79.0
Rudy Hartono,sangat membantu,5,3.79.0,2023-06-24 04:26:31,"Hi Kak, senang banget nih dapat rating bagus dari Kakak, terima kasih juga atas feedbacknya! Kenyamanan Kakak adalah prioritas Kami, jika ada pertanyaan lainnya jangan sungkan ya untuk infokan pada kami di https://www.traveloka.com/contactus . Jangan sampai ketinggalan penawaran menarik lainnya di Traveloka Lifestye Super Apps.",2023-06-24 04:42:10,3.79.0
acong oxs,bagus banget,5,3.79.0,2023-06-24 04:25:55,"Hi Kak, terima kasih atas feedbacknya, semoga Kakak tetap setia dengan Traveloka. Jika ada pertanyaan lain bisa langsung infokan pada kami di https://www.traveloka.com/contactus ya, Kak. Pantau terus Traveloka Lifestyle Super App untuk penawaran spesial lainnya!",2023-06-24 04:42:13,3.79.0
Zulfauzi Aburaera,baik,5,3.75.0,2023-06-24 04:24:46,"Halo Kak, terima kasih banyak atas ratingnya, semoga Kakak tetap nyaman dan selau setia menjadi pelanggan Traveloka. Yuk Kak pantengin terus Traveloka Lifestyle Super App karna kami selalu berikan promo-promo yg menarik loooh, jangan sampai ketinggalan ya :)",2023-06-24 04:42:15,3.75.0
Arif Yulianto,mudah dan cepat,5,3.79.0,2023-06-24 04:23:26,"Hi Kak, senang banget nih dapat rating bagus dari Kakak, terima kasih juga atas feedbacknya! Kenyamanan Kakak adalah prioritas Kami, jika ada pertanyaan lainnya jangan sungkan ya untuk infokan pada kami di https://www.traveloka.com/contactus . Jangan sampai ketinggalan penawaran menarik lainnya di Traveloka Lifestye Super Apps.",2023-06-24 04:42:18,3.79.0
RUSDI AWAN,ok,5,3.79.0,2023-06-24 03:43:29,"Hi, thank you very much for the positive review! Please feel free to contact us at https://www.traveloka.com/contactus we're more than happy to assist you and Stay tuned for more exciting offers on Traveloka Lifestyle Super App.",2023-06-24 04:12:16,3.79.0
maria woga,traveloka sangat membantu trip kami .tks,5,3.74.0,2023-06-24 02:46:03,"Halo Kak, terima kasih banyak atas ratingnya, semoga Kakak tetap nyaman dan selau setia menjadi pelanggan Traveloka. Yuk Kak pantengin terus Traveloka Lifestyle Super App karna kami selalu berikan promo-promo yg menarik loooh, jangan sampai ketinggalan ya :)",2023-06-24 03:12:19,3.74.0
Dadang Kurniawan,nice,5,3.79.0,2023-06-24 02:29:45,"Hi, thank you very much for the positive review! Please feel free to contact us at https://www.traveloka.com/contactus we're more than happy to assist you and Stay tuned for more exciting offers on Traveloka Lifestyle Super App.",2023-06-24 02:42:13,3.79.0
Haris Pinayungan,bisalah,4,3.71.0,2023-06-24 02:12:57,"Hi Kak, senang banget nih dapat rating bagus dari Kakak, terima kasih juga atas feedbacknya! Kenyamanan Kakak adalah prioritas Kami, jika ada pertanyaan lainnya jangan sungkan ya untuk infokan pada kami di https://www.traveloka.com/contactus . Jangan sampai ketinggalan penawaran menarik lainnya di Traveloka Lifestye Super Apps.",2023-06-24 02:42:17,3.71.0
Ibnu Arie,oke,4,3.79.0,2023-06-24 02:02:56,,,3.79.0
Lihan Ulex,",ret",3,3.78.0,2023-06-24 01:53:49,"Hai Lihan, jika kamu memiliki pertanyaan ataupun kendala pada pesanan kamu, Kakak bisa informasikan kepada kami melalui email dengan alamat email cs@traveloka.com ya Kak. Makasih. -AK",2023-06-24 02:17:18,3.78.0
Al Fitriyah,"mudah digunakan, sgt membantu",5,3.78.0,2023-06-24 01:23:20,"Halo Kak, terima kasih banyak atas ratingnya, semoga Kakak tetap nyaman dan selau setia menjadi pelanggan Traveloka. Yuk Kak pantengin terus Traveloka Lifestyle Super App karna kami selalu berikan promo-promo yg menarik loooh, jangan sampai ketinggalan ya :)",2023-06-24 01:42:07,3.78.0
Shofia Rahmawati,mantap,5,3.79.0,2023-06-23 23:40:40,"Halo Kak, terima kasih banyak atas ratingnya, semoga Kakak tetap nyaman dan selau setia menjadi pelanggan Traveloka. Yuk Kak pantengin terus Traveloka Lifestyle Super App karna kami selalu berikan promo-promo yg menarik loooh, jangan sampai ketinggalan ya :)",2023-06-23 23:42:09,3.79.0
Adin Yahya,Sampah,1,,2023-06-23 23:36:17,"Hai, Kak Adin. Mohon maaf apabila ada hal yang membuat kamu kurang nyaman. Silahkan informasikan detail permasalahan yang kamu alami melalui email cs@traveloka.com, pesan aplikasi, layanan telepon di nomor 0804-1500-308 maupun social media Traveloka ya Kak. Terima kasih. -RZ",2023-06-23 23:45:36,
Tetei Keteneng,good,5,3.79.0,2023-06-23 21:48:11,"Hi, thank you very much for the positive review! Please feel free to contact us at https://www.traveloka.com/contactus we're more than happy to assist you and Stay tuned for more exciting offers on Traveloka Lifestyle Super App.",2023-06-23 22:12:10,3.79.0
Bobby Kilapong,verry Good,5,3.79.0,2023-06-23 21:18:07,"Hi, thank you very much for the positive review! Please feel free to contact us at https://www.traveloka.com/contactus we're more than happy to assist you and Stay tuned for more exciting offers on Traveloka Lifestyle Super App.",2023-06-23 21:42:08,3.79.0
ahmad afandi,Untuk saat ini bagus,4,3.79.0,2023-06-23 20:21:06,"Halo Kak, terima kasih banyak atas ratingnya, semoga Kakak tetap nyaman dan selau setia menjadi pelanggan Traveloka. Yuk Kak pantengin terus Traveloka Lifestyle Super App karna kami selalu berikan promo-promo yg menarik loooh, jangan sampai ketinggalan ya :)",2023-06-23 20:42:07,3.79.0
gero nimo,"dengan sistem pembayaran yang meminta PIN,menyebabkan kesulitan konsumen,mohon sistem lebih sederhana,sehingga transaksi menjadi lebih cepat,terima kasih.",3,3.79.0,2023-06-23 19:06:09,"Hai, Kak Gero. Mohon maaf sudah buat kamu kurang nyaman. Namun untuk PIN tersebut dimaksudkan demi keamanan dalam bertransaksi, untuk menghindari penyalahgunaan akun atau tindak penipuan ya Kak. Terima kasih. -RZ",2023-06-23 19:18:41,3.79.0
Ahmad Chasin,mantap,5,3.79.0,2023-06-23 14:57:31,"Halo Kak, terima kasih banyak atas ratingnya, semoga Kakak tetap nyaman dan selau setia menjadi pelanggan Traveloka. Yuk Kak pantengin terus Traveloka Lifestyle Super App karna kami selalu berikan promo-promo yg menarik loooh, jangan sampai ketinggalan ya :)",2023-06-23 15:12:08,3.79.0
Zulfikar Kompolnas,mana buktinya saya sudah bayar tiket kereta api Jakarta Bandung?,5,3.79.0,2023-06-23 14:31:15,"Halo Kak, terima kasih banyak atas ratingnya, semoga Kakak tetap nyaman dan selau setia menjadi pelanggan Traveloka. Yuk Kak pantengin terus Traveloka Lifestyle Super App karna kami selalu berikan promo-promo yg menarik loooh, jangan sampai ketinggalan ya :)",2023-06-23 14:42:07,3.79.0
yongky mangunroto,terpercaya,5,3.79.0,2023-06-23 14:31:01,"Hi Kak, senang banget nih dapat rating bagus dari Kakak, terima kasih juga atas feedbacknya! Kenyamanan Kakak adalah prioritas Kami, jika ada pertanyaan lainnya jangan sungkan ya untuk infokan pada kami di https://www.traveloka.com/contactus . Jangan sampai ketinggalan penawaran menarik lainnya di Traveloka Lifestye Super Apps.",2023-06-23 14:42:09,3.79.0
Indah Cahya,so easy,4,,2023-06-23 14:30:07,Thank you for leaving a good comment to us. Let us know if you have any suggestion for improvement through https://www.traveloka.com/contactus . Stay around for more interesting offers from Traveloka Lifestyle Super App!,2023-06-23 14:42:12,
Jumarno Aja,puas,5,3.72.0,2023-06-23 14:28:24,,,3.72.0
Lila Nasikhah,sangat memuaskan,5,3.79.0,2023-06-23 14:07:54,"Halo Kak, terima kasih banyak atas ratingnya, semoga Kakak tetap nyaman dan selau setia menjadi pelanggan Traveloka. Yuk Kak pantengin terus Traveloka Lifestyle Super App karna kami selalu berikan promo-promo yg menarik loooh, jangan sampai ketinggalan ya :)",2023-06-23 14:12:07,3.79.0
Pencinta Pokemon,Kenapa akun traveloka paylater punya saya tidak bisa digunakan saat pembayaran. Dengan alasan keamanan,2,3.79.0,2023-06-23 13:54:16,"Hai, Kak. Mohon maaf atas pengalaman yang kamu alami. Terkait dengan kendala yang kamu alami, kami sarankan kamu untuk mencoba kembali secara berkala. Namun kamu juga bisa infokan kembali detail kendala kamu dengan hubungi kami melalui https://www.traveloka.com/contactus. Terima kasih.-TK",2023-06-23 14:20:44,3.79.0
Hitamiyatul Husna,good,5,3.79.0,2023-06-23 13:29:49,"Hi, thank you very much for the positive review! Please feel free to contact us at https://www.traveloka.com/contactus we're more than happy to assist you and Stay tuned for more exciting offers on Traveloka Lifestyle Super App.",2023-06-23 13:42:07,3.79.0
heriyanti widyaningsih,memudahkan. Terima kasih,5,3.79.0,2023-06-23 12:45:03,"Halo Kak, terima kasih banyak atas ratingnya, semoga Kakak tetap nyaman dan selau setia menjadi pelanggan Traveloka. Yuk Kak pantengin terus Traveloka Lifestyle Super App karna kami selalu berikan promo-promo yg menarik loooh, jangan sampai ketinggalan ya :)",2023-06-03 04:12:06,3.79.0
Su Janta,Sangat bagus respon lumayan cepat untuk layanan reschedule 👍🏻👍🏻sangat membantu,5,3.78.0,2023-06-23 12:08:01,"Halo Kak, terima kasih banyak atas ratingnya, semoga Kakak tetap nyaman dan selau setia menjadi pelanggan Traveloka. Yuk Kak pantengin terus Traveloka Lifestyle Super App karna kami selalu berikan promo-promo yg menarik loooh, jangan sampai ketinggalan ya :)",2023-06-23 12:12:10,3.78.0
Iwan Setiawan,Saya mau daftar pemasaran villa yg saya kelola apa bisa disini,5,,2023-06-23 12:01:43,"Hi Kak, senang banget nih dapat rating bagus dari Kakak, terima kasih juga atas feedbacknya! Kenyamanan Kakak adalah prioritas Kami, jika ada pertanyaan lainnya jangan sungkan ya untuk infokan pada kami di https://www.traveloka.com/contactus . Jangan sampai ketinggalan penawaran menarik lainnya di Traveloka Lifestye Super Apps.",2023-06-23 12:12:12,
Daffa Malikul Mulki,Aplikasinya bagus banget👍🏻👍🏻👍🏻,5,3.79.0,2023-06-23 11:44:53,"Hi Kak, terima kasih atas feedbacknya, semoga Kakak tetap setia dengan Traveloka. Jika ada pertanyaan lain bisa langsung infokan pada kami di https://www.traveloka.com/contactus ya, Kak. Pantau terus Traveloka Lifestyle Super App untuk penawaran spesial lainnya!",2023-06-23 12:12:15,3.79.0
Billy Bee,memuaskan...banyak manfaat dan bonus bonus nya..rugi kalo gk di download👍kalo lagi kere pun ada paylater nya..mantaplah,5,3.72.0,2023-06-23 11:18:36,"Hi Kak, terima kasih atas feedbacknya, semoga Kakak tetap setia dengan Traveloka. Jika ada pertanyaan lain bisa langsung infokan pada kami di https://www.traveloka.com/contactus ya, Kak. Pantau terus Traveloka Lifestyle Super App untuk penawaran spesial lainnya!",2023-06-23 11:42:15,3.72.0
Pendra Sutrawan,Aplikasi sepanjang masa,5,3.78.0,2023-06-23 10:47:02,"Halo Kak, terima kasih banyak atas ratingnya, semoga Kakak tetap nyaman dan selau setia menjadi pelanggan Traveloka. Yuk Kak pantengin terus Traveloka Lifestyle Super App karna kami selalu berikan promo-promo yg menarik loooh, jangan sampai ketinggalan ya :)",2023-06-23 11:12:06,3.78.0
intan Mirazetty,Cs paling lelet gk respon malah ngabisin pulsa. Gk banget. Nelpon 20 menit gk diangkat2. Chat gk di respon2. Sekelas traveloka gini amat ya kok bisa bisanya kekurangan CS.,1,3.79.0,2023-06-23 10:31:11,"Hai Kak Intan, maaf banget kendalanya Kak. Untuk mimin bantu, silakan sampaikan pertanyaan kamu melalui https://www.traveloka.com/id-id/contactus. Terima kasih -DZ",2023-06-23 10:44:22,3.79.0
ADEK AGUSMAN,baik,5,3.79.0,2023-06-23 10:20:37,"Halo Kak, terima kasih banyak atas ratingnya, semoga Kakak tetap nyaman dan selau setia menjadi pelanggan Traveloka. Yuk Kak pantengin terus Traveloka Lifestyle Super App karna kami selalu berikan promo-promo yg menarik loooh, jangan sampai ketinggalan ya :)",2023-06-23 10:42:07,3.79.0
Agus Priatna,Bagus,5,3.79.0,2023-06-23 10:18:55,"Hi Kak, senang banget nih dapat rating bagus dari Kakak, terima kasih juga atas feedbacknya! Kenyamanan Kakak adalah prioritas Kami, jika ada pertanyaan lainnya jangan sungkan ya untuk infokan pada kami di https://www.traveloka.com/contactus . Jangan sampai ketinggalan penawaran menarik lainnya di Traveloka Lifestye Super Apps.",2023-06-23 10:42:09,3.79.0
bekti jaya,"Kenapa saya setiap cari bus dr Singaraja ke Semarang selalu Ndak ada ya, percuma ada payleter tp Ndak bisa di pakai...",3,3.79.0,2023-06-23 09:57:00,"Halo, Kak Bekti. Mohon maaf atas ketidaknyamanannya, untuk ketersediaan yang tertera di aplikasi Traveloka merupakan update langusng dari pihak penyedia. Kamu juga bisa hubungi kami pada link ini https://www.traveloka.com/id-id/contactus ya. Terima kasih. -PA",2023-06-23 10:14:57,3.79.0
Mardy Yanata,"mudah, cepat, lengkap",4,3.79.0,2023-06-23 09:56:34,"Hi Kak, senang banget nih dapat rating bagus dari Kakak, terima kasih juga atas feedbacknya! Kenyamanan Kakak adalah prioritas Kami, jika ada pertanyaan lainnya jangan sungkan ya untuk infokan pada kami di https://www.traveloka.com/contactus . Jangan sampai ketinggalan penawaran menarik lainnya di Traveloka Lifestye Super Apps.",2023-06-23 10:12:11,3.79.0
Daeng Alika Alika,mantaaap,5,3.79.0,2023-06-23 09:16:11,,,3.79.0
Alexander Wt,Baru x ini beli tiket pesawat lama sekali terbitnya..sampe sekarang gak nongol2..di chat cs nya muter2,1,3.79.0,2023-06-23 09:01:13,"Hai Alexander. Kami mohon maaf atas kendala yang kamu alami ya. Dapat kami infokan bahwa untuk penerbitan tiket membutuhkan waktu paling lambat 60 menit dari pembayaran. Namun jika lewat dari 60 menit belum juga terbit, silakan infokan nomor pesanan kamu di https://www.traveloka.com/id-id/contactus untuk dicek ya. Terima kasih. -KK",2023-06-23 09:19:10,3.79.0
Iran Suryana,ok banget,5,3.79.0,2023-06-23 08:57:22,,,3.79.0
Wahyu Ramadhani,Jadi lebih mudah travelin dengan traveloka.,5,3.79.0,2023-06-23 08:43:00,"Hi Kak, senang banget nih dapat rating bagus dari Kakak, terima kasih juga atas feedbacknya! Kenyamanan Kakak adalah prioritas Kami, jika ada pertanyaan lainnya jangan sungkan ya untuk infokan pada kami di https://www.traveloka.com/contactus . Jangan sampai ketinggalan penawaran menarik lainnya di Traveloka Lifestye Super Apps.",2023-06-23 09:12:24,3.79.0
Nirwana Sadili,Traveloka terpercaya playanan cepat,4,3.79.0,2023-06-23 08:29:51,"Hi Kak, senang banget nih dapat rating bagus dari Kakak, terima kasih juga atas feedbacknya! Kenyamanan Kakak adalah prioritas Kami, jika ada pertanyaan lainnya jangan sungkan ya untuk infokan pada kami di https://www.traveloka.com/contactus . Jangan sampai ketinggalan penawaran menarik lainnya di Traveloka Lifestye Super Apps.",2023-06-23 08:42:10,3.79.0
Romy Hermawan,sangat baikkk....,5,,2023-06-23 08:28:41,,,
Santi Syarfin,Nice,5,,2023-06-23 08:01:30,"Hi, we are so grateful to get a lot of support from you. Hope you continue to enjoy our offers. If you have any feedback or suggestions, let us know on https://www.traveloka.com/contactus, our customer service would love to serve you in 24 hours. Thank you!",2023-06-23 08:12:16,
Derry Hafrizal,ApLikasi nYa keren ... 👍,5,3.79.0,2023-06-23 07:58:13,"Hi Kak, terima kasih atas feedbacknya, semoga Kakak tetap setia dengan Traveloka. Jika ada pertanyaan lain bisa langsung infokan pada kami di https://www.traveloka.com/contactus ya, Kak. Pantau terus Traveloka Lifestyle Super App untuk penawaran spesial lainnya!",2023-06-23 08:12:19,3.79.0
Farhan Fatur Alamsyah,Good application,5,,2023-06-23 07:58:05,"Hi, thank you very much for the positive review! Please feel free to contact us at https://www.traveloka.com/contactus we're more than happy to assist you and Stay tuned for more exciting offers on Traveloka Lifestyle Super App.",2023-06-23 08:12:22,
eko waluyo,Tetap the best traveloka,5,,2023-06-23 07:57:15,"Hi Kak, senang banget nih dapat rating bagus dari Kakak, terima kasih juga atas feedbacknya! Kenyamanan Kakak adalah prioritas Kami, jika ada pertanyaan lainnya jangan sungkan ya untuk infokan pada kami di https://www.traveloka.com/contactus . Jangan sampai ketinggalan penawaran menarik lainnya di Traveloka Lifestye Super Apps.",2023-06-23 08:12:24,
Arwin Rohmansyah,Mantaapp👍😘,5,3.79.0,2023-06-23 07:55:33,,,3.79.0
Kekasih Fianda,RECOMMENDED,5,3.79.0,2023-06-23 07:55:17,Thank you for leaving a good comment to us. Let us know if you have any suggestion for improvement through https://www.traveloka.com/contactus . Stay around for more interesting offers from Traveloka Lifestyle Super App!,2023-06-23 08:12:27,3.79.0
yos armando,GOOD,5,,2023-06-23 07:52:15,"Hi, we are so grateful to get a lot of support from you. Hope you continue to enjoy our offers. If you have any feedback or suggestions, let us know on https://www.traveloka.com/contactus, our customer service would love to serve you in 24 hours. Thank you!",2023-06-23 08:12:32,
Azhimi Akbar,Aplikasi yg selalu saya gunakan ketika pesan tiket pesawat dan booking hotel,5,,2023-06-23 07:51:15,"Hi Kak, terima kasih atas feedbacknya, semoga Kakak tetap setia dengan Traveloka. Jika ada pertanyaan lain bisa langsung infokan pada kami di https://www.traveloka.com/contactus ya, Kak. Pantau terus Traveloka Lifestyle Super App untuk penawaran spesial lainnya!",2023-06-23 08:12:34,
mauludi ichwan,NICE VERY RECOMMENDED,5,3.76.0,2023-06-23 07:51:12,"Hi, thank you very much for the positive review! Please feel free to contact us at https://www.traveloka.com/contactus we're more than happy to assist you and Stay tuned for more exciting offers on Traveloka Lifestyle Super App.",2023-06-23 08:12:37,3.76.0
Ayah Channel,NICE & RECOMMENDED,5,,2023-06-23 07:50:24,"Hi, we are so grateful to get a lot of support from you. Hope you continue to enjoy our offers. If you have any feedback or suggestions, let us know on https://www.traveloka.com/contactus, our customer service would love to serve you in 24 hours. Thank you!",2023-06-23 08:12:39,
Supri Yanto,Good aplication,5,3.79.0,2023-06-23 07:49:43,Thank you for leaving a good comment to us. Let us know if you have any suggestion for improvement through https://www.traveloka.com/contactus . Stay around for more interesting offers from Traveloka Lifestyle Super App!,2023-06-23 08:12:42,3.79.0
Suryo Sundoro,Recomended aplikasi,5,3.79.0,2023-06-23 07:48:44,"Halo Kak, terima kasih banyak atas ratingnya, semoga Kakak tetap nyaman dan selau setia menjadi pelanggan Traveloka. Yuk Kak pantengin terus Traveloka Lifestyle Super App karna kami selalu berikan promo-promo yg menarik loooh, jangan sampai ketinggalan ya :)",2023-06-23 08:12:44,3.79.0
Sepatu Aralus,Aplikasi keren banyak promo nya,5,3.79.0,2023-06-23 07:48:43,"Hi Kak, senang banget nih dapat rating bagus dari Kakak, terima kasih juga atas feedbacknya! Kenyamanan Kakak adalah prioritas Kami, jika ada pertanyaan lainnya jangan sungkan ya untuk infokan pada kami di https://www.traveloka.com/contactus . Jangan sampai ketinggalan penawaran menarik lainnya di Traveloka Lifestye Super Apps.",2023-06-23 08:12:48,3.79.0
Elisa Putri Mega,Aplikasi paling top,5,,2023-06-23 07:48:13,"Hi Kak, terima kasih atas feedbacknya, semoga Kakak tetap setia dengan Traveloka. Jika ada pertanyaan lain bisa langsung infokan pada kami di https://www.traveloka.com/contactus ya, Kak. Pantau terus Traveloka Lifestyle Super App untuk penawaran spesial lainnya!",2023-06-23 08:12:52,
Ikbal Januar,Pesan tiket jadi mudah,5,3.5.0,2023-06-23 07:47:58,"Halo Kak, terima kasih banyak atas ratingnya, semoga Kakak tetap nyaman dan selau setia menjadi pelanggan Traveloka. Yuk Kak pantengin terus Traveloka Lifestyle Super App karna kami selalu berikan promo-promo yg menarik loooh, jangan sampai ketinggalan ya :)",2023-06-23 08:12:56,3.5.0
david matanari,Sangat membantu dalam setiap perjalana saya,5,3.79.0,2023-06-23 07:46:55,"Hi Kak, senang banget nih dapat rating bagus dari Kakak, terima kasih juga atas feedbacknya! Kenyamanan Kakak adalah prioritas Kami, jika ada pertanyaan lainnya jangan sungkan ya untuk infokan pada kami di https://www.traveloka.com/contactus . Jangan sampai ketinggalan penawaran menarik lainnya di Traveloka Lifestye Super Apps.",2023-06-23 08:12:58,3.79.0
Naomi,sangat mudah digunakan untuk memesan tiket dan juga banyak promo,5,,2023-06-23 07:45:34,"Hi Kak, terima kasih atas feedbacknya, semoga Kakak tetap setia dengan Traveloka. Jika ada pertanyaan lain bisa langsung infokan pada kami di https://www.traveloka.com/contactus ya, Kak. Pantau terus Traveloka Lifestyle Super App untuk penawaran spesial lainnya!",2023-06-23 08:13:00,
gober team,Recomended buat booking hotel dan tiket,5,,2023-06-23 07:45:23,"Halo Kak, terima kasih banyak atas ratingnya, semoga Kakak tetap nyaman dan selau setia menjadi pelanggan Traveloka. Yuk Kak pantengin terus Traveloka Lifestyle Super App karna kami selalu berikan promo-promo yg menarik loooh, jangan sampai ketinggalan ya :)",2023-06-23 08:13:03,
Fransiskus Risky,Nice RECOMMENDED,5,3.79.0,2023-06-23 07:44:26,"Hi, we are so grateful to get a lot of support from you. Hope you continue to enjoy our offers. If you have any feedback or suggestions, let us know on https://www.traveloka.com/contactus, our customer service would love to serve you in 24 hours. Thank you!",2023-06-23 08:13:05,3.79.0
Syafiq Fahdi,Nice and good application,5,3.79.0,2023-06-23 07:43:18,Thank you for leaving a good comment to us. Let us know if you have any suggestion for improvement through https://www.traveloka.com/contactus . Stay around for more interesting offers from Traveloka Lifestyle Super App!,2023-06-23 08:13:08,3.79.0
Lutfi B,Aplikasi booking hotel terbaik,5,3.79.0,2023-06-23 07:38:36,"Halo Kak, terima kasih banyak atas ratingnya, semoga Kakak tetap nyaman dan selau setia menjadi pelanggan Traveloka. Yuk Kak pantengin terus Traveloka Lifestyle Super App karna kami selalu berikan promo-promo yg menarik loooh, jangan sampai ketinggalan ya :)",2023-06-23 07:42:09,3.79.0
ALDI PITER CLAUDIUS Sirait,Very good,5,3.79.0,2023-06-23 07:36:54,"Hi, we are so grateful to get a lot of support from you. Hope you continue to enjoy our offers. If you have any feedback or suggestions, let us know on https://www.traveloka.com/contactus, our customer service would love to serve you in 24 hours. Thank you!",2023-06-23 07:42:11,3.79.0
Haeruddin Hadi,Recommended,5,3.78.0,2023-06-23 07:36:27,Thank you for leaving a good comment to us. Let us know if you have any suggestion for improvement through https://www.traveloka.com/contactus . Stay around for more interesting offers from Traveloka Lifestyle Super App!,2023-06-23 07:42:14,3.78.0
om martin,recomen bgt buat yg suka jalan2,5,,2023-06-23 07:36:20,"Halo Kak, terima kasih banyak atas ratingnya, semoga Kakak tetap nyaman dan selau setia menjadi pelanggan Traveloka. Yuk Kak pantengin terus Traveloka Lifestyle Super App karna kami selalu berikan promo-promo yg menarik loooh, jangan sampai ketinggalan ya :)",2023-06-23 07:42:16,
Khaerul Anwar,"Sangat membantu dan banyak promo nya ,NICE",5,,2023-06-23 07:36:09,"Hi Kak, senang banget nih dapat rating bagus dari Kakak, terima kasih juga atas feedbacknya! Kenyamanan Kakak adalah prioritas Kami, jika ada pertanyaan lainnya jangan sungkan ya untuk infokan pada kami di https://www.traveloka.com/contactus . Jangan sampai ketinggalan penawaran menarik lainnya di Traveloka Lifestye Super Apps.",2023-06-23 07:42:19,
Elga Septiadi,Mempermudah untuk mencari penginapan di luar kota / di dalam kota,5,3.79.0,2023-06-23 07:35:58,"Hi Kak, terima kasih atas feedbacknya, semoga Kakak tetap setia dengan Traveloka. Jika ada pertanyaan lain bisa langsung infokan pada kami di https://www.traveloka.com/contactus ya, Kak. Pantau terus Traveloka Lifestyle Super App untuk penawaran spesial lainnya!",2023-06-23 07:42:21,3.79.0
Danil Agustian,Aplikasi ini sangat membantu sekali,5,3.79.0,2023-06-23 07:35:35,"Halo Kak, terima kasih banyak atas ratingnya, semoga Kakak tetap nyaman dan selau setia menjadi pelanggan Traveloka. Yuk Kak pantengin terus Traveloka Lifestyle Super App karna kami selalu berikan promo-promo yg menarik loooh, jangan sampai ketinggalan ya :)",2023-06-23 07:42:24,3.79.0
Rukman Setiawansyah,NICE AND RECOMMENDED,5,,2023-06-23 07:35:32,"Hi, we are so grateful to get a lot of support from you. Hope you continue to enjoy our offers. If you have any feedback or suggestions, let us know on https://www.traveloka.com/contactus, our customer service would love to serve you in 24 hours. Thank you!",2023-06-23 07:42:27,
ADEN CHOERUMAN,Booking dan pesan tiket lebih mudah sungguh sangat membantu,5,,2023-06-23 07:35:14,"Hi Kak, terima kasih atas feedbacknya, semoga Kakak tetap setia dengan Traveloka. Jika ada pertanyaan lain bisa langsung infokan pada kami di https://www.traveloka.com/contactus ya, Kak. Pantau terus Traveloka Lifestyle Super App untuk penawaran spesial lainnya!",2023-06-23 07:42:29,
Erin Sabila,Langganan banget pake apk ini,5,,2023-06-23 07:35:05,"Halo Kak, terima kasih banyak atas ratingnya, semoga Kakak tetap nyaman dan selau setia menjadi pelanggan Traveloka. Yuk Kak pantengin terus Traveloka Lifestyle Super App karna kami selalu berikan promo-promo yg menarik loooh, jangan sampai ketinggalan ya :)",2023-06-23 07:42:32,
Kiswandi 16,Nice and recommend,5,3.79.0,2023-06-23 07:34:33,"Hi, we are so grateful to get a lot of support from you. Hope you continue to enjoy our offers. If you have any feedback or suggestions, let us know on https://www.traveloka.com/contactus, our customer service would love to serve you in 24 hours. Thank you!",2023-06-23 07:42:34,3.79.0
Ansory Ansory,Mantaaaaap,5,,2023-06-23 07:34:32,,,
Devi N0ovianti,Terbaik,5,,2023-06-23 07:34:19,"Hi Kak, terima kasih atas feedbacknya, semoga Kakak tetap setia dengan Traveloka. Jika ada pertanyaan lain bisa langsung infokan pada kami di https://www.traveloka.com/contactus ya, Kak. Pantau terus Traveloka Lifestyle Super App untuk penawaran spesial lainnya!",2023-06-23 07:42:38,
Dahlia Diaz,Mo kemana mana skr gampang asal buka aplikasi ini apalagi skr SDH ada paylaternya..,5,,2023-06-23 07:34:18,"Halo Kak, terima kasih banyak atas ratingnya, semoga Kakak tetap nyaman dan selau setia menjadi pelanggan Traveloka. Yuk Kak pantengin terus Traveloka Lifestyle Super App karna kami selalu berikan promo-promo yg menarik loooh, jangan sampai ketinggalan ya :)",2023-06-23 07:42:41,
epunk 89,Mempermudah untuk traveling...♡♡♡,5,3.79.0,2023-06-23 07:34:15,"Hi Kak, senang banget nih dapat rating bagus dari Kakak, terima kasih juga atas feedbacknya! Kenyamanan Kakak adalah prioritas Kami, jika ada pertanyaan lainnya jangan sungkan ya untuk infokan pada kami di https://www.traveloka.com/contactus . Jangan sampai ketinggalan penawaran menarik lainnya di Traveloka Lifestye Super Apps.",2023-06-23 07:42:43,3.79.0
Syhallomitha Christien Xie,Traveling tidak lengkap tanpa Traveloka,5,,2023-06-23 07:34:02,"Hai, Syhallomitha. Terima kasih atas penilaian dan feedback dari kamu, kami akan terus meningkatkan kepuasan para pengguna. Jika ada pertanyaan lainnya jangan sungkan ya untuk infokan pada kami di https://www.traveloka.com/contactus. Jangan sampai ketinggalan juga penawaran menarik lainnya di Traveloka Lifestye Super Apps. Terima kasih. -KK",2023-06-23 07:47:06,
Anak Antu,Recomended,5,,2023-06-23 07:33:54,Thank you for leaving a good comment to us. Let us know if you have any suggestion for improvement through https://www.traveloka.com/contactus . Stay around for more interesting offers from Traveloka Lifestyle Super App!,2023-06-23 07:42:47,
Reder Revy,Mempermudahkan saya dalam pencarian hottel,5,,2023-06-23 07:33:37,"Halo Kak, terima kasih banyak atas ratingnya, semoga Kakak tetap nyaman dan selau setia menjadi pelanggan Traveloka. Yuk Kak pantengin terus Traveloka Lifestyle Super App karna kami selalu berikan promo-promo yg menarik loooh, jangan sampai ketinggalan ya :)",2023-06-23 07:42:49,
Bayu LumbanGaol,Memudahkan perjalanan saya,5,,2023-06-23 07:33:36,,,
Aditya Rachman,Nice,5,,2023-06-23 07:33:35,,,
diko putra,Aplikasi terbaik dan sangat membantu kita ketika traveling ke mana pun good pokonya,5,,2023-06-23 07:33:21,,,
abdi 1993,Traveloka menjadi referensi dan aplikasi utama saya dalam merencanakan perjalanan dengan pesawat terbang dan akomodasi. Sangat banyak pilihan dengan harga dan promo yang sangat murah.,5,,2023-06-23 07:33:14,,,
Samsudin samsudin,Aplikasi terbaik untuk traveling.,5,3.71.0,2023-06-23 07:32:29,,,3.71.0
Fajar Imani,Aplikasi travel paling bagus,5,3.74.1,2023-06-23 07:32:16,,,3.74.1
Andi Chairul Ridha,Beli tiket jadi lebih mudah,5,3.79.0,2023-06-23 07:31:47,,,3.79.0
Hans,Aplikasi yg tidak bertanggung jawab!!! Jual ticket masuk hk ocean park issue mau 4 jam tidak bs refund dijual jam 2 siang Watanabe tutup jam 7 cs tidak Profesional. Seolah2 seperti scam !!! JGN PERNAH PAKE APPS INI SANGAT2 MENGECEWAKAN,1,,2023-06-23 07:29:08,,,
toni naufal,sangat membantu,5,3.79.0,2023-06-23 06:42:52,"Halo Kak, terima kasih banyak atas ratingnya, semoga Kakak tetap nyaman dan selau setia menjadi pelanggan Traveloka. Yuk Kak pantengin terus Traveloka Lifestyle Super App karna kami selalu berikan promo-promo yg menarik loooh, jangan sampai ketinggalan ya :)",2023-06-23 07:12:11,3.79.0
Rustam Simamora,Bagus,5,3.79.0,2023-06-23 06:23:48,"Halo Kak, terima kasih banyak atas ratingnya, semoga Kakak tetap nyaman dan selau setia menjadi pelanggan Traveloka. Yuk Kak pantengin terus Traveloka Lifestyle Super App karna kami selalu berikan promo-promo yg menarik loooh, jangan sampai ketinggalan ya :)",2023-06-23 06:42:07,3.79.0
Bambang Tri,mantap,5,3.79.0,2023-06-23 06:06:16,"Halo Kak, terima kasih banyak atas ratingnya, semoga Kakak tetap nyaman dan selau setia menjadi pelanggan Traveloka. Yuk Kak pantengin terus Traveloka Lifestyle Super App karna kami selalu berikan promo-promo yg menarik loooh, jangan sampai ketinggalan ya :)",2023-06-23 06:12:18,3.79.0
Robby Faizal Ilham,keren,5,3.79.0,2023-06-23 06:02:05,"Hi Kak, senang banget nih dapat rating bagus dari Kakak, terima kasih juga atas feedbacknya! Kenyamanan Kakak adalah prioritas Kami, jika ada pertanyaan lainnya jangan sungkan ya untuk infokan pada kami di https://www.traveloka.com/contactus . Jangan sampai ketinggalan penawaran menarik lainnya di Traveloka Lifestye Super Apps.",2023-06-23 06:12:21,3.79.0
Rifqo Muhammad Putra,Dikelola dengan tidak profesional.,1,3.78.0,2023-06-23 05:45:04,"Hai, Rifqo. Mohon maaf sudah membuatmu tidak nyaman. Dipastikan untuk kenyamanan pengguna Traveloka, kami akan perbaiki dan tingkatkan performa Traveloka. Untuk membantu memahami kendala kamu, mohon hubungi kami melalui tautan ini https://www.traveloka.com/contactus. Terima kasih. -SM",2023-06-23 06:14:58,3.78.0
Bae Elang,bagus,5,3.78.0,2023-06-23 05:39:48,"Halo Kak, terima kasih banyak atas ratingnya, semoga Kakak tetap nyaman dan selau setia menjadi pelanggan Traveloka. Yuk Kak pantengin terus Traveloka Lifestyle Super App karna kami selalu berikan promo-promo yg menarik loooh, jangan sampai ketinggalan ya :)",2023-06-23 05:42:06,3.78.0
Ena lovers1007,memmbantuu sekalii,5,3.79.0,2023-06-23 05:12:21,"Hi Kak, terima kasih atas feedbacknya, semoga Kakak tetap setia dengan Traveloka. Jika ada pertanyaan lain bisa langsung infokan pada kami di https://www.traveloka.com/contactus ya, Kak. Pantau terus Traveloka Lifestyle Super App untuk penawaran spesial lainnya!",2023-06-23 05:42:12,3.79.0
borjav bima,ok,5,3.76.0,2023-06-23 05:11:57,"Hi, thank you very much for the positive review! Please feel free to contact us at https://www.traveloka.com/contactus we're more than happy to assist you and Stay tuned for more exciting offers on Traveloka Lifestyle Super App.",2023-06-23 05:42:14,3.76.0
Alexander Silaban,mantab,5,3.79.0,2023-06-23 05:05:09,"Hi Kak, senang banget nih dapat rating bagus dari Kakak, terima kasih juga atas feedbacknya! Kenyamanan Kakak adalah prioritas Kami, jika ada pertanyaan lainnya jangan sungkan ya untuk infokan pada kami di https://www.traveloka.com/contactus . Jangan sampai ketinggalan penawaran menarik lainnya di Traveloka Lifestye Super Apps.",2023-06-23 05:12:12,3.79.0
Asral Lansani,proses cepat,4,3.45.0,2023-06-23 04:19:48,"Halo Kak, terima kasih banyak atas ratingnya, semoga Kakak tetap nyaman dan selau setia menjadi pelanggan Traveloka. Yuk Kak pantengin terus Traveloka Lifestyle Super App karna kami selalu berikan promo-promo yg menarik loooh, jangan sampai ketinggalan ya :)",2023-06-23 04:42:20,3.45.0
Linda Rachmi Kurnia,😁,5,3.79.0,2023-06-23 03:28:57,,,3.79.0
Paimin Pasaribu,Keren,5,3.79.0,2023-06-23 02:33:30,"Halo Kak, terima kasih banyak atas ratingnya, semoga Kakak tetap nyaman dan selau setia menjadi pelanggan Traveloka. Yuk Kak pantengin terus Traveloka Lifestyle Super App karna kami selalu berikan promo-promo yg menarik loooh, jangan sampai ketinggalan ya :)",2023-06-23 02:42:12,3.79.0
tawa bebas,Cukup bagus,4,3.79.0,2023-06-23 02:19:36,"Hi Kak, senang banget nih dapat rating bagus dari Kakak, terima kasih juga atas feedbacknya! Kenyamanan Kakak adalah prioritas Kami, jika ada pertanyaan lainnya jangan sungkan ya untuk infokan pada kami di https://www.traveloka.com/contactus . Jangan sampai ketinggalan penawaran menarik lainnya di Traveloka Lifestye Super Apps.",2023-06-23 02:42:15,3.79.0
Noegraha Sandini,Bagus pelayanan,5,,2023-06-23 02:13:33,"Hi Kak, terima kasih atas feedbacknya, semoga Kakak tetap setia dengan Traveloka. Jika ada pertanyaan lain bisa langsung infokan pada kami di https://www.traveloka.com/contactus ya, Kak. Pantau terus Traveloka Lifestyle Super App untuk penawaran spesial lainnya!",2023-06-23 02:42:17,
Sumatra wati,baik,5,3.79.0,2023-06-23 01:45:18,"Hi Kak, terima kasih atas feedbacknya, semoga Kakak tetap setia dengan Traveloka. Jika ada pertanyaan lain bisa langsung infokan pada kami di https://www.traveloka.com/contactus ya, Kak. Pantau terus Traveloka Lifestyle Super App untuk penawaran spesial lainnya!",2023-06-23 02:12:24,3.79.0
choirul chanel,memang selalu jadi andalan..Traveloka mantap,5,3.79.0,2023-06-23 01:43:59,"Halo Kak, terima kasih banyak atas ratingnya, semoga Kakak tetap nyaman dan selau setia menjadi pelanggan Traveloka. Yuk Kak pantengin terus Traveloka Lifestyle Super App karna kami selalu berikan promo-promo yg menarik loooh, jangan sampai ketinggalan ya :)",2023-06-23 02:12:27,3.79.0
Barrul Alim,"proses cepat, namun waktu pembayaran terlalu singkat",5,3.79.0,2023-06-23 01:26:01,"Hi Kak, senang banget nih dapat rating bagus dari Kakak, terima kasih juga atas feedbacknya! Kenyamanan Kakak adalah prioritas Kami, jika ada pertanyaan lainnya jangan sungkan ya untuk infokan pada kami di https://www.traveloka.com/contactus . Jangan sampai ketinggalan penawaran menarik lainnya di Traveloka Lifestye Super Apps.",2023-06-23 01:42:09,3.79.0
Azan Bahriani,mantap dah pokoknya,5,3.79.0,2023-06-23 01:07:01,"Halo Kak, terima kasih banyak atas ratingnya, semoga Kakak tetap nyaman dan selau setia menjadi pelanggan Traveloka. Yuk Kak pantengin terus Traveloka Lifestyle Super App karna kami selalu berikan promo-promo yg menarik loooh, jangan sampai ketinggalan ya :)",2023-06-23 01:12:16,3.79.0
Aris nugroho,terimakasih,5,3.79.0,2023-06-23 00:36:37,"Hi Kak, senang banget nih dapat rating bagus dari Kakak, terima kasih juga atas feedbacknya! Kenyamanan Kakak adalah prioritas Kami, jika ada pertanyaan lainnya jangan sungkan ya untuk infokan pada kami di https://www.traveloka.com/contactus . Jangan sampai ketinggalan penawaran menarik lainnya di Traveloka Lifestye Super Apps.",2023-06-23 00:42:09,3.79.0
Rizki PWU,"Saya mau refund tiket dan dikirimkan formulir untuk mengisi perubahan tiket, namun saat akan dikirimkan TIDAK PERNAH BISA, saya sudah coba berkali-kali di hari yang berberda namun tetap sama saja tulisannya ""Our system having disruptions at the moment, kindly try again later"". Ayolah traveloka perbaiki sistem refund/reschedule tiketnya. Walaupun tiket bis saya tidak seberapa namun aplikasi sebesar traveloka masa kalah sistemnya sama aplikasi oren?",1,3.79.0,2023-06-23 00:31:38,"Hai Kak Rizki. Mohon maaf sekali ya kak, kami akan berusaha semaksimal mungkin untuk memberikan pelayanan terbaik kami kak. Terkait laporan kamu, pada dasarnya kamu bisa hubungi kami di pesan aplikasi Traveloka atau email ke cs@traveloka com agar bisa kami bantu lebih lanjut. Terima kasih -KA",2023-06-23 00:45:45,3.79.0
Tarmidi Amd,Traveloka is the bes 👍,5,3.79.0,2023-06-22 23:10:44,"Hi, thank you very much for the positive review! Please feel free to contact us at https://www.traveloka.com/contactus we're more than happy to assist you and Stay tuned for more exciting offers on Traveloka Lifestyle Super App.",2023-06-22 23:12:09,3.79.0
Suar Halawa,"Mengapa harga yang tertera tidak sesuai ketika ketika melanjutkan di pembayaran. Khususnya Citilink. Contoh Yang tertera 4,5Jt utk dua orang pas pembayaran 10jt. Tolong donk diperbaiki, jangan menipu. Gk gitu juga caranya.",2,3.79.0,2023-06-22 19:54:00,"Hai, Kak Suar. Mohon maaf atas kendala pemesanan yang kamu alami tersebut. Dapat mimin informasikan bahwa untuk harga penerbangan bisa berubah secara fluktuatif sesuai dengan kebijakan maskapai. Dimana perubahan harga tersebut juga sudah terintegrasi dengan sistem harga yang maskapai berikan. Makasih. -RZ",2023-06-22 20:15:31,3.79.0
Edi Yasman,"mantabb, responsib",5,3.79.0,2023-06-22 17:54:04,,,3.79.0
Rohit Mahendra,Tidak ada kebijakan,2,,2023-06-22 17:43:59,"Hai Rohit. Mohon maaf sekali sebelumnya, jika memiliki kendala saat melakukan pemesanan, kamu bisa hubungi customer service kami melalui pesan di aplikasi Traveloka kamu atau melalui email di cs@traveloka.com, untuk dibantu lebih lanjut ya. Terima kasih. -FR",2023-06-22 18:13:15,
Yozi Fiedya,"Saya sudah lama makai aplikasi ini, tapi harga tiket saya jauh lebih mahal dibandingkan org lain. Saya merasa ditipu",1,3.79.0,2023-06-22 17:25:21,"Hai, Kak Yozi. Mohon maaf sudah buat kamu merasa nggak nyaman. Mimin informasikan bahwa untuk harga yang tertera pada aplikasi atau website Traveloka di update oleh sistem maskapai langsung Kak. Karena tiap saat kemungkinan untuk harga dapat berubah-berubah. Terima kasih. -RZ",2023-06-22 17:44:33,3.79.0
Lodwik Hanasbey,sangat membantu,5,3.79.0,2023-06-22 16:52:33,"Halo Kak, terima kasih banyak atas ratingnya, semoga Kakak tetap nyaman dan selau setia menjadi pelanggan Traveloka. Yuk Kak pantengin terus Traveloka Lifestyle Super App karna kami selalu berikan promo-promo yg menarik loooh, jangan sampai ketinggalan ya :)",2023-06-22 17:12:11,3.79.0
Hans,Respon cepat dan mudah aplikasinya,5,3.79.0,2023-06-22 16:07:31,"Halo Kak, terima kasih banyak atas ratingnya, semoga Kakak tetap nyaman dan selau setia menjadi pelanggan Traveloka. Yuk Kak pantengin terus Traveloka Lifestyle Super App karna kami selalu berikan promo-promo yg menarik loooh, jangan sampai ketinggalan ya :)",2023-06-22 16:12:07,3.79.0
sikiandri putra,Okk,5,3.79.0,2023-06-22 15:49:06,,,3.79.0
Sani L Dody,good,5,3.79.0,2023-06-22 15:14:41,"Hi, thank you very much for the positive review! Please feel free to contact us at https://www.traveloka.com/contactus we're more than happy to assist you and Stay tuned for more exciting offers on Traveloka Lifestyle Super App.",2023-06-22 15:42:07,3.79.0
Anang Sunaryadi,good,5,3.79.0,2023-06-22 15:03:49,"Hi, thank you very much for the positive review! Please feel free to contact us at https://www.traveloka.com/contactus we're more than happy to assist you and Stay tuned for more exciting offers on Traveloka Lifestyle Super App.",2023-06-22 15:12:09,3.79.0
Vicky Ruslan,sangat puas,5,3.79.0,2023-06-22 13:10:44,"Halo Kak, terima kasih banyak atas ratingnya, semoga Kakak tetap nyaman dan selau setia menjadi pelanggan Traveloka. Yuk Kak pantengin terus Traveloka Lifestyle Super App karna kami selalu berikan promo-promo yg menarik loooh, jangan sampai ketinggalan ya :)",2023-06-22 13:12:07,3.79.0
bambang kusnadi,good,4,3.79.0,2023-06-22 12:57:08,"Hi, we are so grateful to get a lot of support from you. Hope you continue to enjoy our offers. If you have any feedback or suggestions, let us know on https://www.traveloka.com/contactus, our customer service would love to serve you in 24 hours. Thank you!",2023-06-22 13:12:10,3.79.0
sheila pebriana,"Sy pengguna setia traveloka sbnrnya.. dpt limit paylater smp 50jt. Bs jg dipakai utk belanja di e-commerce.. sy udh pk buat belanja.. nah, sy bayar lancar bahkan pembayaran dipercepat.. tp 2 minggu trkhr sy mau pakai, malah ga bisa.. ad masalah apakah? Mohon konfirmasinya ya min..",3,3.79.0,2023-06-22 12:45:41,"Hai, Sheila. Mohon maaf atas kendala yang kamu alami. Kendala pembayaran dengan fasilitas bisa disebabkan beberapa hal. Kami butuh pengecekan lebih lanjut, silakan menghubungi kami melalui https://www.traveloka.com/id-id/contactus. Terima kasih. -SC",2023-06-22 13:17:56,3.79.0
Mahdi Wakahla,bagus,5,3.79.0,2023-06-22 12:22:30,"Halo Kak, terima kasih banyak atas ratingnya, semoga Kakak tetap nyaman dan selau setia menjadi pelanggan Traveloka. Yuk Kak pantengin terus Traveloka Lifestyle Super App karna kami selalu berikan promo-promo yg menarik loooh, jangan sampai ketinggalan ya :)",2023-06-22 12:42:07,3.79.0
maria liem,ok,4,3.79.0,2023-06-22 12:07:29,"Hi, thank you very much for the positive review! Please feel free to contact us at https://www.traveloka.com/contactus we're more than happy to assist you and Stay tuned for more exciting offers on Traveloka Lifestyle Super App.",2023-06-22 12:12:08,3.79.0
Independen Jrw86,memuaskan,5,3.79.0,2023-06-22 11:43:50,"Hi Kak, senang banget nih dapat rating bagus dari Kakak, terima kasih juga atas feedbacknya! Kenyamanan Kakak adalah prioritas Kami, jika ada pertanyaan lainnya jangan sungkan ya untuk infokan pada kami di https://www.traveloka.com/contactus . Jangan sampai ketinggalan penawaran menarik lainnya di Traveloka Lifestye Super Apps.",2023-06-22 12:12:11,3.79.0
Widiana Octa,Baru pertama make ngecewain banget udang booking tiket kereta udah belain war tiket udah di bayar ga diverifikasi astagfirullah,1,3.79.0,2023-06-22 11:39:19,"Hai, Widiana. Mohon maaf atas pengalaman yang kamu alami. Pada dasarnya verifikasi pembayaran akan dilakukan secara otomatis jika pembayaran kamu sudah sesuai dengan yang ditagihkan ya. Agar kami bisa cek lebih lanjut, kamu bisa infokan detail pesanan dengan cara hubungi kami melalui https://www.traveloka.com/contactus. Terima kasih.-TK",2023-06-22 11:45:42,3.79.0
Riadina48,sangat2 memudahkan sekali,5,3.78.0,2023-06-22 11:27:17,"Hi Kak, terima kasih atas feedbacknya, semoga Kakak tetap setia dengan Traveloka. Jika ada pertanyaan lain bisa langsung infokan pada kami di https://www.traveloka.com/contactus ya, Kak. Pantau terus Traveloka Lifestyle Super App untuk penawaran spesial lainnya!",2023-06-22 11:42:23,3.78.0
budi nugraha,sipppp,5,3.79.0,2023-06-22 11:05:38,"Hi, thank you very much for the positive review! Please feel free to contact us at https://www.traveloka.com/contactus we're more than happy to assist you and Stay tuned for more exciting offers on Traveloka Lifestyle Super App.",2023-06-22 11:12:07,3.79.0
Aripin Ipin,ok,5,3.69.0,2023-06-22 10:26:54,"Hi, thank you very much for the positive review! Please feel free to contact us at https://www.traveloka.com/contactus we're more than happy to assist you and Stay tuned for more exciting offers on Traveloka Lifestyle Super App.",2023-06-22 10:42:10,3.69.0
nella kharisma,Saya pesen tiket udah bayar sebelum waktu habis dan sesuai tapi e ticket lama banget ga terbit padahal besoknya mau dipake sampek pagi belum udah komplain disuruh tunggu terus,1,,2023-06-22 10:21:30,"Hai, Nella. Mohon maaf atas pengalaman yang kamu alami. Agar kami dapat lakukan pengecekan lebih lanjut, kamu bisa infokan detail kendala serta nomor pesanan dengan langsung menghubungi kami melalui https://www.traveloka.com/contactus. Terima kasih.-TK",2023-06-22 10:45:08,
Triyatno Soesilo,oke,4,3.79.0,2023-06-22 10:10:39,,,3.79.0
kiswan utomo,excellent Services,5,3.79.0,2023-06-22 10:02:09,"Hi, thank you very much for the positive review! Please feel free to contact us at https://www.traveloka.com/contactus we're more than happy to assist you and Stay tuned for more exciting offers on Traveloka Lifestyle Super App.",2023-06-22 10:12:08,3.79.0
Andy Noer,"simpel, mudah diakses dan digunakan, prbanyak discont2 lg dong",5,3.79.0,2023-06-22 09:48:01,"Hi Kak, senang banget nih dapat rating bagus dari Kakak, terima kasih juga atas feedbacknya! Kenyamanan Kakak adalah prioritas Kami, jika ada pertanyaan lainnya jangan sungkan ya untuk infokan pada kami di https://www.traveloka.com/contactus . Jangan sampai ketinggalan penawaran menarik lainnya di Traveloka Lifestye Super Apps.",2023-06-22 10:12:11,3.79.0
Rahma Saja,; Z bu,3,,2023-06-22 08:33:27,"Halo Rahma. Jika butuh bantuan, kamu bisa menghubungi kami melalui https://www.traveloka.com/id-id/contactus. Terima kasih. -MZ",2023-06-22 08:47:45,
Mulyan Sri winarni,goooddd,5,3.79.0,2023-06-22 08:23:27,,,3.79.0
leo witjaksono,Mantap...sangat membantu,5,3.79.0,2023-06-22 08:16:02,"Hi Kak, terima kasih atas feedbacknya, semoga Kakak tetap setia dengan Traveloka. Jika ada pertanyaan lain bisa langsung infokan pada kami di https://www.traveloka.com/contactus ya, Kak. Pantau terus Traveloka Lifestyle Super App untuk penawaran spesial lainnya!",2023-06-22 08:42:16,3.79.0
Aqila Fahlevi Sukri,Ok,5,,2023-06-22 08:01:27,"Hi, we are so grateful to get a lot of support from you. Hope you continue to enjoy our offers. If you have any feedback or suggestions, let us know on https://www.traveloka.com/contactus, our customer service would love to serve you in 24 hours. Thank you!",2023-06-22 08:12:17,
Ewil Apriandi,good,5,3.79.0,2023-06-22 07:46:31,"Hi, we are so grateful to get a lot of support from you. Hope you continue to enjoy our offers. If you have any feedback or suggestions, let us know on https://www.traveloka.com/contactus, our customer service would love to serve you in 24 hours. Thank you!",2023-06-22 08:12:25,3.79.0
Wel Come,ngga ada keterangan pesawat apa yg mau di booking,2,,2023-06-22 07:38:12,"Hai Kak, mohon maaf sudah membuat kamu tidak nyaman. Terkait kendala kamu, untuk dapat kami cek lebih lanjut. Mohon dapat menginformasikan screenshot kendala yang kamu maksud melalui halaman https://www.traveloka.com/id-id/contactus. Terima kasih. -AH",2023-06-22 07:44:00,
ERI FITRIZAL,excelent,5,3.79.0,2023-06-22 07:31:50,,,3.79.0
elvira manoppo Vira,mantap,5,3.76.0,2023-06-22 07:30:22,"Halo Kak, terima kasih banyak atas ratingnya, semoga Kakak tetap nyaman dan selau setia menjadi pelanggan Traveloka. Yuk Kak pantengin terus Traveloka Lifestyle Super App karna kami selalu berikan promo-promo yg menarik loooh, jangan sampai ketinggalan ya :)",2023-06-22 07:42:13,3.76.0
Riska Rosita,good,5,3.79.0,2023-06-22 06:46:04,"Hi, thank you very much for the positive review! Please feel free to contact us at https://www.traveloka.com/contactus we're more than happy to assist you and Stay tuned for more exciting offers on Traveloka Lifestyle Super App.",2023-06-22 07:12:08,3.79.0
Namr J,"Pembelian tiket evocher butuh waktu yg lumayan LAMAAA...gak tahu sekarang knapa bisa seperti ini...!! Padahal dah di TF, beda dengan dulu langsung seketika e voucher muncul..apalagi limit Paylatter yg gak pernah naik, kayaknya gak pernah di cek konsumen yg loyal dan yg tidak,malahan konsumen baru yg dapat voucher potongan,aneh...!!",1,3.79.0,2023-06-22 06:37:10,"Halo, Kak. Untuk penerbitan e-voucher pada dasarnya membutuhkan waktu maksimal hingga 60 menit.
Lalu perihal limit PayLater, kenaikan maupun penurunan limit mengikuti kebijakan tim analis kredit. Info selanjutnya bisa menghubungi kami melalui https://www.traveloka.com/id-id/contactus. Terima kasih. -SC",2023-06-22 06:50:07,3.79.0
sugeng riyadiii,"gabisa daftar, bintang 1 sangat pantas",1,,2023-06-22 06:30:42,"Hai Kak Sugeng. Mohon maaf sekali ya kak, kami akan berusaha semaksimal mungkin untuk memberikan pelayanan terbaik kami. Terkait laporan kamu, pada dasarnya kamu bisa hubungi kami di https://trv.lk/contactus, agar bisa kami bantu lebih lanjut. Terima kasih. -KA",2023-06-22 06:45:49,
Taamir J OFFICIAL,"Semua CS general tidak bisa di hubungi, pembayaran sebelum limit time malah di cek status limit time. CS yang aktif cuma bagian finance. Pliss lah masa kalah sama apk sebelah yg gak ribet amat² begini",1,3.79.0,2023-06-22 06:11:15,"Hai, Taamir. Mohon maaf atas kendalanya. Untuk membantu kami memahami kendala kamu, mohon bantuannya untuk menyampaikan nomor pesanan kamu melalui https://www.traveloka.com/contactus agar kami dapat bantu cek lebih lanjut. Terima kasih. -VK",2023-06-22 06:16:54,3.79.0
Kaihansan Story,tempat terpercaya tuk beli tiket pulang kampung,4,3.79.0,2023-06-22 05:19:41,"Halo Kak, terima kasih banyak atas ratingnya, semoga Kakak tetap nyaman dan selau setia menjadi pelanggan Traveloka. Yuk Kak pantengin terus Traveloka Lifestyle Super App karna kami selalu berikan promo-promo yg menarik loooh, jangan sampai ketinggalan ya :)",2023-06-22 05:42:07,3.79.0
James Bound,"Pesan tiket GWK BALI sudah bayar lunas tetapi tiket tidak keluar-keluar dan pada saat komplain malah jawabannya tiket akan diprioritaskan keluar di hari terdekat, keburu saya pulang.",1,,2023-06-22 05:12:04,"Hai James, maaf banget buat kamu gak nyaman, perihal kendala pada pesanan kamu Kakak bisa sampaikan kepada kami melalui email dengan alamat email kami di cs@traveloka.com ya Kak. Terima kasih. -AK",2023-06-22 05:44:42,
Yesa Sihombing,sangat bagus,5,3.79.0,2023-06-22 05:03:20,"Halo Kak, terima kasih banyak atas ratingnya, semoga Kakak tetap nyaman dan selau setia menjadi pelanggan Traveloka. Yuk Kak pantengin terus Traveloka Lifestyle Super App karna kami selalu berikan promo-promo yg menarik loooh, jangan sampai ketinggalan ya :)",2023-06-22 05:12:07,3.79.0
Nasrudin Hakiki,oke,4,3.78.0,2023-06-22 04:37:43,,,3.78.0
"Bq. Laily Patmi, ST",bagus,5,3.79.0,2023-06-22 04:27:53,"Halo Kak, terima kasih banyak atas ratingnya, semoga Kakak tetap nyaman dan selau setia menjadi pelanggan Traveloka. Yuk Kak pantengin terus Traveloka Lifestyle Super App karna kami selalu berikan promo-promo yg menarik loooh, jangan sampai ketinggalan ya :)",2023-06-22 04:42:15,3.79.0
Hasan Ali,bagus dan ekonomis,5,3.53.0,2023-06-22 03:50:39,"Halo Kak, terima kasih banyak atas ratingnya, semoga Kakak tetap nyaman dan selau setia menjadi pelanggan Traveloka. Yuk Kak pantengin terus Traveloka Lifestyle Super App karna kami selalu berikan promo-promo yg menarik loooh, jangan sampai ketinggalan ya :)",2023-06-22 04:12:07,3.53.0
Wahyu Sigit,👍,5,3.79.0,2023-06-22 03:48:47,,,3.79.0
28_Muhammad Bintang Julika Rahman,nice,5,3.79.0,2023-06-22 03:32:05,"Hi, thank you very much for the positive review! Please feel free to contact us at https://www.traveloka.com/contactus we're more than happy to assist you and Stay tuned for more exciting offers on Traveloka Lifestyle Super App.",2023-06-22 03:42:08,3.79.0
Alvino Nugroho,Sumpah ini ke 2 xnya traveloka kaya bab*. Proses refund di persulit. Padahal jelas salah applikasinya berubah tujuan. Dlu kecewa waktu order hotel di manokwari skrng pesawat dri batam ke jakarta.. GILA DUIT 1.7 JT ILANG GTU AJA.. INI MALING APA GMN APPLIKASI,1,3.79.0,2023-06-22 03:25:57,"Terima kasih telah menggunakan Traveloka dan mohon maaf atas ketidaknyamanan yang Anda alami. Untuk membantu kami melakukan investigasi atas kendala Anda, mohon bantuan Anda untuk menginformasikan nomor pesanan Anda melalui email ke android@traveloka.com.",2018-01-04 08:58:32,3.79.0
Agu usnanto ngana,Mantap👍👍,5,3.79.0,2023-06-22 03:16:05,"Hi Kak, senang banget nih dapat rating bagus dari Kakak, terima kasih juga atas feedbacknya! Kenyamanan Kakak adalah prioritas Kami, jika ada pertanyaan lainnya jangan sungkan ya untuk infokan pada kami di https://www.traveloka.com/contactus . Jangan sampai ketinggalan penawaran menarik lainnya di Traveloka Lifestye Super Apps.",2023-06-22 03:42:10,3.79.0
Rosneny Natzir,Semoga berguna apato nya,5,,2023-06-22 02:50:58,"Hi Kak, senang banget nih dapat rating bagus dari Kakak, terima kasih juga atas feedbacknya! Kenyamanan Kakak adalah prioritas Kami, jika ada pertanyaan lainnya jangan sungkan ya untuk infokan pada kami di https://www.traveloka.com/contactus . Jangan sampai ketinggalan penawaran menarik lainnya di Traveloka Lifestye Super Apps.",2023-06-22 03:12:18,
Kaftal Bps,Baik,5,3.79.0,2023-06-22 02:34:34,"Halo Kak, terima kasih banyak atas ratingnya, semoga Kakak tetap nyaman dan selau setia menjadi pelanggan Traveloka. Yuk Kak pantengin terus Traveloka Lifestyle Super App karna kami selalu berikan promo-promo yg menarik loooh, jangan sampai ketinggalan ya :)",2023-06-22 02:42:06,3.79.0
rifkiansyah kiki,good,5,3.79.0,2023-06-22 02:05:12,"Hi, thank you very much for the positive review! Please feel free to contact us at https://www.traveloka.com/contactus we're more than happy to assist you and Stay tuned for more exciting offers on Traveloka Lifestyle Super App.",2023-06-22 02:12:08,3.79.0
Risna Prisandi,No respect. Makin lama makin lambat. E ticket selalu terbit lama stlh pembelian,1,3.79.0,2023-06-22 01:54:43,"Halo, Risna. Mohon maaf atas ketidaknyamanannya. Proses penerbitan e-ticket memerlukan waktu 60 menit terhitung dari pembayaran kamu berhasil terverifikasi. Jika membutuhkan informasi lebih lanjut, kamu bisa hubungi kami melalui https://www.traveloka.com/id-id/contactus. Terima kasih. -OE",2023-06-22 02:17:16,3.79.0
Tepu Harapan Sitepu,mantaf,5,3.79.0,2023-06-22 01:43:33,"Hai, Tepu. Terima kasih atas penilaian dan feedback dari kamu, kami akan terus meningkatkan kepuasan para pengguna. Jika ada pertanyaan lainnya, jangan sungkan ya untuk infokan pada kami di https://www.traveloka.com/contactus. Jangan sampai ketinggalan penawaran menarik lainnya di Traveloka Lifestyle Super Apps. Terima kasih. -VK",2023-06-22 02:14:01,3.79.0
Mia Sani Kaya,Alhamdulillah sangat dipermudah,5,,2023-06-22 01:29:09,"Halo Kak, terima kasih banyak atas ratingnya, semoga Kakak tetap nyaman dan selau setia menjadi pelanggan Traveloka. Yuk Kak pantengin terus Traveloka Lifestyle Super App karna kami selalu berikan promo-promo yg menarik loooh, jangan sampai ketinggalan ya :)",2023-06-22 01:42:11,
Kuntoro Wds,top,5,,2023-06-22 00:34:19,"Hi, thank you very much for the positive review! Please feel free to contact us at https://www.traveloka.com/contactus we're more than happy to assist you and Stay tuned for more exciting offers on Traveloka Lifestyle Super App.",2023-06-22 00:42:07,
Ariyadi S,layanan bagus mantap,5,3.79.0,2023-06-22 00:31:40,"Hi Kak, senang banget nih dapat rating bagus dari Kakak, terima kasih juga atas feedbacknya! Kenyamanan Kakak adalah prioritas Kami, jika ada pertanyaan lainnya jangan sungkan ya untuk infokan pada kami di https://www.traveloka.com/contactus . Jangan sampai ketinggalan penawaran menarik lainnya di Traveloka Lifestye Super Apps.",2023-06-22 00:42:10,3.79.0
Aditia Kamil,"Akun traveloka saya di Hp tiba2 hilang tidak bisa di akses, hanya biaa di akses menggunakan Laptop/ipad",5,3.79.0,2023-06-22 00:14:44,"Hai, Aditia. Mohon maaf atas ketidaknyamanannya. Kalau kamu memiliki kendala terkait akses akun Traveloka via aplikasi, mohon hubungi kami melalui tautan ini https://www.traveloka.com/id-id/contactus untuk dibantu cek lebih lanjut ya. Terima kasih 🙏 -WR",2023-06-22 00:45:24,3.79.0
Ansyari Anshar,Good luck,5,3.79.0,2023-06-21 22:44:10,"Hi, thank you very much for the positive review! Please feel free to contact us at https://www.traveloka.com/contactus we're more than happy to assist you and Stay tuned for more exciting offers on Traveloka Lifestyle Super App.",2023-06-21 23:12:06,3.79.0
Kristian Tri Handoyo,top,5,3.79.0,2023-06-21 21:43:41,"Hi, thank you very much for the positive review! Please feel free to contact us at https://www.traveloka.com/contactus we're more than happy to assist you and Stay tuned for more exciting offers on Traveloka Lifestyle Super App.",2023-06-21 22:12:07,3.79.0
m.ridwan has,Semoga bermanfaat buat saya jg buat orang banyak Aamiin..,5,3.35.0,2023-06-21 21:07:03,"Halo Kak, terima kasih banyak atas ratingnya, semoga Kakak tetap nyaman dan selau setia menjadi pelanggan Traveloka. Yuk Kak pantengin terus Traveloka Lifestyle Super App karna kami selalu berikan promo-promo yg menarik loooh, jangan sampai ketinggalan ya :)",2023-06-21 21:12:07,3.35.0
suina wati,. .,5,,2023-06-21 17:40:01,,,
Johan Siloam,guudlah,5,3.79.0,2023-06-21 16:35:47,"Halo Kak, terima kasih banyak atas ratingnya, semoga Kakak tetap nyaman dan selau setia menjadi pelanggan Traveloka. Yuk Kak pantengin terus Traveloka Lifestyle Super App karna kami selalu berikan promo-promo yg menarik loooh, jangan sampai ketinggalan ya :)",2023-06-21 16:42:07,3.79.0
Irfan Samudra,Sangat memuaskan ka dgn cmn bntang yg menilai,5,,2023-06-21 16:31:11,"Hi Kak, senang banget nih dapat rating bagus dari Kakak, terima kasih juga atas feedbacknya! Kenyamanan Kakak adalah prioritas Kami, jika ada pertanyaan lainnya jangan sungkan ya untuk infokan pada kami di https://www.traveloka.com/contactus . Jangan sampai ketinggalan penawaran menarik lainnya di Traveloka Lifestye Super Apps.",2023-06-21 16:42:09,
Rizal Hidayah,nice try,4,3.79.0,2023-06-21 15:33:09,"Hi, thank you very much for the positive review! Please feel free to contact us at https://www.traveloka.com/contactus we're more than happy to assist you and Stay tuned for more exciting offers on Traveloka Lifestyle Super App.",2023-06-21 15:42:07,3.79.0
Wardisomo Suto,Ok,4,3.78.0,2023-06-21 14:13:36,"Halo Kak, terima kasih banyak atas ratingnya, semoga Kakak tetap nyaman dan selau setia menjadi pelanggan Traveloka. Yuk Kak pantengin terus Traveloka Lifestyle Super App karna kami selalu berikan promo-promo yg menarik loooh, jangan sampai ketinggalan ya :)",2023-05-14 13:42:06,3.78.0
Muslim Tamam,ok,4,3.79.0,2023-06-21 14:08:24,"Hi, thank you very much for the positive review! Please feel free to contact us at https://www.traveloka.com/contactus we're more than happy to assist you and Stay tuned for more exciting offers on Traveloka Lifestyle Super App.",2023-06-21 14:12:07,3.79.0
Teguh Sanjaya,Aplikasi gak jls asik update muluk jls kagak begok,5,,2023-06-21 13:56:04,"Hai Kak Teguh, maaf banget kalau kamu ada kendala penggunaan appnya. Update app Traveloka diperlukan untuk kelancaran saat penggunaan dan tidak ada bug ya Kak. Terima kasih -DZ",2023-06-21 14:18:51,
Anisa Wulan,bdnyskin promonya donk,5,3.79.0,2023-06-21 13:41:03,"Halo Kak, terima kasih banyak atas ratingnya, semoga Kakak tetap nyaman dan selau setia menjadi pelanggan Traveloka. Yuk Kak pantengin terus Traveloka Lifestyle Super App karna kami selalu berikan promo-promo yg menarik loooh, jangan sampai ketinggalan ya :)",2023-06-21 13:42:08,3.79.0
Dewi rosnawati,sangat membantu,5,3.79.0,2023-06-21 13:25:42,"Hi Kak, senang banget nih dapat rating bagus dari Kakak, terima kasih juga atas feedbacknya! Kenyamanan Kakak adalah prioritas Kami, jika ada pertanyaan lainnya jangan sungkan ya untuk infokan pada kami di https://www.traveloka.com/contactus . Jangan sampai ketinggalan penawaran menarik lainnya di Traveloka Lifestye Super Apps.",2023-06-21 13:42:12,3.79.0
Norman Sasono,Bagi saudara dan saudari jangan lagi download apk ini....karena sampe saat nih saya sudah beli e tiket sampai skrg tidak keluar e tiket nya,1,3.79.0,2023-06-21 13:11:54,"Hai Kak Norman, maaf banget kendala penerbitan e-ticket kamu. Kalau dalam estimasi proses penerbitan 60 menit, e-ticket belum terbit, silakan konfirmasikan ke https://www.traveloka.com/id-id/contactus Kak. Terima kasih -DZ",2023-06-21 13:47:22,3.79.0
Praz Laksono,Sangat membantu sekali saat bepergian,5,,2023-06-21 13:11:18,"Halo Kak, terima kasih banyak atas ratingnya, semoga Kakak tetap nyaman dan selau setia menjadi pelanggan Traveloka. Yuk Kak pantengin terus Traveloka Lifestyle Super App karna kami selalu berikan promo-promo yg menarik loooh, jangan sampai ketinggalan ya :)",2023-06-21 13:12:07,
arya_nana saloka,best tercepat,5,3.79.0,2023-06-21 13:02:41,"Hi Kak, senang banget nih dapat rating bagus dari Kakak, terima kasih juga atas feedbacknya! Kenyamanan Kakak adalah prioritas Kami, jika ada pertanyaan lainnya jangan sungkan ya untuk infokan pada kami di https://www.traveloka.com/contactus . Jangan sampai ketinggalan penawaran menarik lainnya di Traveloka Lifestye Super Apps.",2023-06-21 13:12:10,3.79.0
Melya Riniarti,cepat dan tepat,5,3.79.0,2023-06-21 12:48:30,"Hi Kak, terima kasih atas feedbacknya, semoga Kakak tetap setia dengan Traveloka. Jika ada pertanyaan lain bisa langsung infokan pada kami di https://www.traveloka.com/contactus ya, Kak. Pantau terus Traveloka Lifestyle Super App untuk penawaran spesial lainnya!",2023-06-21 13:12:14,3.79.0
sony cheristanto,"memuaskan, pengalaman yg seru, transaksi dengan traveloka, apalagi ada payleternya + kupon2nya",5,3.79.0,2023-06-21 12:45:35,"Halo Kak, terima kasih banyak atas ratingnya, semoga Kakak tetap nyaman dan selau setia menjadi pelanggan Traveloka. Yuk Kak pantengin terus Traveloka Lifestyle Super App karna kami selalu berikan promo-promo yg menarik loooh, jangan sampai ketinggalan ya :)",2023-06-21 13:12:17,3.79.0
daidoni sisilia,traveloka terbaik pokoknya,5,3.79.0,2023-06-21 12:24:39,"Halo Kak, terima kasih banyak atas ratingnya, semoga Kakak tetap nyaman dan selau setia menjadi pelanggan Traveloka. Yuk Kak pantengin terus Traveloka Lifestyle Super App karna kami selalu berikan promo-promo yg menarik loooh, jangan sampai ketinggalan ya :)",2023-06-21 12:42:10,3.79.0
Bayu Kurniawan,Point sudah tidak bisa di tukar dengan produk traveloka. Jadinya nganggur ngga kepake 😌,3,3.76.0,2023-06-21 12:16:45,"Halo Bayu, mohon maaf terkait hal ini ya. Kamu bisa juga tukarkan point Traveloka untuk produk-produk lain yang sedang tersedia ya. Terima kasih. -OR",2023-06-21 12:47:46,3.76.0
Mas Ger,oke,5,3.79.0,2023-06-21 11:54:06,,,3.79.0
bernad gomer triyadi,Mantap,5,3.79.0,2023-06-21 11:43:14,"Hi Kak, senang banget nih dapat rating bagus dari Kakak, terima kasih juga atas feedbacknya! Kenyamanan Kakak adalah prioritas Kami, jika ada pertanyaan lainnya jangan sungkan ya untuk infokan pada kami di https://www.traveloka.com/contactus . Jangan sampai ketinggalan penawaran menarik lainnya di Traveloka Lifestye Super Apps.",2023-06-21 12:12:11,3.79.0
Daeng Palliweng,bagus,5,3.69.0,2023-06-21 11:38:24,"Halo Kak, terima kasih banyak atas ratingnya, semoga Kakak tetap nyaman dan selau setia menjadi pelanggan Traveloka. Yuk Kak pantengin terus Traveloka Lifestyle Super App karna kami selalu berikan promo-promo yg menarik loooh, jangan sampai ketinggalan ya :)",2023-06-21 11:42:10,3.69.0
Tony Herawadi,👍👍👍👍👍,5,3.67.0,2023-06-21 10:30:02,,,3.67.0
Dini Ariyani,Bagus,5,,2023-06-21 10:03:02,"Halo Kak, terima kasih banyak atas ratingnya, semoga Kakak tetap nyaman dan selau setia menjadi pelanggan Traveloka. Yuk Kak pantengin terus Traveloka Lifestyle Super App karna kami selalu berikan promo-promo yg menarik loooh, jangan sampai ketinggalan ya :)",2023-06-21 10:12:07,
Nurhidayat Nurhidayat,Ok,5,3.79.0,2023-06-21 09:39:35,"Hi, thank you very much for the positive review! Please feel free to contact us at https://www.traveloka.com/contactus we're more than happy to assist you and Stay tuned for more exciting offers on Traveloka Lifestyle Super App.",2023-06-21 09:42:12,3.79.0
Oktavy Palupi Utami,Voucer gagal terbit entah kenapa. Sudah ke pusat bantuan tp sudah 50 menit ga ada penyelesaian. Masih duduk di lobby dari jam 14.17,1,3.79.0,2023-06-21 08:32:36,"Hai, Oktavy. Maaf untuk kendala pesanan Hotel kamu. Saat ini tim Hotel Specialist kami masih membutuhkan waktu untuk menindaklanjut kendalanya kepada pihak Hotel. Jika sudah ada konfirmasi akan segera diinfokan melalui pesan aplikasi dengan nomor pelaporan 32****03. Terima kasih. -KA",2023-06-21 08:45:27,3.79.0
Oghy Panjaitan,sangat mudah dan membantu dlam pembelian tiket,5,3.78.0,2023-06-21 08:12:01,"Halo Kak, terima kasih banyak atas ratingnya, semoga Kakak tetap nyaman dan selau setia menjadi pelanggan Traveloka. Yuk Kak pantengin terus Traveloka Lifestyle Super App karna kami selalu berikan promo-promo yg menarik loooh, jangan sampai ketinggalan ya :)",2023-06-21 08:42:08,3.78.0
Ahmad,Mantap sekali,5,3.79.0,2023-06-21 08:02:39,"Halo Kak, terima kasih banyak atas ratingnya, semoga Kakak tetap nyaman dan selau setia menjadi pelanggan Traveloka. Yuk Kak pantengin terus Traveloka Lifestyle Super App karna kami selalu berikan promo-promo yg menarik loooh, jangan sampai ketinggalan ya :)",2023-06-21 08:12:05,3.79.0
Herman Asrudin,Pemesanan tiket menjadi mudah dan didepan mata,5,3.77.1,2023-06-21 07:39:27,"Halo Kak, terima kasih banyak atas ratingnya, semoga Kakak tetap nyaman dan selau setia menjadi pelanggan Traveloka. Yuk Kak pantengin terus Traveloka Lifestyle Super App karna kami selalu berikan promo-promo yg menarik loooh, jangan sampai ketinggalan ya :)",2023-06-21 07:42:07,3.77.1
Along Longe,J vf:s🤎🤎😉😉😉😉🤣juju x,4,,2023-06-21 07:24:18,"Hi, we are so grateful to get a lot of support from you. Hope you continue to enjoy our offers. If you have any feedback or suggestions, let us know on https://www.traveloka.com/contactus, our customer service would love to serve you in 24 hours. Thank you!",2023-06-21 07:42:10,
Anas Bugis,sangat mudah untuk ambil tiket pesawat,5,3.79.0,2023-06-21 06:25:39,"Hi Kak, senang banget nih dapat rating bagus dari Kakak, terima kasih juga atas feedbacknya! Kenyamanan Kakak adalah prioritas Kami, jika ada pertanyaan lainnya jangan sungkan ya untuk infokan pada kami di https://www.traveloka.com/contactus . Jangan sampai ketinggalan penawaran menarik lainnya di Traveloka Lifestye Super Apps.",2023-06-21 06:42:13,3.79.0
hari riyan,oke terima kasih Traveloka sdh mmbntu akomodasi,5,3.79.0,2023-06-21 06:24:08,"Hi Kak, terima kasih atas feedbacknya, semoga Kakak tetap setia dengan Traveloka. Jika ada pertanyaan lain bisa langsung infokan pada kami di https://www.traveloka.com/contactus ya, Kak. Pantau terus Traveloka Lifestyle Super App untuk penawaran spesial lainnya!",2023-06-21 06:42:16,3.79.0
trisaktiyawati,bagus,5,3.64.0,2023-06-21 06:00:12,"Halo Kak, terima kasih banyak atas ratingnya, semoga Kakak tetap nyaman dan selau setia menjadi pelanggan Traveloka. Yuk Kak pantengin terus Traveloka Lifestyle Super App karna kami selalu berikan promo-promo yg menarik loooh, jangan sampai ketinggalan ya :)",2023-06-21 06:12:07,3.64.0
fitri ariani,mantap,5,3.79.0,2023-06-21 05:56:18,"Hi Kak, senang banget nih dapat rating bagus dari Kakak, terima kasih juga atas feedbacknya! Kenyamanan Kakak adalah prioritas Kami, jika ada pertanyaan lainnya jangan sungkan ya untuk infokan pada kami di https://www.traveloka.com/contactus . Jangan sampai ketinggalan penawaran menarik lainnya di Traveloka Lifestye Super Apps.",2023-06-21 06:12:09,3.79.0
Ayu Dwianty,amat sangat membantu dan semuanya semakin mudah jika ada traveloka!,5,3.79.0,2023-06-21 04:33:56,"Halo Kak, terima kasih banyak atas ratingnya, semoga Kakak tetap nyaman dan selau setia menjadi pelanggan Traveloka. Yuk Kak pantengin terus Traveloka Lifestyle Super App karna kami selalu berikan promo-promo yg menarik loooh, jangan sampai ketinggalan ya :)",2023-06-21 04:42:10,3.79.0
Joess Nathanael,Nginep di hotel bagus,5,,2023-06-21 04:25:22,"Hi Kak, senang banget nih dapat rating bagus dari Kakak, terima kasih juga atas feedbacknya! Kenyamanan Kakak adalah prioritas Kami, jika ada pertanyaan lainnya jangan sungkan ya untuk infokan pada kami di https://www.traveloka.com/contactus . Jangan sampai ketinggalan penawaran menarik lainnya di Traveloka Lifestye Super Apps.",2023-06-21 04:42:13,
Yongki Ye'o,sangat membantu top deh pokoknya,5,3.79.0,2023-06-21 03:56:14,"Halo Kak, terima kasih banyak atas ratingnya, semoga Kakak tetap nyaman dan selau setia menjadi pelanggan Traveloka. Yuk Kak pantengin terus Traveloka Lifestyle Super App karna kami selalu berikan promo-promo yg menarik loooh, jangan sampai ketinggalan ya :)",2023-06-21 04:12:15,3.79.0
Winda Puspa Pradhista,Boleh,5,3.78.0,2023-06-21 03:50:53,"Hi Kak, senang banget nih dapat rating bagus dari Kakak, terima kasih juga atas feedbacknya! Kenyamanan Kakak adalah prioritas Kami, jika ada pertanyaan lainnya jangan sungkan ya untuk infokan pada kami di https://www.traveloka.com/contactus . Jangan sampai ketinggalan penawaran menarik lainnya di Traveloka Lifestye Super Apps.",2023-06-21 04:12:18,3.78.0
Nunu L Hakim,mantap,5,3.78.0,2023-06-21 03:20:42,"Halo Kak, terima kasih banyak atas ratingnya, semoga Kakak tetap nyaman dan selau setia menjadi pelanggan Traveloka. Yuk Kak pantengin terus Traveloka Lifestyle Super App karna kami selalu berikan promo-promo yg menarik loooh, jangan sampai ketinggalan ya :)",2023-06-21 03:42:09,3.78.0
Denny Nugraha,puas,5,3.78.0,2023-06-21 02:46:55,,,3.78.0
amborO krumpyunX,cukup membantu,5,3.79.0,2023-06-21 02:33:00,"Halo Kak, terima kasih banyak atas ratingnya, semoga Kakak tetap nyaman dan selau setia menjadi pelanggan Traveloka. Yuk Kak pantengin terus Traveloka Lifestyle Super App karna kami selalu berikan promo-promo yg menarik loooh, jangan sampai ketinggalan ya :)",2023-06-21 02:42:07,3.79.0
Dewa Made,👍,5,3.79.0,2023-06-21 01:39:45,,,3.79.0
Adiputra Bjm,"Tolong ya iklanya dibatasi sy asik2 telpon iklan keluar,asik2 main games iklan keluar,asik dengar lagu iklan keluar..Traveloka langganan sy sejak traveloka resmi di online..sy kash 5 bintang karena sy puas dg layananya..❤️❤️",5,,2023-06-21 01:29:39,"Halo Kak, terima kasih banyak atas ratingnya, semoga Kakak tetap nyaman dan selau setia menjadi pelanggan Traveloka. Yuk Kak pantengin terus Traveloka Lifestyle Super App karna kami selalu berikan promo-promo yg menarik loooh, jangan sampai ketinggalan ya :)",2023-06-21 01:42:12,
Merry Natalia Simanjuntak,semu beres dgn traveloka,5,3.79.0,2023-06-21 01:05:17,"Halo Kak, terima kasih banyak atas ratingnya, semoga Kakak tetap nyaman dan selau setia menjadi pelanggan Traveloka. Yuk Kak pantengin terus Traveloka Lifestyle Super App karna kami selalu berikan promo-promo yg menarik loooh, jangan sampai ketinggalan ya :)",2023-06-21 01:12:07,3.79.0
Semo Yati,Aplikasi ini good job,5,3.79.0,2023-06-21 00:49:38,"Hi Kak, senang banget nih dapat rating bagus dari Kakak, terima kasih juga atas feedbacknya! Kenyamanan Kakak adalah prioritas Kami, jika ada pertanyaan lainnya jangan sungkan ya untuk infokan pada kami di https://www.traveloka.com/contactus . Jangan sampai ketinggalan penawaran menarik lainnya di Traveloka Lifestye Super Apps.",2023-06-21 01:12:10,3.79.0
Nur Salam,mantab,5,3.79.0,2023-06-20 23:14:28,"Halo Kak, terima kasih banyak atas ratingnya, semoga Kakak tetap nyaman dan selau setia menjadi pelanggan Traveloka. Yuk Kak pantengin terus Traveloka Lifestyle Super App karna kami selalu berikan promo-promo yg menarik loooh, jangan sampai ketinggalan ya :)",2023-06-20 23:42:11,3.79.0
Sutan Adja,"Sangat praktis, dan membantu pelaku perjalanan",5,3.57.0,2023-06-20 22:45:58,"Halo Kak, terima kasih banyak atas ratingnya, semoga Kakak tetap nyaman dan selau setia menjadi pelanggan Traveloka. Yuk Kak pantengin terus Traveloka Lifestyle Super App karna kami selalu berikan promo-promo yg menarik loooh, jangan sampai ketinggalan ya :)",2023-06-20 23:12:06,3.57.0
Danea Achmad,sangat memudahkan dalam melakukan aktivitas,5,3.79.0,2023-06-20 19:33:11,"Halo Kak, terima kasih banyak atas ratingnya, semoga Kakak tetap nyaman dan selau setia menjadi pelanggan Traveloka. Yuk Kak pantengin terus Traveloka Lifestyle Super App karna kami selalu berikan promo-promo yg menarik loooh, jangan sampai ketinggalan ya :)",2023-06-20 19:42:06,3.79.0
purnama wati,tiap kali transaksi menggunakan mandiri Mbanking tak bisa,4,3.79.0,2023-06-20 19:25:48,"Hai, Kak Purnama. Maaf banget atas kendalanya. Supaya kami bisa bantu lebih lanjut informasinya, mohon sampaikan kembali kendala kamu melalui https://www.traveloka.com/contactus. Kami sangat ingin membantu menyelesaikan permasalahan Kakak. Terima kasih. -RU",2023-06-20 19:48:35,3.79.0
yeyen.juansyah Pattikawa78,Ribet,1,3.79.0,2023-06-20 18:56:31,"Halo, Kak Yeyen. Maaf sekali jika ada hal yang membuat Kakak kecewa. Mohon infokan ke kami kendala Kakak melalui https://www.traveloka.com/contactus. Kami sangat ingin membantu menyelesaikan permasalahan Kakak. Terima kasih 🙏 -RU",2023-06-20 19:14:37,3.79.0
Daffa Arif,Saya suka traveling,5,3.78.0,2023-06-20 17:57:34,,,3.78.0
Fadil Muhammad,APLIKASI SAAT INI ERROR GA BISA LOGIN DAN CARI TIKET PESAWAT MOHON DIPERBAIKI SECEPATNYA MASALAHNYA TIKET KU ADA DIDALAM AKUN KU SEDANGKAN AKUNNYA GA BISA LOGIN 👎👎👎👎,1,3.79.0,2023-06-20 16:22:08,"Hai, Fadil. Jika kamu terkendala untuk login, pada dasarnya kamu bisa coba buka halaman login Traveloka dahulu dan ketuk ""Lupa Kata Sandi""? Jika kamu masih terkendala, untuk investigasi lebih lanjut, kamu bisa kirimkan screenshot dari penjelasan kendala yang ditemui via https://www.traveloka.com/contactus. Terima kasih 🙏 -RU",2023-06-20 16:46:13,3.79.0
tri handoko,oke,5,3.79.0,2023-06-20 16:03:23,,,3.79.0
Goes momo,jos,5,3.79.0,2023-06-20 15:01:32,,,3.79.0
Erico Hamdani,oke,5,3.78.0,2023-06-20 14:46:51,,,3.78.0
Muhidin Sultan,mantap,5,3.79.0,2023-06-20 14:08:55,"Halo Kak, terima kasih banyak atas ratingnya, semoga Kakak tetap nyaman dan selau setia menjadi pelanggan Traveloka. Yuk Kak pantengin terus Traveloka Lifestyle Super App karna kami selalu berikan promo-promo yg menarik loooh, jangan sampai ketinggalan ya :)",2023-06-20 14:12:10,3.79.0
ari umar,info yang disediakan lengkap & detail,5,,2023-06-20 13:47:42,"Hi Kak, senang banget nih dapat rating bagus dari Kakak, terima kasih juga atas feedbacknya! Kenyamanan Kakak adalah prioritas Kami, jika ada pertanyaan lainnya jangan sungkan ya untuk infokan pada kami di https://www.traveloka.com/contactus . Jangan sampai ketinggalan penawaran menarik lainnya di Traveloka Lifestye Super Apps.",2023-06-20 14:12:13,
Roni Queena,mantap,3,3.79.0,2023-06-20 13:29:02,"Hai, Roni. Terima kasih atas feedbacknya, semoga Kakak tetap setia dengan Traveloka. Jika ada pertanyaan lain bisa langsung infokan pada kami di https://www.traveloka.com/contactus ya, Kak. Pantau terus Traveloka Lifestyle Super App untuk penawaran spesial lainnya! -CA",2023-06-20 13:44:12,3.79.0
UDIN ALI yeeer FATIMAH,Interested,5,,2023-06-20 13:05:59,Thank you for leaving a good comment to us. Let us know if you have any suggestion for improvement through https://www.traveloka.com/contactus . Stay around for more interesting offers from Traveloka Lifestyle Super App!,2023-06-20 13:12:14,
Princess Kicau,sip proses cepat,5,3.79.0,2023-06-20 12:44:27,"Halo Kak, terima kasih banyak atas ratingnya, semoga Kakak tetap nyaman dan selau setia menjadi pelanggan Traveloka. Yuk Kak pantengin terus Traveloka Lifestyle Super App karna kami selalu berikan promo-promo yg menarik loooh, jangan sampai ketinggalan ya :)",2023-06-20 13:12:16,3.79.0
Rina Agustina,like traveloka,5,3.78.0,2023-06-20 12:41:57,"Hi, we are so grateful to get a lot of support from you. Hope you continue to enjoy our offers. If you have any feedback or suggestions, let us know on https://www.traveloka.com/contactus, our customer service would love to serve you in 24 hours. Thank you!",2023-06-20 13:12:19,3.78.0
Febry Maryani Yatu,sangat membantu,5,3.79.0,2023-06-20 12:38:27,"Halo Kak, terima kasih banyak atas ratingnya, semoga Kakak tetap nyaman dan selau setia menjadi pelanggan Traveloka. Yuk Kak pantengin terus Traveloka Lifestyle Super App karna kami selalu berikan promo-promo yg menarik loooh, jangan sampai ketinggalan ya :)",2023-06-20 12:42:07,3.79.0
Bang Petis,recommended,5,3.79.0,2023-06-20 12:18:30,"Hi, we are so grateful to get a lot of support from you. Hope you continue to enjoy our offers. If you have any feedback or suggestions, let us know on https://www.traveloka.com/contactus, our customer service would love to serve you in 24 hours. Thank you!",2023-06-20 12:42:11,3.79.0
Andy Susilo,Kenapa kok ga dibuka di HP xiomi 12 saya?,1,3.79.0,2023-06-20 11:13:17,"Hai, Andy. Mohon maaf atas kendala yang kamu alami. Kami sarankan kamu pastikan aplikasi kamu sudah denganversi terbaru ya. Jika masih terkendala, bisa infokan detail kendala dengan menghubungi kami melalui https://www.traveloka.com/contactus. Terima kasih.-TK",2023-06-20 11:45:16,3.79.0
Sertiany Manuhutu,Aku tes dlu yah,5,3.79.0,2023-06-20 10:53:30,"Halo Kak, terima kasih banyak atas ratingnya, semoga Kakak tetap nyaman dan selau setia menjadi pelanggan Traveloka. Yuk Kak pantengin terus Traveloka Lifestyle Super App karna kami selalu berikan promo-promo yg menarik loooh, jangan sampai ketinggalan ya :)",2023-06-20 11:12:07,3.79.0
suroto O,good,5,3.79.0,2023-06-20 10:04:18,"Hi, thank you very much for the positive review! Please feel free to contact us at https://www.traveloka.com/contactus we're more than happy to assist you and Stay tuned for more exciting offers on Traveloka Lifestyle Super App.",2023-06-20 10:12:05,3.79.0
AMIR AMIN MUHDI,bagus,5,3.79.0,2023-06-20 10:00:05,"Hi Kak, senang banget nih dapat rating bagus dari Kakak, terima kasih juga atas feedbacknya! Kenyamanan Kakak adalah prioritas Kami, jika ada pertanyaan lainnya jangan sungkan ya untuk infokan pada kami di https://www.traveloka.com/contactus . Jangan sampai ketinggalan penawaran menarik lainnya di Traveloka Lifestye Super Apps.",2023-06-20 10:12:08,3.79.0
Abizar Al,Saya coba 1 bintang dulu,1,,2023-06-20 09:57:29,"Hai Abizar, maaf ya sudah membuatmu kecewa. Dipastikan untuk kenyamanan pengguna Traveloka, kami akan perbaiki & tingkatkan performa Traveloka. Kalau kamu memiliki kendala, mohon hubungi kami melalui tautan ini https://www.traveloka.com/id-id/contactus. Terima kasih. -KA",2023-06-20 10:14:16,
Momon,oke,5,3.79.0,2023-06-20 09:37:53,,,3.79.0
mbo abduljalil,mantap,5,3.79.0,2023-06-20 08:46:54,"Hi Kak, senang banget nih dapat rating bagus dari Kakak, terima kasih juga atas feedbacknya! Kenyamanan Kakak adalah prioritas Kami, jika ada pertanyaan lainnya jangan sungkan ya untuk infokan pada kami di https://www.traveloka.com/contactus . Jangan sampai ketinggalan penawaran menarik lainnya di Traveloka Lifestye Super Apps.",2023-06-20 09:12:09,3.79.0
Suwaryo Kabira Suwaryo Kabira,ok banget,5,3.79.0,2023-06-20 08:07:56,,,3.79.0
Taufiq Rahmani,ok,5,3.78.0,2023-06-20 07:30:15,"Hi, thank you very much for the positive review! Please feel free to contact us at https://www.traveloka.com/contactus we're more than happy to assist you and Stay tuned for more exciting offers on Traveloka Lifestyle Super App.",2023-06-20 07:42:06,3.78.0
Jurmiah,Sangat membantu untuk pesan tiket pesawat. Terima kasih traveloka 🙏🏻😊,5,3.79.0,2023-06-20 06:26:33,"Halo Kak, terima kasih banyak atas ratingnya, semoga Kakak tetap nyaman dan selau setia menjadi pelanggan Traveloka. Yuk Kak pantengin terus Traveloka Lifestyle Super App karna kami selalu berikan promo-promo yg menarik loooh, jangan sampai ketinggalan ya :)",2023-06-20 06:42:07,3.79.0
Ikhsan Dwi Cahyo,You ktbhov,4,3.76.0,2023-06-20 05:54:36,"Hi, thank you very much for the positive review! Please feel free to contact us at https://www.traveloka.com/contactus we're more than happy to assist you and Stay tuned for more exciting offers on Traveloka Lifestyle Super App.",2023-06-20 06:12:08,3.76.0
sugand rl,mantap,5,3.78.0,2023-06-20 05:39:02,"Halo Kak, terima kasih banyak atas ratingnya, semoga Kakak tetap nyaman dan selau setia menjadi pelanggan Traveloka. Yuk Kak pantengin terus Traveloka Lifestyle Super App karna kami selalu berikan promo-promo yg menarik loooh, jangan sampai ketinggalan ya :)",2023-06-20 05:42:09,3.78.0
Juju Sumirat septiani,sangat bail,5,3.79.0,2023-06-20 05:31:38,,,3.79.0
sudirman tuahuns,baik,5,3.79.0,2023-06-20 05:26:21,"Hi Kak, terima kasih atas feedbacknya, semoga Kakak tetap setia dengan Traveloka. Jika ada pertanyaan lain bisa langsung infokan pada kami di https://www.traveloka.com/contactus ya, Kak. Pantau terus Traveloka Lifestyle Super App untuk penawaran spesial lainnya!",2023-06-20 05:42:16,3.79.0
Dwi Yuli Widyayanti,sangat memuaskan,5,3.78.0,2023-06-20 04:22:16,"Halo Kak, terima kasih banyak atas ratingnya, semoga Kakak tetap nyaman dan selau setia menjadi pelanggan Traveloka. Yuk Kak pantengin terus Traveloka Lifestyle Super App karna kami selalu berikan promo-promo yg menarik loooh, jangan sampai ketinggalan ya :)",2023-06-20 04:42:08,3.78.0
Chun Kusumawardhany,josss,5,3.79.0,2023-06-20 04:16:46,,,3.79.0
prabandhari sari,"Mengapa akun travelokapaylater sy di nonaktifkan ? Sementara sy selalu membayar tepat waktu dan tidak pernah melakukan pembelian secara dadakan. Saya komplain tapi tidak ada jawaban, dari chat maupun email... Tolong pihak kredit traveloka menginvestigasi kembali akun travelokapaylater sy, kan disitu ada bukti pembayaran sy yg selalu ontime. Saya pelanggan lama traveloka, tolonglah agar traveloka bisa berbenah lagi. Terutama dibagian kreditnya dan pelayanan konsumen..",2,3.79.0,2023-06-20 04:15:27,"Hai Kak Prabandhari. Mohon maaf atas ketidaknyamanan yang kamu alami. Untuk pengecekan lebih lanjut terkait kendala kamu, silakan menghubungi kami melalui https://www.traveloka.com/id-id/contactus. Terima kasih. -MZ",2023-06-20 04:47:44,3.79.0
ton siti,"Good, Naikan limit paylater saya",5,3.79.0,2023-06-20 04:00:48,"Halo Kak, terima kasih banyak atas ratingnya, semoga Kakak tetap nyaman dan selau setia menjadi pelanggan Traveloka. Yuk Kak pantengin terus Traveloka Lifestyle Super App karna kami selalu berikan promo-promo yg menarik loooh, jangan sampai ketinggalan ya :)",2023-06-20 04:12:11,3.79.0
bernard kasenda,"Sistem nya kurang bagus,,walaupun sdh melakukan pembayaran tapi masih aja ada yg nagih via wa",1,3.79.0,2023-06-20 02:07:21,"Hai, Bernard. Mohon maaf atas ketidaknyamanannya. Kalau kamu sudah bayar tagihan namun masih tertagih, mohon hubungi kami melalui tautan ini https://www.traveloka.com/id-id/contactus untuk dibantu cek lebih lanjut ya. Terima kasih 🙏 -WR",2023-06-20 02:15:43,3.79.0
muhammad romadhona,guna banget dah,5,3.79.0,2023-06-20 01:52:01,,,3.79.0
Dir Ali,"Semua layanannya menjebak, tidak dijelaskan untuk syarat syarat pemakaian jasanya. Terpaksa pakai jasa di Traveloka. Sangat menjebak dan tidak recommended order jasa disini",1,,2023-06-20 01:49:17,"Hai Ali. Mohon maaf atas ketidaknyamanannya. Dipastikan untuk kenyamanan pengguna Traveloka, kami akan perbaiki dan tingkatkan performa Traveloka. Kalau kamu memiliki kendala, mohon hubungi kami melalui tautan ini https://www.traveloka.com/id-id/contactus. Terima kasih. -WR",2023-06-20 02:17:31,
M. BISMAR H. E,josss efisien bgt,5,3.79.0,2023-06-20 01:34:32,,,3.79.0
Imron Amin,verrygood👍,5,3.78.0,2023-06-20 01:02:25,"Hi, thank you very much for the positive review! Please feel free to contact us at https://www.traveloka.com/contactus we're more than happy to assist you and Stay tuned for more exciting offers on Traveloka Lifestyle Super App.",2023-06-20 01:12:06,3.78.0
Rania Ufaira Shafwa,"*Harga Telah Berubah* Total harga telah berubah dari IDR 1,968,573 menjadi IDR 2,073,240. Mohon periksa rincian harga sebelum melanjutkan ke pembayaran.",1,,2023-06-20 00:27:18,"Hai, Rania. Mohon maaf atas ketidaknyamanannya. Untuk harga yang tertera merupakan update langsung dari pihak maskapai. Jadi pastikan kembali kesesuaian harga sebelum kamu melakukan pembayaran ya. Supaya pesanan kamu bisa lebih hemat, bisa cek juga promo yang lagi berlangsung di Traveloka https://www.traveloka.com/id-id/promotion. Terima kasih. -WR",2023-06-20 00:47:38,
BABA ZAIRA MOBiL,sangat puas,5,3.79.0,2023-06-20 00:12:52,"Halo Kak, terima kasih banyak atas ratingnya, semoga Kakak tetap nyaman dan selau setia menjadi pelanggan Traveloka. Yuk Kak pantengin terus Traveloka Lifestyle Super App karna kami selalu berikan promo-promo yg menarik loooh, jangan sampai ketinggalan ya :)",2023-06-20 00:42:13,3.79.0
Gunawan,Kewajiban saya sebagai traveller: 1. Apakah anda pernah membeli tiket pesawat dan harga naik saat ingin melakukan pembayaran? Kemudian anda membeli dan besok nya harga tidak naik. Naiknya 200k per orang. Inilah mengapa AGEN TIKET OFFLINE tetap diperlukan. Ini permainan maskapai atau aplikasi. Apakah anda yakin mendapatkan setiap promo yang ada disini? 2. Selain tiket pesawat lebih baik menggunakan aplikasi klook.,1,3.79.0,2023-06-19 23:20:55,"Hai, Gunawan. Mohon maaf atas pengalaman yang kamu alami ya. Untuk ketersediaan rute penerbangan merupakan kebijakan dari pihak maskapai terkait ya. Jika kamu memiliki kendala dan pertanyaan lebih lanjut, silakan menghubungi kami melalui https://www.traveloka.com/id-id/contactus. Terima kasih -TK",2022-05-15 09:02:41,3.79.0
Bayu Andhika,"proses cepat dan mudah, sukses terus traveloka, promo tiket murahnya jangan pelit pelit donk",5,3.79.0,2023-06-19 22:38:14,"Halo Kak, terima kasih banyak atas ratingnya, semoga Kakak tetap nyaman dan selau setia menjadi pelanggan Traveloka. Yuk Kak pantengin terus Traveloka Lifestyle Super App karna kami selalu berikan promo-promo yg menarik loooh, jangan sampai ketinggalan ya :)",2023-06-19 22:42:07,3.79.0
Al Zoro,Memang cuma traveloka yang paling bagus di antara aplikasi lain. Dan paling lengkap.,5,,2023-06-19 21:29:00,"Halo Kak, terima kasih banyak atas ratingnya, semoga Kakak tetap nyaman dan selau setia menjadi pelanggan Traveloka. Yuk Kak pantengin terus Traveloka Lifestyle Super App karna kami selalu berikan promo-promo yg menarik loooh, jangan sampai ketinggalan ya :)",2023-06-19 21:42:07,
Pemila Karlita intani,Byebye gaya sundari sigit,5,,2023-06-19 21:14:37,"Hi Kak, senang banget nih dapat rating bagus dari Kakak, terima kasih juga atas feedbacknya! Kenyamanan Kakak adalah prioritas Kami, jika ada pertanyaan lainnya jangan sungkan ya untuk infokan pada kami di https://www.traveloka.com/contactus . Jangan sampai ketinggalan penawaran menarik lainnya di Traveloka Lifestye Super Apps.",2023-06-19 21:42:10,
Toys. Kazoku,"mudah digunakan, informasi lengkap,banyak promo",5,3.79.0,2023-06-19 16:50:03,"Halo Kak, terima kasih banyak atas ratingnya, semoga Kakak tetap nyaman dan selau setia menjadi pelanggan Traveloka. Yuk Kak pantengin terus Traveloka Lifestyle Super App karna kami selalu berikan promo-promo yg menarik loooh, jangan sampai ketinggalan ya :)",2023-06-19 17:12:07,3.79.0
Aulia Ijatunisa,pay later nya belum aktif,5,3.79.0,2023-06-19 15:22:36,"Hai Kak Aul. Mohon maaf sekali ya kak, kami akan berusaha semaksimal mungkin untuk memberikan pelayanan terbaik kami kak. Terkait laporan kamu, pada dasarnya kamu bisa hubungi kami melalui instagram DM ke https://www.instagram.com/travelokapaylater/ ya. Terima kasih. -NT",2023-06-19 15:44:34,3.79.0
Nyoman Wiratha,Sangat membantu,4,3.79.0,2023-06-19 14:59:24,"Halo Kak, terima kasih banyak atas ratingnya, semoga Kakak tetap nyaman dan selau setia menjadi pelanggan Traveloka. Yuk Kak pantengin terus Traveloka Lifestyle Super App karna kami selalu berikan promo-promo yg menarik loooh, jangan sampai ketinggalan ya :)",2023-06-19 15:12:06,3.79.0
Abraham Yikwa,sangat membantu ya.,3,3.79.0,2023-06-19 14:11:37,"Hai Kak, terima kasih atas feedbacknya, semoga kamu tetap setia dengan Traveloka. Jika ada pertanyaan bisa langsung infokan pada kami di https://www.traveloka.com/contactus ya Kak. Pantau terus Traveloka Lifestyle Super App untuk penawaran spesial lainnya! -AH",2023-06-19 14:15:38,3.79.0
Toby Chan,Sebenarnya gak ada masalah ( tapi pas cek out hotel tertera 500rb pas mau bayar naik tiba2 jadi 550rb ) jadi itu saja,5,3.79.0,2023-06-19 14:00:26,"Hai Toby, untuk informasi harga bersifat fluktuatif dan bisa berubah sewaktu-waktu dari supplier. Kamu bisa pakai promo aktif agar bisa mendapatkan harga promonya. Jika ada pertanyaan, bisa hubungi kami di email cs@traveloka.com atau melalui Chat Inbox aplikasi Traveloka. Terima kasih. -CA",2023-06-19 14:17:46,3.79.0
Criss PW,"Saya Ada Kartu Kredit BCA,CIMB,BRI dan Permata, Saya Daftar Paylater Traveloka Malah di Tolak, Sakit Hati AJG🤣🤣🤣",1,3.79.0,2023-06-19 13:58:51,"Halo Criss, mohon maaf atas ketidaknyamanan yang Anda alami. Mohon bantuan Anda untuk menginformasikan kendala yang dimaksud dan nomor pemesanan Traveloka melalui pesan pada aplikasi Anda atau melalui email ke cs@traveloka.com agar kami dapat membantu Anda lebih lanjut. -BY",2021-11-07 07:30:40,3.79.0
Muhammad Tri,Mahal.. diskon gede2an tapi sama apk sebelah beda harganya sampe 100rban 😴,1,3.79.0,2023-06-19 13:54:17,Hai Kak. Mohon maaf atas ketidaknyamanannya. Mohon untuk sampaikan keluhan kamu secara detail melalui https://www.traveloka.com/id-id/contactus. Supaya kami dapat membantu permasalahan kamu. Terima kasih. -DA,2023-06-19 14:13:53,3.79.0
Ade Syahputra,The best app for booking hotel or transportation,5,3.79.0,2023-06-19 13:00:27,"Hi, thank you very much for the positive review! Please feel free to contact us at https://www.traveloka.com/contactus we're more than happy to assist you and Stay tuned for more exciting offers on Traveloka Lifestyle Super App.",2023-06-19 13:12:07,3.79.0
dika cekova,Siiip,5,,2023-06-19 12:27:08,,,
Agus Priyono,amanah,5,3.79.0,2023-06-19 12:17:32,,,3.79.0
Kamandara Iwan,bagus,5,3.79.0,2023-06-19 11:15:51,"Hi Kak, senang banget nih dapat rating bagus dari Kakak, terima kasih juga atas feedbacknya! Kenyamanan Kakak adalah prioritas Kami, jika ada pertanyaan lainnya jangan sungkan ya untuk infokan pada kami di https://www.traveloka.com/contactus . Jangan sampai ketinggalan penawaran menarik lainnya di Traveloka Lifestye Super Apps.",2023-06-19 11:42:18,3.79.0
Amir Ibnu Yunus,good,5,3.79.0,2023-06-19 10:47:49,"Hi, thank you very much for the positive review! Please feel free to contact us at https://www.traveloka.com/contactus we're more than happy to assist you and Stay tuned for more exciting offers on Traveloka Lifestyle Super App.",2023-06-19 11:12:06,3.79.0
DENNY CHEN,semoga makin kedepannya makin baik,5,3.79.0,2023-06-19 10:19:29,"Halo Kak, terima kasih banyak atas ratingnya, semoga Kakak tetap nyaman dan selau setia menjadi pelanggan Traveloka. Yuk Kak pantengin terus Traveloka Lifestyle Super App karna kami selalu berikan promo-promo yg menarik loooh, jangan sampai ketinggalan ya :)",2023-06-19 10:42:18,3.79.0
Yuli Anto,sangat membantu,5,3.79.0,2023-06-19 10:14:49,"Hi Kak, senang banget nih dapat rating bagus dari Kakak, terima kasih juga atas feedbacknya! Kenyamanan Kakak adalah prioritas Kami, jika ada pertanyaan lainnya jangan sungkan ya untuk infokan pada kami di https://www.traveloka.com/contactus . Jangan sampai ketinggalan penawaran menarik lainnya di Traveloka Lifestye Super Apps.",2023-06-19 10:42:22,3.79.0
Eki Aditia,"Parah hati2 pesen tiket bus lwt Shopee vendor Traveloka, istri saya sdh hub Shopee dan bus nya dari awal, tp Traveloka nya ngk bsa di hub, uang kami hilang",1,3.78.0,2023-06-19 08:42:44,"Hai, Eki. Kami meminta maaf atas kendala yang kamu alami. Kamu dapat menghubungi kami melalui https://www.traveloka.com/id-id/contactus agar masalahmu bisa diselesaikan secepat mungkin.
Kami akan berikan solusi terbaik agar kamu dapat merasa puas dan layanan kami layak mendapatkan rating yang lebih baik. Terima kasih. -OE",2023-06-19 09:13:40,3.78.0
sandi yono,ok,4,3.79.0,2023-06-19 07:54:54,"Hi, thank you very much for the positive review! Please feel free to contact us at https://www.traveloka.com/contactus we're more than happy to assist you and Stay tuned for more exciting offers on Traveloka Lifestyle Super App.",2023-06-19 08:12:11,3.79.0
tri agus setiawan,"Teman liburan kemanapun selalu pakai aplikasi Traveloka, dari tiket kereta api, hotel nyaman dan tempat wisata,love Traveloka 😇😇",5,,2023-06-19 07:18:04,"Halo Kak, terima kasih banyak atas ratingnya, semoga Kakak tetap nyaman dan selau setia menjadi pelanggan Traveloka. Yuk Kak pantengin terus Traveloka Lifestyle Super App karna kami selalu berikan promo-promo yg menarik loooh, jangan sampai ketinggalan ya :)",2023-06-19 07:42:07,
Agung Pujo legowo,Dengan traveloka lebih gampang,5,3.79.0,2023-06-19 06:55:35,"Halo Kak, terima kasih banyak atas ratingnya, semoga Kakak tetap nyaman dan selau setia menjadi pelanggan Traveloka. Yuk Kak pantengin terus Traveloka Lifestyle Super App karna kami selalu berikan promo-promo yg menarik loooh, jangan sampai ketinggalan ya :)",2023-06-19 07:12:08,3.79.0
BG Mix,sangat sangat m bantu,5,3.79.0,2023-06-19 06:22:28,"Halo Kak, terima kasih banyak atas ratingnya, semoga Kakak tetap nyaman dan selau setia menjadi pelanggan Traveloka. Yuk Kak pantengin terus Traveloka Lifestyle Super App karna kami selalu berikan promo-promo yg menarik loooh, jangan sampai ketinggalan ya :)",2023-06-19 06:42:15,3.79.0
Fardi Muhammad,"sangat mudah untuk digunakan,, recomended bnget",5,3.53.0,2023-06-19 06:15:54,"Hi Kak, senang banget nih dapat rating bagus dari Kakak, terima kasih juga atas feedbacknya! Kenyamanan Kakak adalah prioritas Kami, jika ada pertanyaan lainnya jangan sungkan ya untuk infokan pada kami di https://www.traveloka.com/contactus . Jangan sampai ketinggalan penawaran menarik lainnya di Traveloka Lifestye Super Apps.",2023-06-19 06:42:18,3.53.0
kiki sukanta sukanta,good,5,3.79.0,2023-06-19 05:40:11,"Hi, thank you very much for the positive review! Please feel free to contact us at https://www.traveloka.com/contactus we're more than happy to assist you and Stay tuned for more exciting offers on Traveloka Lifestyle Super App.",2023-06-19 05:42:06,3.79.0
Zuhartini Tini,traveloka memsng ok,5,3.37.0,2023-06-19 05:37:17,"Hi Kak, senang banget nih dapat rating bagus dari Kakak, terima kasih juga atas feedbacknya! Kenyamanan Kakak adalah prioritas Kami, jika ada pertanyaan lainnya jangan sungkan ya untuk infokan pada kami di https://www.traveloka.com/contactus . Jangan sampai ketinggalan penawaran menarik lainnya di Traveloka Lifestye Super Apps.",2023-06-19 05:42:09,3.37.0
Ferry Heri,bagus,5,3.79.0,2023-06-19 05:24:34,"Hi Kak, terima kasih atas feedbacknya, semoga Kakak tetap setia dengan Traveloka. Jika ada pertanyaan lain bisa langsung infokan pada kami di https://www.traveloka.com/contactus ya, Kak. Pantau terus Traveloka Lifestyle Super App untuk penawaran spesial lainnya!",2023-06-19 05:42:11,3.79.0
Nasril Al qorni,good price list😁,5,3.79.0,2023-06-19 04:17:47,Thank you for leaving a good comment to us. Let us know if you have any suggestion for improvement through https://www.traveloka.com/contactus . Stay around for more interesting offers from Traveloka Lifestyle Super App!,2023-06-19 04:42:15,3.79.0
Zills My,"Tida ada kejelasan Udh transfer via BCA untuk isi saldo uangku Sudah upload bukti pembayaran menunggu 30 menit lebih hampir 1jam Tidak ada uang saldo masuk Notif : masih menunggu Gimana ni ? System' lambat , Customer service : BOT /robot Uang pembayaran di gantung",1,,2023-06-19 02:37:51,"Hai Kak Zills. Maaf buat kamu tidak nyaman. Apabila terdapat masalah pada saldo UANGKU kamu, maka sesuai dengan kebijakan kamu dapat menghubungi Customer Service UANGKU melalui email di cs@uangku.co.id atau melalui No. Telepon 021-50100000. Kamu juga bisa sampaikan ke tautan https://www.traveloka.com/id-id/contactus. Terima kasih. -RM",2023-06-19 02:48:03,
Ivan C,good,5,3.79.0,2023-06-19 02:36:57,"Hi, thank you very much for the positive review! Please feel free to contact us at https://www.traveloka.com/contactus we're more than happy to assist you and Stay tuned for more exciting offers on Traveloka Lifestyle Super App.",2023-06-19 02:42:07,3.79.0
Rifki Pirmanto,mudah sekali untuk pemesanan hotel,5,3.78.0,2023-06-19 02:33:32,"Hi Kak, senang banget nih dapat rating bagus dari Kakak, terima kasih juga atas feedbacknya! Kenyamanan Kakak adalah prioritas Kami, jika ada pertanyaan lainnya jangan sungkan ya untuk infokan pada kami di https://www.traveloka.com/contactus . Jangan sampai ketinggalan penawaran menarik lainnya di Traveloka Lifestye Super Apps.",2023-06-19 02:42:09,3.78.0
Yahya Harliawan,nice app,5,3.79.0,2023-06-19 02:04:45,"Hi, thank you very much for the positive review! Please feel free to contact us at https://www.traveloka.com/contactus we're more than happy to assist you and Stay tuned for more exciting offers on Traveloka Lifestyle Super App.",2023-06-19 02:12:07,3.79.0
Dinda Mir'atu Hayati,"Susaj daftarnya, udh memasukan kodenya tp ttep gk bisa berkali kali",4,3.79.0,2023-06-19 02:04:37,"Hai, Dinda. Maaf banget ya buat kendala yang terjadi. Boleh dibantu informasikan detail dari kendala kamu tersebut melalui link https://www.traveloka.com/contactus ya. Kami akan berusaha untuk membantu kendala kamu semaksimal mungkin. Terima kasih. -RF",2023-06-19 02:17:20,3.79.0
ARIEF SUBANDI,Memudahkan pemesanan hotel tanpa ribet,5,3.79.0,2023-06-19 02:01:43,"Hi Kak, senang banget nih dapat rating bagus dari Kakak, terima kasih juga atas feedbacknya! Kenyamanan Kakak adalah prioritas Kami, jika ada pertanyaan lainnya jangan sungkan ya untuk infokan pada kami di https://www.traveloka.com/contactus . Jangan sampai ketinggalan penawaran menarik lainnya di Traveloka Lifestye Super Apps.",2023-06-19 02:12:10,3.79.0
Sirajulhuda thoib,👍,5,3.79.0,2023-06-19 01:13:44,,,3.79.0
jeane watung,Bagusssss,5,3.79.0,2023-06-19 01:01:58,"Halo Kak, terima kasih banyak atas ratingnya, semoga Kakak tetap nyaman dan selau setia menjadi pelanggan Traveloka. Yuk Kak pantengin terus Traveloka Lifestyle Super App karna kami selalu berikan promo-promo yg menarik loooh, jangan sampai ketinggalan ya :)",2023-06-19 01:12:07,3.79.0
Indra Retno Dewi Kumalasari,sangat memuaskan,5,3.79.0,2023-06-19 00:42:17,"Hi Kak, senang banget nih dapat rating bagus dari Kakak, terima kasih juga atas feedbacknya! Kenyamanan Kakak adalah prioritas Kami, jika ada pertanyaan lainnya jangan sungkan ya untuk infokan pada kami di https://www.traveloka.com/contactus . Jangan sampai ketinggalan penawaran menarik lainnya di Traveloka Lifestye Super Apps.",2023-06-19 01:12:10,3.79.0
Lucky Mulalinda22,cepat... lanjut reservasi,5,3.79.0,2023-06-19 00:17:38,"Halo Kak, terima kasih banyak atas ratingnya, semoga Kakak tetap nyaman dan selau setia menjadi pelanggan Traveloka. Yuk Kak pantengin terus Traveloka Lifestyle Super App karna kami selalu berikan promo-promo yg menarik loooh, jangan sampai ketinggalan ya :)",2023-06-19 00:42:06,3.79.0
Reubun Bekasi,Ayoo dong adain lg traveloka eats lagi Sudah banyak loh konsumen nya. Masa karena pandemi covid selesai terus udahan.. ayo bukalagi eats nya,1,,2023-06-19 00:15:34,"Hai, Kak. Maaf banget ya atas hal tersebut. Traveloka akan terus menjadi partner terbaik bagi para pelanggan. Apabila ada hal yang ingin kamu tanyakan kembali, silakan klik link https://www.traveloka.com/contactus ya. Kami akan berusaha untuk membantu kendala kamu semaksimal mungkin. Terima kasih. -RF",2023-06-19 00:45:05,
Ahmad Zaki Basalamah,sangat membantu,5,3.79.0,2023-06-19 00:09:51,"Halo Kak, terima kasih banyak atas ratingnya, semoga Kakak tetap nyaman dan selau setia menjadi pelanggan Traveloka. Yuk Kak pantengin terus Traveloka Lifestyle Super App karna kami selalu berikan promo-promo yg menarik loooh, jangan sampai ketinggalan ya :)",2023-06-19 00:12:09,3.79.0
Rizkon Halalan,simple bgt sekarang berkat traveloka. sukses y,5,3.78.0,2023-06-19 00:02:58,"Hi Kak, senang banget nih dapat rating bagus dari Kakak, terima kasih juga atas feedbacknya! Kenyamanan Kakak adalah prioritas Kami, jika ada pertanyaan lainnya jangan sungkan ya untuk infokan pada kami di https://www.traveloka.com/contactus . Jangan sampai ketinggalan penawaran menarik lainnya di Traveloka Lifestye Super Apps.",2023-06-19 00:12:12,3.78.0
Ino Jeka Modify,travel lebih mudah .. trima kasih,5,3.79.0,2023-06-18 23:55:56,"Hi Kak, terima kasih atas feedbacknya, semoga Kakak tetap setia dengan Traveloka. Jika ada pertanyaan lain bisa langsung infokan pada kami di https://www.traveloka.com/contactus ya, Kak. Pantau terus Traveloka Lifestyle Super App untuk penawaran spesial lainnya!",2023-06-19 00:12:14,3.79.0
Ama Tokan,sangat baik,5,3.79.0,2023-06-18 22:16:17,"Halo Kak, terima kasih banyak atas ratingnya, semoga Kakak tetap nyaman dan selau setia menjadi pelanggan Traveloka. Yuk Kak pantengin terus Traveloka Lifestyle Super App karna kami selalu berikan promo-promo yg menarik loooh, jangan sampai ketinggalan ya :)",2023-06-18 22:42:07,3.79.0
Muhammad lutfi Lutfi,Aplikasi nya sangat membantu buat travelling,5,3.79.0,2023-06-18 20:17:09,"Halo Kak, terima kasih banyak atas ratingnya, semoga Kakak tetap nyaman dan selau setia menjadi pelanggan Traveloka. Yuk Kak pantengin terus Traveloka Lifestyle Super App karna kami selalu berikan promo-promo yg menarik loooh, jangan sampai ketinggalan ya :)",2023-06-18 20:42:08,3.79.0
Robi Atim,Z yg bisa,4,,2023-06-18 19:21:48,"Halo Kak, terima kasih banyak atas ratingnya, semoga Kakak tetap nyaman dan selau setia menjadi pelanggan Traveloka. Yuk Kak pantengin terus Traveloka Lifestyle Super App karna kami selalu berikan promo-promo yg menarik loooh, jangan sampai ketinggalan ya :)",2023-06-18 19:42:06,
henry adi,terbaik,5,3.79.0,2023-06-18 19:21:33,"Hi Kak, senang banget nih dapat rating bagus dari Kakak, terima kasih juga atas feedbacknya! Kenyamanan Kakak adalah prioritas Kami, jika ada pertanyaan lainnya jangan sungkan ya untuk infokan pada kami di https://www.traveloka.com/contactus . Jangan sampai ketinggalan penawaran menarik lainnya di Traveloka Lifestye Super Apps.",2023-06-18 19:42:09,3.79.0
Sholetion official,"Saya sangat kecewa dengan Traveloka karna saya belli tiket pesawat air Asia tidak bisa di refund uang keluarga aku hangus 6juta lebih😭, kalau emang pelanyanan Traveloka ini baik mohon bantuanya...?,",1,3.56.1,2023-06-18 18:05:29,"Hai Kak. Mohon maaf atas ketidaknyamanannya. Dapat kami infokan, bahwa kebijakan refund sepenuhnya merupakan kebijakan pihak maskapai, Kak. Supaya bisa kami bantu cek lebih lanjut, mohon bantuannya infokan nomor pesanan kamu di https://www.traveloka.com/id-id/contactus ya. Terima kasih. -KK",2023-06-18 18:14:51,3.56.1
Gibran Soleh,ok sangat memudhkn qta,5,3.79.0,2023-06-18 17:10:23,,,3.79.0
eko b. heriyanto,Mantap,5,3.79.0,2023-06-18 16:21:13,"Halo Kak, terima kasih banyak atas ratingnya, semoga Kakak tetap nyaman dan selau setia menjadi pelanggan Traveloka. Yuk Kak pantengin terus Traveloka Lifestyle Super App karna kami selalu berikan promo-promo yg menarik loooh, jangan sampai ketinggalan ya :)",2023-06-18 16:42:07,3.79.0
Riono freedom,keren,4,3.79.0,2023-06-18 15:02:53,"Halo Kak, terima kasih banyak atas ratingnya, semoga Kakak tetap nyaman dan selau setia menjadi pelanggan Traveloka. Yuk Kak pantengin terus Traveloka Lifestyle Super App karna kami selalu berikan promo-promo yg menarik loooh, jangan sampai ketinggalan ya :)",2023-06-18 15:12:06,3.79.0
Chim,mntap****,5,3.79.0,2023-06-18 14:52:43,"Hi Kak, senang banget nih dapat rating bagus dari Kakak, terima kasih juga atas feedbacknya! Kenyamanan Kakak adalah prioritas Kami, jika ada pertanyaan lainnya jangan sungkan ya untuk infokan pada kami di https://www.traveloka.com/contactus . Jangan sampai ketinggalan penawaran menarik lainnya di Traveloka Lifestye Super Apps.",2023-06-18 15:12:09,3.79.0
Adjie Solo123,Sangat membantu,5,,2023-06-18 14:29:05,"Halo Kak, terima kasih banyak atas ratingnya, semoga Kakak tetap nyaman dan selau setia menjadi pelanggan Traveloka. Yuk Kak pantengin terus Traveloka Lifestyle Super App karna kami selalu berikan promo-promo yg menarik loooh, jangan sampai ketinggalan ya :)",2023-06-18 14:42:07,
Oss Grobogan,Ribet login nya g rekom app ini parah,1,3.79.0,2023-06-18 13:27:24,"Hai, Kak. Mohon maaf atas ketidaknyamanan yang kamu alami. Mohon infokan detail tidak bisa melakukan log-in ke akun Traveloka kamu melalui https://www.traveloka.com/id-id/contactus ya. Agar dapat kami bantu lakukan pengecekan. Terima kasih. -PA",2023-06-18 13:47:35,3.79.0
irfan zulheri,oke,4,3.78.0,2023-06-18 12:58:08,,,3.78.0
9F_11 _Chris,Sangat bagus dr fitur pesawat dll udah lengkap,5,3.79.0,2023-06-18 12:44:39,"Halo Kak, terima kasih banyak atas ratingnya, semoga Kakak tetap nyaman dan selau setia menjadi pelanggan Traveloka. Yuk Kak pantengin terus Traveloka Lifestyle Super App karna kami selalu berikan promo-promo yg menarik loooh, jangan sampai ketinggalan ya :)",2023-06-18 13:12:10,3.79.0
Raisal Amin,mantap 👍,5,3.79.0,2023-06-18 12:17:21,"Halo Kak, terima kasih banyak atas ratingnya, semoga Kakak tetap nyaman dan selau setia menjadi pelanggan Traveloka. Yuk Kak pantengin terus Traveloka Lifestyle Super App karna kami selalu berikan promo-promo yg menarik loooh, jangan sampai ketinggalan ya :)",2023-06-18 12:42:06,3.79.0
Yanii Goyang,Sy suka aplikasi ini,4,3.78.0,2023-06-18 11:42:22,"Halo Kak, terima kasih banyak atas ratingnya, semoga Kakak tetap nyaman dan selau setia menjadi pelanggan Traveloka. Yuk Kak pantengin terus Traveloka Lifestyle Super App karna kami selalu berikan promo-promo yg menarik loooh, jangan sampai ketinggalan ya :)",2023-06-18 12:12:06,3.78.0
Ardie Saputtra,"Paling recommended saat mau sewa hotel,dan best of the best lah pokoknya...",5,3.79.0,2023-06-18 11:29:26,"Halo Kak, terima kasih banyak atas ratingnya, semoga Kakak tetap nyaman dan selau setia menjadi pelanggan Traveloka. Yuk Kak pantengin terus Traveloka Lifestyle Super App karna kami selalu berikan promo-promo yg menarik loooh, jangan sampai ketinggalan ya :)",2023-06-18 11:42:06,3.79.0
Mas Amien,sangat membantu,5,3.79.0,2023-06-18 10:42:42,"Halo Kak, terima kasih banyak atas ratingnya, semoga Kakak tetap nyaman dan selau setia menjadi pelanggan Traveloka. Yuk Kak pantengin terus Traveloka Lifestyle Super App karna kami selalu berikan promo-promo yg menarik loooh, jangan sampai ketinggalan ya :)",2023-06-18 11:12:08,3.79.0
Galih Putra,Keren.... Mempermudah pengambilan tiket...,5,,2023-06-18 10:12:37,"Halo Kak, terima kasih banyak atas ratingnya, semoga Kakak tetap nyaman dan selau setia menjadi pelanggan Traveloka. Yuk Kak pantengin terus Traveloka Lifestyle Super App karna kami selalu berikan promo-promo yg menarik loooh, jangan sampai ketinggalan ya :)",2023-06-18 10:42:06,
Daniel hutabarat,Reschedule... tp bayarnya jadi 2x 👎👎👎👎 tidak ada pengembalian dana.,1,3.79.0,2023-06-18 10:06:17,"Hai, Daniel. Jika yang kamu maksud untuk reschedule tiket Pesawat, hal tersebut ada perhitungannya ya, yaitu:
Harga penerbangan baru – (Harga penerbangan lama – Airline Fee – Reschedule fee).
Kalau kamu mau dibantu cek lebih detail, silakan hubungi mimin melalui link https://www.traveloka.com/contactus dan infoin nomor pesanannya ya. Makasih. -AM",2023-06-18 10:15:19,3.79.0
Syahrul Hidayat,Oke,5,3.78.0,2023-06-18 09:38:31,,,3.78.0
W Dayati,thanks traveloka semua menjadi gampang,5,3.79.0,2023-06-18 08:35:17,"Halo Kak, terima kasih banyak atas ratingnya, semoga Kakak tetap nyaman dan selau setia menjadi pelanggan Traveloka. Yuk Kak pantengin terus Traveloka Lifestyle Super App karna kami selalu berikan promo-promo yg menarik loooh, jangan sampai ketinggalan ya :)",2023-06-18 08:42:12,3.79.0
Nisa Kh04,Sistem Traveloka lagi kenapa ini.. mau reschedule+ kok di persulit banget. Padahal penerbangan nya udh pekan depan. Kalau bisa di reschedule sebelum hari Selasa tak ganti jadi 🌟 5,3,3.79.0,2023-06-18 07:46:05,"Hai, Nisa. Mohon maaf atas kendala yang kamu alami ya. Untuk lakukan pengecekan lebih lanjut, kamu bisa infokan detail kendala dan nomor pesanan dengan hubungi kami melalui https://www.traveloka.com/contactus. Terima kasih.-TK",2023-06-18 08:16:22,3.79.0
Ngah alan,Baik,5,,2023-06-18 07:09:36,"Halo Kak, terima kasih banyak atas ratingnya, semoga Kakak tetap nyaman dan selau setia menjadi pelanggan Traveloka. Yuk Kak pantengin terus Traveloka Lifestyle Super App karna kami selalu berikan promo-promo yg menarik loooh, jangan sampai ketinggalan ya :)",2023-06-18 07:12:12,
Zulfati Ms,sangat membantu,5,3.76.0,2023-06-18 07:06:27,"Hi Kak, senang banget nih dapat rating bagus dari Kakak, terima kasih juga atas feedbacknya! Kenyamanan Kakak adalah prioritas Kami, jika ada pertanyaan lainnya jangan sungkan ya untuk infokan pada kami di https://www.traveloka.com/contactus . Jangan sampai ketinggalan penawaran menarik lainnya di Traveloka Lifestye Super Apps.",2023-06-18 07:12:15,3.76.0
Muhammad Irfan,mantap,5,3.79.0,2023-06-18 06:34:51,"Halo Kak, terima kasih banyak atas ratingnya, semoga Kakak tetap nyaman dan selau setia menjadi pelanggan Traveloka. Yuk Kak pantengin terus Traveloka Lifestyle Super App karna kami selalu berikan promo-promo yg menarik loooh, jangan sampai ketinggalan ya :)",2023-06-18 06:42:05,3.79.0
Tomy Adi Sumiarso,simpel pesan tiket dan hotel dengan banyak pilihan.smg amanah,5,3.79.0,2023-06-18 06:29:14,"Hi Kak, senang banget nih dapat rating bagus dari Kakak, terima kasih juga atas feedbacknya! Kenyamanan Kakak adalah prioritas Kami, jika ada pertanyaan lainnya jangan sungkan ya untuk infokan pada kami di https://www.traveloka.com/contactus . Jangan sampai ketinggalan penawaran menarik lainnya di Traveloka Lifestye Super Apps.",2023-06-18 06:42:09,3.79.0
Rifaatul Mahmudah,Sangat bagus,5,3.79.0,2023-06-18 06:02:33,"Halo Kak, terima kasih banyak atas ratingnya, semoga Kakak tetap nyaman dan selau setia menjadi pelanggan Traveloka. Yuk Kak pantengin terus Traveloka Lifestyle Super App karna kami selalu berikan promo-promo yg menarik loooh, jangan sampai ketinggalan ya :)",2023-06-18 06:12:07,3.79.0
Oppo Marelan,Saya tidak bisa mendownload aplikasi ini,1,,2023-06-18 05:53:51,"Hai, Kak Oppo. Maaf udah buat kamu gak nyaman. Mohon pastikan internet kamu dalam keadaan stabil dan memori internal maupun eksternal kamu tidak penuh ya. Terima kasih. -AM",2023-06-18 06:13:55,
Syahrial Syah,good job,5,3.79.0,2023-06-18 05:35:12,"Hi, thank you very much for the positive review! Please feel free to contact us at https://www.traveloka.com/contactus we're more than happy to assist you and Stay tuned for more exciting offers on Traveloka Lifestyle Super App.",2023-06-18 05:42:06,3.79.0
Wildan Sumadanu,Kenapa tiket pesawat tidak bisa boking kursi??,4,3.79.0,2023-06-18 04:36:36,"Hai Wildan, untuk pemilihan kursi pada dasarnya bisa dilakukan. Apabila tidak bisa dipilih pada saat pemesanan maka kamu dapat pilih kursinya di bandara/maskapai pada saat sebelum penerbangan ya dan ketersediaan kursi mengikuti maskapai. Jika ada pertanyaan, bisa hubungi kami di email cs@traveloka.com atau pesan Chat Inbox aplikasi Traveloka. -CA",2023-06-18 04:45:22,3.79.0
yusnita agustin,kenapa tulisannya nasalah koneksi padahal buat buka apk lain lancar,1,3.79.0,2023-06-18 03:16:04,"Hai Yusnita, maaf banget buat kamu gak nyaman, perihal kendala tersebut pastikan kembali ruang penyimpanan pada ponsel kamu mencukupi dan lakukan pembaruan versi pada aplikasi Traveloka kamu, jika masih terkendala Kakak bisa infokan kembali kepada kami melalui email kami di cs@traveloka.com ya. Makasih. -AK",2023-06-18 03:46:06,3.79.0
Titi Mulyani,Gak cocok dg pribadi saya,1,3.79.0,2023-06-18 02:59:01,"Hai, Kak Titi. Mimin sedih banget kamu gak cocok dengan Traveloka huhu. Infoin ke mimn dong gak cocoknya karena apa? Yuk hubungi mimin yuk, ceritain ke mimin keluh kesah kamu terhadap Traveloka. Siapa tau setelah itu kamu bisa cocok dengan Traveloka. Mimin tunggu ya Kak, langsung aja klik link ini ya https://www.traveloka.com/contactus. Makasih. -A",2023-06-18 03:16:35,3.79.0
Richard,"Gak pernah telat, bayar selalu on time tp level selalu turun",1,,2023-06-18 02:56:56,"Hai, Richard. Mohon maaf atas ketidaknyamanannya. Supaya kami bisa bantu cek lebih lanjut, mohon infokan akun PayLater kamu melalui akun IG Traveloka PayLater di https://www.instagram.com/travelokapaylater/ ya. Terima kasih. -SY",2023-06-18 03:16:38,
Rahman Spd,"Setelah diupdate malah kagak bisa diakses lagi, 👎",1,3.79.0,2023-06-18 02:42:12,"Hai Rahman, maaf ya atas kendalanya. Apabila kendala akses aplikasi Traveloka, pastikan koneksi internet yang digunakan stabil dan kapasitas memori penyimpanan mencukupi setelah itu akses kembali. Apabila ada pertanyaan, bisa langsung menghubungi kami melalui email di cs@traveloka.com atau pesan Chat Inbox di aplikasi Traveloka. Terima kasih. -CA",2023-06-18 03:14:12,3.79.0
Adiwiradharma ID,selalu Traveloka 👍👍,5,3.79.0,2023-06-18 02:41:55,"Halo Kak, terima kasih banyak atas ratingnya, semoga Kakak tetap nyaman dan selau setia menjadi pelanggan Traveloka. Yuk Kak pantengin terus Traveloka Lifestyle Super App karna kami selalu berikan promo-promo yg menarik loooh, jangan sampai ketinggalan ya :)",2023-06-18 03:12:09,3.79.0
Robin Tv,"pembelian tiket katanya dapet poin, eh pas udh beli malah poin masih nol. mana kaga ada penjelasan",1,3.79.0,2023-06-18 02:24:27,"Hai, Robin. Maaf udah buat kamu gak nyaman. Supaya mimin bisa bantu cek kendala poin kamu, silakan hubungi mimin melalui link ini ya https://www.traveloka.com/contactus. Jangan lupa infoin juga nomor pesanan kamu. Terima kasih. -AM",2023-06-18 02:43:53,3.79.0
Domensius Hutagaol,"Baru saja di update kok makin buruk ya , mau liat harga tiket... Jdi kesal layanan ny 😌",1,3.79.0,2023-06-18 02:06:57,"Hai Domensius, kalau boleh tau perihal kendala kamu seperti apa ya Kak? Mohon informasikan detail kendala yang kamu alami untuk dapat kami bantu tindaklanjuti melalui email kami di cs@traveloka.com ya. Makasih. -AK",2023-06-18 02:13:56,3.79.0
Dodi Saputra,Bagus Juga,4,,2023-06-18 01:57:47,"Halo Kak, terima kasih banyak atas ratingnya, semoga Kakak tetap nyaman dan selau setia menjadi pelanggan Traveloka. Yuk Kak pantengin terus Traveloka Lifestyle Super App karna kami selalu berikan promo-promo yg menarik loooh, jangan sampai ketinggalan ya :)",2023-06-18 02:12:07,
bargo bargo,excelent,5,,2023-06-18 01:52:26,,,
Efendi Julianto,cukup baik,4,3.79.0,2023-06-18 01:31:24,"Halo Kak, terima kasih banyak atas ratingnya, semoga Kakak tetap nyaman dan selau setia menjadi pelanggan Traveloka. Yuk Kak pantengin terus Traveloka Lifestyle Super App karna kami selalu berikan promo-promo yg menarik loooh, jangan sampai ketinggalan ya :)",2023-06-18 01:42:12,3.79.0
irfan ashari,oke banget,5,3.78.0,2023-06-18 01:23:02,"Hi Kak, senang banget nih dapat rating bagus dari Kakak, terima kasih juga atas feedbacknya! Kenyamanan Kakak adalah prioritas Kami, jika ada pertanyaan lainnya jangan sungkan ya untuk infokan pada kami di https://www.traveloka.com/contactus . Jangan sampai ketinggalan penawaran menarik lainnya di Traveloka Lifestye Super Apps.",2023-06-18 01:42:15,3.78.0
Imron rosadi,Good,4,3.79.0,2023-06-18 01:04:36,"Hi, thank you very much for the positive review! Please feel free to contact us at https://www.traveloka.com/contactus we're more than happy to assist you and Stay tuned for more exciting offers on Traveloka Lifestyle Super App.",2023-06-18 01:12:07,3.79.0
RUMAH INDONESIA,Wonderful Indonesia,5,3.79.0,2023-06-18 00:36:44,"Hi, thank you very much for the positive review! Please feel free to contact us at https://www.traveloka.com/contactus we're more than happy to assist you and Stay tuned for more exciting offers on Traveloka Lifestyle Super App.",2023-06-18 00:42:06,3.79.0
Andinhezt Pramudita,sangat baik,5,,2023-06-17 22:49:11,"Halo Kak, terima kasih banyak atas ratingnya, semoga Kakak tetap nyaman dan selau setia menjadi pelanggan Traveloka. Yuk Kak pantengin terus Traveloka Lifestyle Super App karna kami selalu berikan promo-promo yg menarik loooh, jangan sampai ketinggalan ya :)",2023-06-17 23:12:08,
Martinus Tinus,pelayanan bagus,5,3.79.0,2023-06-17 22:20:09,"Halo Kak, terima kasih banyak atas ratingnya, semoga Kakak tetap nyaman dan selau setia menjadi pelanggan Traveloka. Yuk Kak pantengin terus Traveloka Lifestyle Super App karna kami selalu berikan promo-promo yg menarik loooh, jangan sampai ketinggalan ya :)",2023-06-17 22:42:06,3.79.0
Yanthi Saranga,Awalnya takut beli tiket disini tp ternyata amanah,5,,2023-06-17 18:40:36,"Halo Kak, terima kasih banyak atas ratingnya, semoga Kakak tetap nyaman dan selau setia menjadi pelanggan Traveloka. Yuk Kak pantengin terus Traveloka Lifestyle Super App karna kami selalu berikan promo-promo yg menarik loooh, jangan sampai ketinggalan ya :)",2023-06-17 18:42:06,
Edi m.nurhaedi,Mau tanya cara refund gmn ya saya ada pemesan hari ini tglb17 jun.. di kirain pesanannya buat nginep malam ini ga taunya masi lam tgl 24..kira2 uangnya bs kembali ga ya,5,3.79.0,2023-06-17 17:46:09,Hai Edi. Kamu bisa ajukan refund dengan akun kamu melalui aplikasi ya. Namun semua tergantung pada kebijakan pembatalan pesanan. Jika pesanan kamu bersifat refundable berati kamu bisa ajukan refund langsung. Terima kasih. -KK,2023-06-17 18:14:12,3.79.0
Narindra Prayudhya Putra,"the best, semoga banyak promo dan menyajikan tiket dan voucher hotel semakin murah meriah",5,3.79.0,2023-06-17 15:09:41,"Halo Kak, terima kasih banyak atas ratingnya, semoga Kakak tetap nyaman dan selau setia menjadi pelanggan Traveloka. Yuk Kak pantengin terus Traveloka Lifestyle Super App karna kami selalu berikan promo-promo yg menarik loooh, jangan sampai ketinggalan ya :)",2023-06-17 15:12:12,3.79.0
Aryz Kdr,"boking tiket paling mudahh, t'hks traveloka👍",5,3.79.0,2023-06-17 14:44:35,"Hi Kak, senang banget nih dapat rating bagus dari Kakak, terima kasih juga atas feedbacknya! Kenyamanan Kakak adalah prioritas Kami, jika ada pertanyaan lainnya jangan sungkan ya untuk infokan pada kami di https://www.traveloka.com/contactus . Jangan sampai ketinggalan penawaran menarik lainnya di Traveloka Lifestye Super Apps.",2023-06-17 15:12:16,3.79.0
Nelly Novida,kok paylater diaktifkan tp ga bs dipake huuu,3,3.79.0,2023-06-17 13:54:58,"Hai Nelly, mohon maaf atas kendala kamu Kak. Untuk dapat mimin cek lebih lanjut terkait kendala kamu. Mohon dapat menginformasikan alamat email dan nomor telpon yang terhubung dengan PayLater melalui link https://www.traveloka.com/id-id/contactus Kak. Terima kasih. -AH",2023-06-17 14:13:56,3.79.0
Deny Wahyudi,Good,5,,2023-06-17 13:46:07,"Hi, we are so grateful to get a lot of support from you. Hope you continue to enjoy our offers. If you have any feedback or suggestions, let us know on https://www.traveloka.com/contactus, our customer service would love to serve you in 24 hours. Thank you!",2023-06-17 14:12:10,
Ella Rosa Budiyati,good,5,3.79.0,2023-06-17 13:20:12,"Hi, thank you very much for the positive review! Please feel free to contact us at https://www.traveloka.com/contactus we're more than happy to assist you and Stay tuned for more exciting offers on Traveloka Lifestyle Super App.",2023-06-17 13:42:06,3.79.0
Robby Cahyadi Hartono,mahal harganya dan transfer di beberapa bank tertentu sering bermasalah,2,3.79.0,2023-06-17 12:41:00,"Hai Robby, mohon maaf sudah membuat kamu tidak nyaman. Untuk harga bersifat fluktuatif mengikuti kebijakan pihak penyedia layanan. Jika kamu mengalami kendala dalam proses pembayaran, kamu bisa infokan kendala kamu melalui link https://www.traveloka.com/id-id/contactus Kak. Terima kasih. -AH",2023-06-17 12:44:41,3.79.0
M Hidayat,oke,5,,2023-06-17 12:09:41,,,
esat talakua,baru update malah ga bisa kebuka,1,3.79.0,2023-06-17 11:24:58,"Hai, Kak. Kami meminta maaf atas kendala yang kamu alami. Kamu dapat menghubungi kami melalui https://www.traveloka.com/id-id/contactus agar masalahmu bisa diselesaikan secepat mungkin.
Kami akan berikan solusi terbaik agar kamu dapat merasa puas dan layanan kami layak mendapatkan rating yang lebih baik. Terima kasih. -OE",2023-06-17 11:43:40,3.79.0
Andre Zazuli,Kok gabisa di buka ya apk nya gmna. Pdhal udah di update juga,3,3.79.0,2023-06-17 11:07:39,"Hai Kak Andre, maaf banget kendala penggunaan app Traveloka kamu. Kalau masih kendala setelah diupdate, mimin saranin untuk clear cache pada file manager device kamu supaya gak ada crash lagi Kak. Terima kasih -DZ",2023-06-17 11:17:33,3.79.0
agus sunoto sunoto,ok,4,,2023-06-17 10:56:31,"Hi, thank you very much for the positive review! Please feel free to contact us at https://www.traveloka.com/contactus we're more than happy to assist you and Stay tuned for more exciting offers on Traveloka Lifestyle Super App.",2023-06-17 11:12:08,
Alifio Niester Renzo,its so wonderfull travelling arround the world,5,3.72.0,2023-06-17 10:29:02,"Hi, thank you very much for the positive review! Please feel free to contact us at https://www.traveloka.com/contactus we're more than happy to assist you and Stay tuned for more exciting offers on Traveloka Lifestyle Super App.",2023-06-17 10:42:07,3.72.0
bambang eki,Respon cepat dan simple,5,3.78.0,2023-06-17 10:23:57,"Hi Kak, senang banget nih dapat rating bagus dari Kakak, terima kasih juga atas feedbacknya! Kenyamanan Kakak adalah prioritas Kami, jika ada pertanyaan lainnya jangan sungkan ya untuk infokan pada kami di https://www.traveloka.com/contactus . Jangan sampai ketinggalan penawaran menarik lainnya di Traveloka Lifestye Super Apps.",2023-06-17 10:42:11,3.78.0
Jatmiko Gutoyo,good,5,3.79.0,2023-06-17 10:13:57,Thank you for leaving a good comment to us. Let us know if you have any suggestion for improvement through https://www.traveloka.com/contactus . Stay around for more interesting offers from Traveloka Lifestyle Super App!,2023-06-17 10:42:15,3.79.0
Hendra Bungsu,good,2,3.79.0,2023-06-17 09:39:29,"Halo, Hendra. Jika kamu memiliki pertanyaan atau kendala silakan menghubungi kami melalui tautan https://www.traveloka.com/id-id/contactus. Terima kasih. -SC",2023-06-17 09:47:04,3.79.0
Trio A.L. Putra,"Total harga sblm pembayaran setiap saat bisa berubah, selisihnya lumayan banyak padahal hy beda waktu 15 mnt",3,3.79.0,2023-06-17 09:10:00,"Halo Putra, mohon maaf banget terkait hal ini ya. Pada dasarnya harga di Traveloka bersifat fluktuatif/dapat berubah sewaktu-waktu. Kamu bisa juga gunakan promo yang sedang berlangsung di aplikasi Traveloka, supaya nantinya mendapatkan harga yang lebih menarik ya Kak. Terima kasih. -OR",2023-06-17 09:13:37,3.79.0
Maman Sulaeman,good,5,3.79.0,2023-06-17 08:59:08,"Hi, thank you very much for the positive review! Please feel free to contact us at https://www.traveloka.com/contactus we're more than happy to assist you and Stay tuned for more exciting offers on Traveloka Lifestyle Super App.",2023-06-17 09:12:08,3.79.0
Robiyan,sangat cepat dalam bertransaksi,5,3.37.0,2023-06-17 08:55:33,"Hi Kak, senang banget nih dapat rating bagus dari Kakak, terima kasih juga atas feedbacknya! Kenyamanan Kakak adalah prioritas Kami, jika ada pertanyaan lainnya jangan sungkan ya untuk infokan pada kami di https://www.traveloka.com/contactus . Jangan sampai ketinggalan penawaran menarik lainnya di Traveloka Lifestye Super Apps.",2023-06-17 09:12:11,3.37.0
anindya adinda,Daftar paylater udah selesai tp g ada kepastian di tolak ayo ACC selalu suruh daftar lagi,2,3.51.2,2023-06-17 08:32:52,"Hai Anindya, maaf banget buat kamu gak nyaman, untuk pendaftaran PayLater merupakan ketentuan dari tim Analyst PayLater Traveloka untuk perihal tersebut, Jika kamu butuh bantuan kembali bisa hubungi langsung ke akun IG PayLater Traveloka https://www.instagram.com/travelokapaylater/ ya. Makasih. -AK
",2023-06-17 08:45:18,3.51.2
sar yono,terima kasih atas kemudahan reservasi nya..,5,3.79.0,2023-06-17 08:23:41,"Halo Kak, terima kasih banyak atas ratingnya, semoga Kakak tetap nyaman dan selau setia menjadi pelanggan Traveloka. Yuk Kak pantengin terus Traveloka Lifestyle Super App karna kami selalu berikan promo-promo yg menarik loooh, jangan sampai ketinggalan ya :)",2023-06-17 08:42:08,3.79.0
Davidcung David,Ok,5,3.75.0,2023-06-17 07:42:00,"Hi, thank you very much for the positive review! Please feel free to contact us at https://www.traveloka.com/contactus we're more than happy to assist you and Stay tuned for more exciting offers on Traveloka Lifestyle Super App.",2023-06-17 08:12:09,3.75.0
MARKOBAR 2000,overall ok,5,3.78.0,2023-06-17 07:30:07,"Hi, thank you very much for the positive review! Please feel free to contact us at https://www.traveloka.com/contactus we're more than happy to assist you and Stay tuned for more exciting offers on Traveloka Lifestyle Super App.",2023-06-17 07:42:07,3.78.0
Nazwa Prima,baik terimakasih,5,3.78.0,2023-06-17 06:07:02,"Halo Kak, terima kasih banyak atas ratingnya, semoga Kakak tetap nyaman dan selau setia menjadi pelanggan Traveloka. Yuk Kak pantengin terus Traveloka Lifestyle Super App karna kami selalu berikan promo-promo yg menarik loooh, jangan sampai ketinggalan ya :)",2023-06-17 06:12:06,3.78.0
Ardianto Tamin,bagus,4,3.78.0,2023-06-17 05:43:24,"Hi Kak, senang banget nih dapat rating bagus dari Kakak, terima kasih juga atas feedbacknya! Kenyamanan Kakak adalah prioritas Kami, jika ada pertanyaan lainnya jangan sungkan ya untuk infokan pada kami di https://www.traveloka.com/contactus . Jangan sampai ketinggalan penawaran menarik lainnya di Traveloka Lifestye Super Apps.",2023-06-17 06:12:11,3.78.0
Reni Yulistiyana,terbaik,5,3.79.0,2023-06-17 05:37:20,"Halo Kak, terima kasih banyak atas ratingnya, semoga Kakak tetap nyaman dan selau setia menjadi pelanggan Traveloka. Yuk Kak pantengin terus Traveloka Lifestyle Super App karna kami selalu berikan promo-promo yg menarik loooh, jangan sampai ketinggalan ya :)",2023-06-17 05:42:06,3.79.0
Sampai Disini,Susah amat si login buang buang waktu aja. G bisa di pake,1,3.79.0,2023-06-17 04:21:13,"Hai Bejo, maaf banget buat kamu gak nyaman, perihal kendala log-in pastikan kamu log-in menggunakan alamat email dan nomor telepon yang terdaftar pada akun Traveloka kamu Kak, namun jika masih terkendala Kakak bisa menghubungi kami melalui email di alamat email cs@traveloka.com ya Kak. Terima kasih. -AK",2023-06-17 04:45:09,3.79.0
daeng yudha agung,"Customer service anda saudari ""ana"" sangat tidak solutif, terkesan cuek dan tidak ramah sama sekali, tiba2 tlp saya di matikan sangat tidak sopan sama sekali, setelah itu saya telpon lagi sampai 3 kali tapi tidak di angkat2 , dan sampai saat ini masalah yg saya hadapi belum selesai, Rugi sekali Traveloka mempekerjakan org tolol seperti ini , iya dia petugas call center bernama ""ana"" Pengalaman buruk ini akan menjadi catatan penting saya, setidak nya lingkungan terdekat saya pasti akan sy wanti2",1,3.79.0,2023-06-17 04:14:03,,,3.79.0
YUNI VEROSITA,lancar,4,3.79.0,2023-06-17 04:04:19,"Halo Kak, terima kasih banyak atas ratingnya, semoga Kakak tetap nyaman dan selau setia menjadi pelanggan Traveloka. Yuk Kak pantengin terus Traveloka Lifestyle Super App karna kami selalu berikan promo-promo yg menarik loooh, jangan sampai ketinggalan ya :)",2023-06-17 04:12:13,3.79.0
EKA WISNU WARDHANA,keren,5,3.79.0,2023-06-17 04:02:40,"Hi Kak, senang banget nih dapat rating bagus dari Kakak, terima kasih juga atas feedbacknya! Kenyamanan Kakak adalah prioritas Kami, jika ada pertanyaan lainnya jangan sungkan ya untuk infokan pada kami di https://www.traveloka.com/contactus . Jangan sampai ketinggalan penawaran menarik lainnya di Traveloka Lifestye Super Apps.",2023-06-17 04:12:16,3.79.0
Singgih Wibawa,Tidak ada kendala,5,3.79.0,2023-06-17 03:50:17,"Hi Kak, terima kasih atas feedbacknya, semoga Kakak tetap setia dengan Traveloka. Jika ada pertanyaan lain bisa langsung infokan pada kami di https://www.traveloka.com/contactus ya, Kak. Pantau terus Traveloka Lifestyle Super App untuk penawaran spesial lainnya!",2023-06-17 04:12:19,3.79.0
Arok Anggr,Sampaurna,5,3.69.0,2023-06-17 03:28:41,,,3.69.0
Salamat Sam01,mantab,5,3.79.0,2023-06-17 02:49:14,"Halo Kak, terima kasih banyak atas ratingnya, semoga Kakak tetap nyaman dan selau setia menjadi pelanggan Traveloka. Yuk Kak pantengin terus Traveloka Lifestyle Super App karna kami selalu berikan promo-promo yg menarik loooh, jangan sampai ketinggalan ya :)",2023-06-17 03:12:14,3.79.0
Feby rusandi,sangat membantu aplikasi ini,4,3.76.0,2023-06-17 02:47:45,"Hi Kak, senang banget nih dapat rating bagus dari Kakak, terima kasih juga atas feedbacknya! Kenyamanan Kakak adalah prioritas Kami, jika ada pertanyaan lainnya jangan sungkan ya untuk infokan pada kami di https://www.traveloka.com/contactus . Jangan sampai ketinggalan penawaran menarik lainnya di Traveloka Lifestye Super Apps.",2023-06-17 03:12:17,3.76.0
anton bangun,selama ini cukup membantu....,5,3.79.0,2023-06-17 02:47:40,"Hi Kak, terima kasih atas feedbacknya, semoga Kakak tetap setia dengan Traveloka. Jika ada pertanyaan lain bisa langsung infokan pada kami di https://www.traveloka.com/contactus ya, Kak. Pantau terus Traveloka Lifestyle Super App untuk penawaran spesial lainnya!",2023-06-17 03:12:20,3.79.0
Sony Chandra,Aplikasi crack tidak bisa dibuka karena masalah server sudah berhari hari,1,,2023-06-17 02:11:50,"Hai, Sony. Mohon maaf atas kendala yang kamu alami. Silakan update akun Traveloka kamu dengan versi yang paling baru terlebih dahulu, log out log in akun Traveloka, bersihkan cache di handphone, pastikan keadaan internet dalam keadaan baik dan lakukan pemesanan secara berkala atau melalui website Traveloka www.traveloka.com. Terima kasih. -AM",2023-06-17 02:15:00,
Dewi Alyasin,Mohon bantuan untuk proses verifikasi. Sy sudah melakukan pembayaran tapi malah gagal verifikasi karena sistem sedang perbaikan. Sy sudah melakukan pelaporan berjam yang lalu tp masih belum ada hasil,3,3.79.0,2023-06-17 01:16:12,"Hai Dewi, maaf banget buat kamu gak nyaman, perihal proses verifikasi pembayaran membutuhkan waktu 60 menit terhitung sejak pembayaran kamu diterima, namun jika masih terkendala kamu bisa menghubungi kami melalui email Traveloka di alamat email cs@traveloka.com ya Kak. Terima kasih. -AK",2023-06-17 00:15:13,3.79.0
Achmad LM,biak,5,3.79.0,2023-06-17 00:54:50,,,3.79.0
Hanifah Najla,alhamdulillah proses mudah dan aman. Terima kasih,5,3.79.0,2023-06-17 00:37:24,"Halo Kak, terima kasih banyak atas ratingnya, semoga Kakak tetap nyaman dan selau setia menjadi pelanggan Traveloka. Yuk Kak pantengin terus Traveloka Lifestyle Super App karna kami selalu berikan promo-promo yg menarik loooh, jangan sampai ketinggalan ya :)",2023-06-17 00:42:06,3.79.0
Setya Budi,mantapp,5,3.79.0,2023-06-16 23:56:23,"Halo Kak, terima kasih banyak atas ratingnya, semoga Kakak tetap nyaman dan selau setia menjadi pelanggan Traveloka. Yuk Kak pantengin terus Traveloka Lifestyle Super App karna kami selalu berikan promo-promo yg menarik loooh, jangan sampai ketinggalan ya :)",2023-06-17 00:12:07,3.79.0
Andika Fathur Rachman,Keraskan jawamu,5,3.78.0,2023-06-16 23:50:26,"Hi Kak, senang banget nih dapat rating bagus dari Kakak, terima kasih juga atas feedbacknya! Kenyamanan Kakak adalah prioritas Kami, jika ada pertanyaan lainnya jangan sungkan ya untuk infokan pada kami di https://www.traveloka.com/contactus . Jangan sampai ketinggalan penawaran menarik lainnya di Traveloka Lifestye Super Apps.",2023-06-17 00:12:10,3.78.0
hanifah istanti,oke,5,,2023-06-16 22:20:24,,,
Mochammad Fais Kurniansah,sangat terbantu untuk urusan liburan,5,3.48.0,2023-06-16 15:00:25,"Halo Kak, terima kasih banyak atas ratingnya, semoga Kakak tetap nyaman dan selau setia menjadi pelanggan Traveloka. Yuk Kak pantengin terus Traveloka Lifestyle Super App karna kami selalu berikan promo-promo yg menarik loooh, jangan sampai ketinggalan ya :)",2023-06-16 15:12:07,3.48.0
Rizqi Amrullah Wildan Yani,"sudah baik,",5,3.79.0,2023-06-16 14:45:13,"Hi Kak, senang banget nih dapat rating bagus dari Kakak, terima kasih juga atas feedbacknya! Kenyamanan Kakak adalah prioritas Kami, jika ada pertanyaan lainnya jangan sungkan ya untuk infokan pada kami di https://www.traveloka.com/contactus . Jangan sampai ketinggalan penawaran menarik lainnya di Traveloka Lifestye Super Apps.",2023-06-16 15:12:09,3.79.0
Velyn Winey,banyakin promo,5,3.78.0,2023-06-16 14:44:29,"Halo Kak, terima kasih banyak atas ratingnya, semoga Kakak tetap nyaman dan selau setia menjadi pelanggan Traveloka. Yuk Kak pantengin terus Traveloka Lifestyle Super App karna kami selalu berikan promo-promo yg menarik loooh, jangan sampai ketinggalan ya :)",2023-06-16 15:12:15,3.78.0
Wira Muhammad,Barakallah Fiik Syukron.,5,3.79.0,2023-06-16 14:29:14,"Hai, Wira. Terima kasih untuk ratingnya. Semoga kamu tetap nyaman dan selalu setia menjadi pelanggan Traveloka. Yuk Kak pantengin terus Traveloka Lifestyle Super App karna kami selalu berikan promo-promo yang menarik. Jangan sampai ketinggalan ya. -KA",2023-06-16 14:43:38,3.79.0
Umri Wahyudi,mantab,5,3.69.0,2023-06-16 14:26:07,"Halo Kak, terima kasih banyak atas ratingnya, semoga Kakak tetap nyaman dan selau setia menjadi pelanggan Traveloka. Yuk Kak pantengin terus Traveloka Lifestyle Super App karna kami selalu berikan promo-promo yg menarik loooh, jangan sampai ketinggalan ya :)",2023-06-16 14:42:08,3.69.0
Asensio Alfarezel,Ok,5,3.78.0,2023-06-16 13:38:43,"Hi, thank you very much for the positive review! Please feel free to contact us at https://www.traveloka.com/contactus we're more than happy to assist you and Stay tuned for more exciting offers on Traveloka Lifestyle Super App.",2023-06-16 13:42:12,3.78.0
Jodi Kebalen,Sangat mudah dan membantu boking Hotel dan trasnportasi..,5,,2023-06-16 13:27:14,"Hi Kak, senang banget nih dapat rating bagus dari Kakak, terima kasih juga atas feedbacknya! Kenyamanan Kakak adalah prioritas Kami, jika ada pertanyaan lainnya jangan sungkan ya untuk infokan pada kami di https://www.traveloka.com/contactus . Jangan sampai ketinggalan penawaran menarik lainnya di Traveloka Lifestye Super Apps.",2023-06-16 13:42:15,
Cahyo Yono,top,5,3.79.0,2023-06-16 12:31:01,"Hi, thank you very much for the positive review! Please feel free to contact us at https://www.traveloka.com/contactus we're more than happy to assist you and Stay tuned for more exciting offers on Traveloka Lifestyle Super App.",2023-06-16 12:42:11,3.79.0
Yuno Prasetyo,mudah sekali pengoperasian nya,5,3.78.0,2023-06-16 11:28:52,"Hi Kak, terima kasih atas feedbacknya, semoga Kakak tetap setia dengan Traveloka. Jika ada pertanyaan lain bisa langsung infokan pada kami di https://www.traveloka.com/contactus ya, Kak. Pantau terus Traveloka Lifestyle Super App untuk penawaran spesial lainnya!",2023-06-16 11:42:11,3.78.0
Dimas sum,ok,5,3.79.0,2023-06-16 11:27:49,"Hi, thank you very much for the positive review! Please feel free to contact us at https://www.traveloka.com/contactus we're more than happy to assist you and Stay tuned for more exciting offers on Traveloka Lifestyle Super App.",2023-06-16 11:42:13,3.79.0
Asrul Syah,setelah update 12 juni 2023 jadi eror,1,,2023-06-16 10:52:40,"Hai, Asrul. Mohon maaf atas ketidaknyamanannya. Untuk membantu kami memahami kendala yang kamu alami, mohon bantuannya untuk menginformasikan detail kendala error yang dimaksud melalui link https://www.traveloka.com/contactus ya. Kami akan berusaha untuk membantu kendala kamu semaksimal mungkin. Terima kasih. -RF",2023-06-16 11:15:43,
bima sasikirono,Main rescheadule orang aja. Gak jelas,1,3.78.0,2023-06-16 10:27:52,"Hai Bima. Terkait reschedule dari pihak maskapai atau penyedia jasa lainnya merupakan kebijakan pihak maskapai dan penyedia jasa demi keamanan dan kenyamanan bersama dalam Transportasi, karena pihak maskapai dan penyedia jasa adalah pihak yang bertanggung jawab terhadap customer selama perjalanan. Terima kasih atas pengertiannya. -FR",2023-06-16 10:45:09,3.78.0
Mar Mar,jos,4,3.79.0,2023-06-16 10:23:24,,,3.79.0
Agus Winarno,harga,5,3.77.1,2023-06-16 10:11:31,"Halo Kak, terima kasih banyak atas ratingnya, semoga Kakak tetap nyaman dan selau setia menjadi pelanggan Traveloka. Yuk Kak pantengin terus Traveloka Lifestyle Super App karna kami selalu berikan promo-promo yg menarik loooh, jangan sampai ketinggalan ya :)",2023-06-16 10:12:09,3.77.1
Hengki Hengki,Mantap,5,3.79.0,2023-06-16 09:51:06,"Hi Kak, senang banget nih dapat rating bagus dari Kakak, terima kasih juga atas feedbacknya! Kenyamanan Kakak adalah prioritas Kami, jika ada pertanyaan lainnya jangan sungkan ya untuk infokan pada kami di https://www.traveloka.com/contactus . Jangan sampai ketinggalan penawaran menarik lainnya di Traveloka Lifestye Super Apps.",2023-06-16 10:12:12,3.79.0
Sudhi Rochmad,Untuk uangku nya kurang ... Gak bisa di tarik .. Verifikasinya,4,3.79.0,2023-06-16 09:16:43,"Hai, Sudhi. Pada dasarnya untuk bisa menarik saldo UANGKU kamu perlu untuk upgrade saldo UANGKU terlebih dahulu ya. Terkait upgrade bisa langsung menghubungi pihak UANGKU terlebih dahulu ya. Terima kasih. -RF",2023-06-16 09:47:36,3.79.0
Ade Ruskendi,sangat membantu,5,3.79.0,2023-06-16 09:15:10,"Halo Kak, terima kasih banyak atas ratingnya, semoga Kakak tetap nyaman dan selau setia menjadi pelanggan Traveloka. Yuk Kak pantengin terus Traveloka Lifestyle Super App karna kami selalu berikan promo-promo yg menarik loooh, jangan sampai ketinggalan ya :)",2023-06-16 09:42:11,3.79.0
nabilla megalista,Sangat membantu...apalagi dgn paylatter...makasih traveloka,5,3.79.0,2023-06-16 09:14:15,"Hi Kak, senang banget nih dapat rating bagus dari Kakak, terima kasih juga atas feedbacknya! Kenyamanan Kakak adalah prioritas Kami, jika ada pertanyaan lainnya jangan sungkan ya untuk infokan pada kami di https://www.traveloka.com/contactus . Jangan sampai ketinggalan penawaran menarik lainnya di Traveloka Lifestye Super Apps.",2023-06-16 09:42:14,3.79.0
Swandi Siagian,"mantap, terimakasih Traveloka, sangat membantu masyarakat,sukses terus kedepannya",5,3.79.0,2023-06-16 09:10:09,"Halo Kak, terima kasih banyak atas ratingnya, semoga Kakak tetap nyaman dan selau setia menjadi pelanggan Traveloka. Yuk Kak pantengin terus Traveloka Lifestyle Super App karna kami selalu berikan promo-promo yg menarik loooh, jangan sampai ketinggalan ya :)",2023-06-16 09:12:09,3.79.0
Syafrizal Fadli,"Mantap Traveloka, buat Traveling dan staycation",5,3.56.1,2023-06-16 09:09:33,,,3.56.1
Muhammad Adi,ccc,5,3.78.0,2023-06-16 08:40:09,"Hi, thank you very much for the positive review! Please feel free to contact us at https://www.traveloka.com/contactus we're more than happy to assist you and Stay tuned for more exciting offers on Traveloka Lifestyle Super App.",2023-06-16 08:42:07,3.78.0
Nur Halimah,"Keren abis. Buat reservasi tak ada kendala, kalopun ada kendala langsung di infokan dan dibantu untuk mendapatkan solusi terbaik. Sukses selalu traveloka. Terima kasih",5,3.79.0,2023-06-16 08:24:11,"Makasih atas review kamu ya Kak Nur. Makasih juga sudah menjadikan Traveloka sebagai teman perjalanan kamu. Jika butuh bantuan, silakan menghubungi kami melalui https://www.traveloka.com/id-id/contactus :) -MZ",2023-03-02 03:03:24,3.79.0
Fanny Epic,ok,4,3.79.0,2023-06-16 07:46:43,"Hi, thank you very much for the positive review! Please feel free to contact us at https://www.traveloka.com/contactus we're more than happy to assist you and Stay tuned for more exciting offers on Traveloka Lifestyle Super App.",2023-06-16 08:12:07,3.79.0
Ical Ical,mantap,5,3.78.0,2023-06-16 07:45:13,"Hi Kak, senang banget nih dapat rating bagus dari Kakak, terima kasih juga atas feedbacknya! Kenyamanan Kakak adalah prioritas Kami, jika ada pertanyaan lainnya jangan sungkan ya untuk infokan pada kami di https://www.traveloka.com/contactus . Jangan sampai ketinggalan penawaran menarik lainnya di Traveloka Lifestye Super Apps.",2023-06-16 08:12:09,3.78.0
Jelsen Lim,"Tambah nomor hp ribet bangat, sms nomor verifikasi kagak di kirim2",2,3.79.0,2023-06-16 07:38:06,"Hai Jelsen, mohon maaf atas kendala yang kamu alami. Supaya bisa kami bantu pengecekan, silakan infokan nomor telepon akun Traveloka kamu kepada kami melalui https://www.traveloka.com/id-id/contactus ya. Terima kasih. -NA",2023-06-16 07:45:07,3.79.0
yoseph rumbayan,good,5,3.78.0,2023-06-16 06:53:28,"Hi, thank you very much for the positive review! Please feel free to contact us at https://www.traveloka.com/contactus we're more than happy to assist you and Stay tuned for more exciting offers on Traveloka Lifestyle Super App.",2023-06-16 07:12:24,3.78.0
Arim Mufidah,bermanfaat sekali membantu perjalanan saya,5,3.79.0,2023-06-16 06:14:18,"Hi Kak, terima kasih atas feedbacknya, semoga Kakak tetap setia dengan Traveloka. Jika ada pertanyaan lain bisa langsung infokan pada kami di https://www.traveloka.com/contactus ya, Kak. Pantau terus Traveloka Lifestyle Super App untuk penawaran spesial lainnya!",2023-06-16 06:42:11,3.79.0
Achmad Jafar,mantab,5,3.79.0,2023-06-16 06:02:48,"Hi Kak, senang banget nih dapat rating bagus dari Kakak, terima kasih juga atas feedbacknya! Kenyamanan Kakak adalah prioritas Kami, jika ada pertanyaan lainnya jangan sungkan ya untuk infokan pada kami di https://www.traveloka.com/contactus . Jangan sampai ketinggalan penawaran menarik lainnya di Traveloka Lifestye Super Apps.",2023-06-16 06:12:20,3.79.0
Ucok Salomo,good,5,3.79.0,2023-06-16 05:47:08,"Hi, thank you very much for the positive review! Please feel free to contact us at https://www.traveloka.com/contactus we're more than happy to assist you and Stay tuned for more exciting offers on Traveloka Lifestyle Super App.",2023-06-16 06:12:25,3.79.0
RA. Wanda Felicia,bagus,5,3.79.0,2023-06-16 05:39:18,"Halo Kak, terima kasih banyak atas ratingnya, semoga Kakak tetap nyaman dan selau setia menjadi pelanggan Traveloka. Yuk Kak pantengin terus Traveloka Lifestyle Super App karna kami selalu berikan promo-promo yg menarik loooh, jangan sampai ketinggalan ya :)",2023-06-16 05:42:11,3.79.0
Hendi Rohendi,kreen dg harga dan masa aktip trmks,5,3.79.0,2023-06-16 05:32:23,"Hi Kak, senang banget nih dapat rating bagus dari Kakak, terima kasih juga atas feedbacknya! Kenyamanan Kakak adalah prioritas Kami, jika ada pertanyaan lainnya jangan sungkan ya untuk infokan pada kami di https://www.traveloka.com/contactus . Jangan sampai ketinggalan penawaran menarik lainnya di Traveloka Lifestye Super Apps.",2023-06-16 05:42:14,3.79.0
Robin Simangunsong,terimakasih traveloka.. sangat membantu sekali,5,3.79.0,2023-06-16 05:29:27,"Hi Kak, terima kasih atas feedbacknya, semoga Kakak tetap setia dengan Traveloka. Jika ada pertanyaan lain bisa langsung infokan pada kami di https://www.traveloka.com/contactus ya, Kak. Pantau terus Traveloka Lifestyle Super App untuk penawaran spesial lainnya!",2023-06-16 05:42:18,3.79.0
Jeffa Bethan,"Kenapa ngk bisa buka lgi,. 😭😭😭",5,3.79.0,2023-06-16 05:19:27,"Hai Jeffa. Maaf buat kamu tidak nyaman. Agar dapat kami bantu lebih lanjut kendala kamu, mohon dapat menghubungi kami melalui link https://www.traveloka.com/id-id/contactus. Terima kasih. -RM",2023-06-16 05:44:16,3.79.0
Raditya Putra,good,5,3.79.0,2023-06-16 04:56:59,"Hi, thank you very much for the positive review! Please feel free to contact us at https://www.traveloka.com/contactus we're more than happy to assist you and Stay tuned for more exciting offers on Traveloka Lifestyle Super App.",2023-06-16 05:12:07,3.79.0
Ricky Hidayat,good,5,3.79.0,2023-06-16 04:51:35,"Hi, we are so grateful to get a lot of support from you. Hope you continue to enjoy our offers. If you have any feedback or suggestions, let us know on https://www.traveloka.com/contactus, our customer service would love to serve you in 24 hours. Thank you!",2023-06-16 05:12:11,3.79.0
Achmad Zakiri,"Traveloka dodol dah, sdh masuk email harus hp juga, hp kita pertama daftar sdh 5 tahun lalu sebelum pandemi dan posisi di luar negri, dan kami sdh bayar 4 kamar untuk acara penting H-1 ditelpon kamar tdk tersedia dan saldo return! Selamat.... Traveler yg biasa ke LN pasti ganti2 no HP",1,3.79.0,2023-06-16 04:04:46,"Hai, Achmad, kami minta maaf atas kendala yang dialami. Kamu dapat hubungi kami melalui https://www.traveloka.com/id-id/contactus agar masalahmu bisa diselesaikan secepat mungkin. Kami tunggu. Terima kasih 🙏 -MA",2022-07-09 07:03:46,3.79.0
Septi Zantyk,good,5,3.79.0,2023-06-16 03:34:17,"Hi, thank you very much for the positive review! Please feel free to contact us at https://www.traveloka.com/contactus we're more than happy to assist you and Stay tuned for more exciting offers on Traveloka Lifestyle Super App.",2023-06-16 03:42:08,3.79.0
Novianti Sembiring,💲💲💲💲💆💆💆💆🎢🎢🎢🎢🎃🎃🎃👍👍👍💰💰💰💰🎁🎁🎁🎁,5,,2023-06-16 03:10:10,,,
Chili Fever,Dengan Aplikasi ini bisa dengan mudah membeli Tiket Pesawat,5,3.79.0,2023-06-16 02:54:38,"Hi Kak, senang banget nih dapat rating bagus dari Kakak, terima kasih juga atas feedbacknya! Kenyamanan Kakak adalah prioritas Kami, jika ada pertanyaan lainnya jangan sungkan ya untuk infokan pada kami di https://www.traveloka.com/contactus . Jangan sampai ketinggalan penawaran menarik lainnya di Traveloka Lifestye Super Apps.",2023-06-16 03:12:12,3.79.0
Nanang Iskandar,tanggung jawab sama yg viral kagak bisa pulang dari japan jadwal kagak d info ada perubahan! kagak bisa refund. lu yg salah kagak mau tanggung jawab,1,3.79.0,2023-06-16 02:52:14,"Hai Nanang, mohon maaf atas kendala yang kamu alami. Supaya bisa kami bantu bantu pengecekan mengenai kendala kamu silakan hubungi kami melalui https://www.traveloka.com/id-id/contactus ya. Terima kasih. -NA",2023-06-16 03:14:54,3.79.0
Riyanti Malik,sangat menolong di segala situasi. apalagi untuk orang yang pertama kali perjalanan,5,3.79.0,2023-06-16 02:51:43,"Hi Kak, terima kasih atas feedbacknya, semoga Kakak tetap setia dengan Traveloka. Jika ada pertanyaan lain bisa langsung infokan pada kami di https://www.traveloka.com/contactus ya, Kak. Pantau terus Traveloka Lifestyle Super App untuk penawaran spesial lainnya!",2023-06-16 03:12:16,3.79.0
Hery Widianto,berguna sekali,5,3.78.0,2023-06-16 02:43:32,"Halo Kak, terima kasih banyak atas ratingnya, semoga Kakak tetap nyaman dan selau setia menjadi pelanggan Traveloka. Yuk Kak pantengin terus Traveloka Lifestyle Super App karna kami selalu berikan promo-promo yg menarik loooh, jangan sampai ketinggalan ya :)",2023-06-16 03:12:19,3.78.0
Zul Zunaidi,baik,4,3.53.0,2023-06-16 02:02:38,"Halo Kak, terima kasih banyak atas ratingnya, semoga Kakak tetap nyaman dan selau setia menjadi pelanggan Traveloka. Yuk Kak pantengin terus Traveloka Lifestyle Super App karna kami selalu berikan promo-promo yg menarik loooh, jangan sampai ketinggalan ya :)",2023-06-16 02:12:13,3.53.0
Jojo1975 Kendari,"Sangat membantu, menjadikan lebih mudah tuk mendapat info jadwal dan harga tiket sesuai tujuan.",4,,2023-06-16 01:59:59,"Hi Kak, senang banget nih dapat rating bagus dari Kakak, terima kasih juga atas feedbacknya! Kenyamanan Kakak adalah prioritas Kami, jika ada pertanyaan lainnya jangan sungkan ya untuk infokan pada kami di https://www.traveloka.com/contactus . Jangan sampai ketinggalan penawaran menarik lainnya di Traveloka Lifestye Super Apps.",2023-06-16 02:12:16,
arsya dani,"mantap pelayanannya, paylaternya tolong biaya admin dikurangi dong biar gak terlalu mahal..",5,3.79.0,2023-06-16 00:12:56,"Halo Kak, terima kasih banyak atas ratingnya, semoga Kakak tetap nyaman dan selau setia menjadi pelanggan Traveloka. Yuk Kak pantengin terus Traveloka Lifestyle Super App karna kami selalu berikan promo-promo yg menarik loooh, jangan sampai ketinggalan ya :)",2023-06-16 00:42:07,3.79.0
Kaureen Nada,mempermudah,4,3.79.0,2023-06-15 23:59:03,"Hi Kak, senang banget nih dapat rating bagus dari Kakak, terima kasih juga atas feedbacknya! Kenyamanan Kakak adalah prioritas Kami, jika ada pertanyaan lainnya jangan sungkan ya untuk infokan pada kami di https://www.traveloka.com/contactus . Jangan sampai ketinggalan penawaran menarik lainnya di Traveloka Lifestye Super Apps.",2023-06-16 00:12:11,3.79.0
Made Arnawan,tks atas aplikasinya yg mantap,5,3.56.1,2023-06-15 23:43:45,"Hi Kak, terima kasih atas feedbacknya, semoga Kakak tetap setia dengan Traveloka. Jika ada pertanyaan lain bisa langsung infokan pada kami di https://www.traveloka.com/contactus ya, Kak. Pantau terus Traveloka Lifestyle Super App untuk penawaran spesial lainnya!",2023-06-16 00:12:14,3.56.1
Wisnu Hernanto,4 me is bravo,4,3.76.0,2023-06-15 23:33:45,"Hi, thank you very much for the positive review! Please feel free to contact us at https://www.traveloka.com/contactus we're more than happy to assist you and Stay tuned for more exciting offers on Traveloka Lifestyle Super App.",2023-06-15 23:42:07,3.76.0
Ahmad Budi Prasetyo,sangat membantu,5,3.78.0,2023-06-15 23:13:16,"Hi Kak, senang banget nih dapat rating bagus dari Kakak, terima kasih juga atas feedbacknya! Kenyamanan Kakak adalah prioritas Kami, jika ada pertanyaan lainnya jangan sungkan ya untuk infokan pada kami di https://www.traveloka.com/contactus . Jangan sampai ketinggalan penawaran menarik lainnya di Traveloka Lifestye Super Apps.",2023-06-15 23:42:10,3.78.0
Suriati Supit,balasannya cepat,5,3.79.0,2023-06-15 22:32:21,"Halo Kak, terima kasih banyak atas ratingnya, semoga Kakak tetap nyaman dan selau setia menjadi pelanggan Traveloka. Yuk Kak pantengin terus Traveloka Lifestyle Super App karna kami selalu berikan promo-promo yg menarik loooh, jangan sampai ketinggalan ya :)",2023-06-15 22:42:06,3.79.0
amin abdul latief,memuaskan,5,3.78.0,2023-06-15 22:11:01,"Halo Kak, terima kasih banyak atas ratingnya, semoga Kakak tetap nyaman dan selau setia menjadi pelanggan Traveloka. Yuk Kak pantengin terus Traveloka Lifestyle Super App karna kami selalu berikan promo-promo yg menarik loooh, jangan sampai ketinggalan ya :)",2023-06-15 22:12:07,3.78.0
Ei Pec,bagus,5,3.37.0,2023-06-15 17:09:11,"Halo Kak, terima kasih banyak atas ratingnya, semoga Kakak tetap nyaman dan selau setia menjadi pelanggan Traveloka. Yuk Kak pantengin terus Traveloka Lifestyle Super App karna kami selalu berikan promo-promo yg menarik loooh, jangan sampai ketinggalan ya :)",2023-06-15 17:12:07,3.37.0
Riska Febrianti,Bagus 😍,5,3.78.0,2023-06-15 16:37:43,"Halo Kak, terima kasih banyak atas ratingnya, semoga Kakak tetap nyaman dan selau setia menjadi pelanggan Traveloka. Yuk Kak pantengin terus Traveloka Lifestyle Super App karna kami selalu berikan promo-promo yg menarik loooh, jangan sampai ketinggalan ya :)",2023-06-15 16:42:06,3.78.0
BADROUN Ahmad JHOE,mantap,5,3.79.0,2023-06-15 15:47:01,"Halo Kak, terima kasih banyak atas ratingnya, semoga Kakak tetap nyaman dan selau setia menjadi pelanggan Traveloka. Yuk Kak pantengin terus Traveloka Lifestyle Super App karna kami selalu berikan promo-promo yg menarik loooh, jangan sampai ketinggalan ya :)",2023-06-15 16:12:08,3.79.0
Abd Manaf,bagus,4,3.79.0,2023-06-15 15:10:03,"Halo Kak, terima kasih banyak atas ratingnya, semoga Kakak tetap nyaman dan selau setia menjadi pelanggan Traveloka. Yuk Kak pantengin terus Traveloka Lifestyle Super App karna kami selalu berikan promo-promo yg menarik loooh, jangan sampai ketinggalan ya :)",2023-06-15 15:12:07,3.79.0
Imanuel 25,Mantap,5,3.78.0,2023-06-15 14:22:02,"Halo Kak, terima kasih banyak atas ratingnya, semoga Kakak tetap nyaman dan selau setia menjadi pelanggan Traveloka. Yuk Kak pantengin terus Traveloka Lifestyle Super App karna kami selalu berikan promo-promo yg menarik loooh, jangan sampai ketinggalan ya :)",2023-06-15 14:42:07,3.78.0
Retno Damayanti,lebih mudah,5,3.78.0,2023-06-15 13:34:41,"Halo Kak, terima kasih banyak atas ratingnya, semoga Kakak tetap nyaman dan selau setia menjadi pelanggan Traveloka. Yuk Kak pantengin terus Traveloka Lifestyle Super App karna kami selalu berikan promo-promo yg menarik loooh, jangan sampai ketinggalan ya :)",2023-06-15 13:42:12,3.78.0
Suci Nurjanah,Bagus pake traveloka cuman setelah update kenapa apk sering tertutup sendiri saat dibuka ya,4,,2023-06-15 13:10:40,"Hai, Suci. Maaf banget ya buat kendala yang terjadi. Saat ini mimin saranin kamu untuk menggunakan jaringan yang stabil. Uinstall dan reinstall kembali aplikasi kamu. Apabila ada pertanyaan kembali, kamu bisa klik link https://www.traveloka.com/id-id/contactus ya, biar mimin bisa bantu cek lebih lanjut. Terima kasih. -RF",2023-06-15 13:16:54,
Sapu lewa,sanggat unik dengan aplikasih ini.,1,3.79.0,2023-06-15 12:59:33,"Halo, Kak. Jika kamu memiliki kendala, jangan ragu menghubungi melalui https://www.traveloka.com/id-id/contactus. Terima kasih. -SC",2023-06-15 13:14:32,3.79.0
Agoes Ichiban,nice app and very easy to make your vacation,5,3.79.0,2023-06-15 12:46:36,"Hi, thank you very much for the positive review! Please feel free to contact us at https://www.traveloka.com/contactus we're more than happy to assist you and Stay tuned for more exciting offers on Traveloka Lifestyle Super App.",2023-06-15 13:12:10,3.79.0
Dimas Setyo,terimakasih,5,3.78.0,2023-06-15 12:39:45,"Halo Kak, terima kasih banyak atas ratingnya, semoga Kakak tetap nyaman dan selau setia menjadi pelanggan Traveloka. Yuk Kak pantengin terus Traveloka Lifestyle Super App karna kami selalu berikan promo-promo yg menarik loooh, jangan sampai ketinggalan ya :)",2023-06-15 12:42:11,3.78.0
Yuhana Kartini,Pengalamani!!bu,1,3.79.0,2023-06-15 12:39:37,"Hai, Yuhana. Mohon maaf ya sudah membuatmu tidak nyaman. Untuk membantu memahami kendala kamu, mohon hubungi kami melalui tautan ini https://www.traveloka.com/contactus. Terima kasih. -SM",2023-06-15 12:49:12,3.79.0
Herna Yanti,sangat baik,5,3.79.0,2023-06-15 12:00:01,"Halo Kak, terima kasih banyak atas ratingnya, semoga Kakak tetap nyaman dan selau setia menjadi pelanggan Traveloka. Yuk Kak pantengin terus Traveloka Lifestyle Super App karna kami selalu berikan promo-promo yg menarik loooh, jangan sampai ketinggalan ya :)",2023-06-15 12:12:07,3.79.0
Hobby Story,mudah dan terbaik,5,3.78.0,2023-06-15 11:56:36,"Hi Kak, senang banget nih dapat rating bagus dari Kakak, terima kasih juga atas feedbacknya! Kenyamanan Kakak adalah prioritas Kami, jika ada pertanyaan lainnya jangan sungkan ya untuk infokan pada kami di https://www.traveloka.com/contactus . Jangan sampai ketinggalan penawaran menarik lainnya di Traveloka Lifestye Super Apps.",2023-06-15 12:12:09,3.78.0
Lestari Puput ayu,selalu pake Traveloka kalo mau booking pesawat sangat puas,5,3.78.0,2023-06-15 11:35:59,"Halo Kak, terima kasih banyak atas ratingnya, semoga Kakak tetap nyaman dan selau setia menjadi pelanggan Traveloka. Yuk Kak pantengin terus Traveloka Lifestyle Super App karna kami selalu berikan promo-promo yg menarik loooh, jangan sampai ketinggalan ya :)",2023-06-15 11:42:06,3.78.0
Rini Cahyawati,Aneh aku gak bisa log in,1,3.79.0,2023-06-15 11:34:01,"Hai, Rini. Maaf banget ya buat kendala yang terjadi. Boleh dibantu infokan alamat e-mail, nomor telepon dan nama lengkap yang terdaftar di akun Traveloka kamu melalui link https://www.traveloka.com/id-id/contactus ya, biar mimin bisa bantu cek lebih lanjut. Terima kasih. -RF",2023-06-15 11:45:52,3.79.0
bagus permadi,ok,5,3.76.0,2023-06-15 11:26:56,"Hi, we are so grateful to get a lot of support from you. Hope you continue to enjoy our offers. If you have any feedback or suggestions, let us know on https://www.traveloka.com/contactus, our customer service would love to serve you in 24 hours. Thank you!",2023-06-15 11:42:10,3.76.0
Wawan Opshal,sangat puas,5,3.30.0,2023-06-15 10:38:51,"Halo Kak, terima kasih banyak atas ratingnya, semoga Kakak tetap nyaman dan selau setia menjadi pelanggan Traveloka. Yuk Kak pantengin terus Traveloka Lifestyle Super App karna kami selalu berikan promo-promo yg menarik loooh, jangan sampai ketinggalan ya :)",2023-06-15 10:42:08,3.30.0
DEDDY ORSILA JAYA,bagus,5,,2023-06-15 08:55:40,"Hi Kak, terima kasih atas feedbacknya, semoga Kakak tetap setia dengan Traveloka. Jika ada pertanyaan lain bisa langsung infokan pada kami di https://www.traveloka.com/contactus ya, Kak. Pantau terus Traveloka Lifestyle Super App untuk penawaran spesial lainnya!",2023-06-15 09:12:11,
Abdullah Adzdzikri,Sy wa yaa ezaeer wes zw ada di Sawangan permaii ada a dan e wa,2,,2023-06-15 08:28:00,"Hai Abdul. Mohon maaf sekali sebelumnya, jika memiliki kendala saat melakukan pemesanan, kamu bisa hubungi customer service kami melalui pesan di aplikasi Traveloka kamu atau melalui email di cs@traveloka.com, untuk dibantu lebih lanjut ya. Terima kasih. -NT",2023-06-15 15:04:43,
Desi Susilawati,Suv8,4,3.78.0,2023-06-15 08:20:55,,,3.78.0
Olivia Cahyani,"Tadinya enak bgt. Bru aktifin paylatter udh dpet 2.5, di pake dan selalu lancar. Ini udh di upgrade kok jd turun? Kenapa ya....lg buat andalan plah bgini... Agak kecewa si..",5,3.79.0,2023-06-15 08:06:03,"Halo Kak, terima kasih banyak atas ratingnya, semoga Kakak tetap nyaman dan selau setia menjadi pelanggan Traveloka. Yuk Kak pantengin terus Traveloka Lifestyle Super App karna kami selalu berikan promo-promo yg menarik loooh, jangan sampai ketinggalan ya :)",2023-06-15 08:12:07,3.79.0
Hari Setioko,Top,5,3.78.0,2023-06-15 07:53:52,"Hi, we are so grateful to get a lot of support from you. Hope you continue to enjoy our offers. If you have any feedback or suggestions, let us know on https://www.traveloka.com/contactus, our customer service would love to serve you in 24 hours. Thank you!",2023-06-15 08:12:09,3.78.0
D Valuvi,bagus dan bermanfaat,5,3.78.0,2023-06-15 07:46:02,"Halo Kak, terima kasih banyak atas ratingnya, semoga Kakak tetap nyaman dan selau setia menjadi pelanggan Traveloka. Yuk Kak pantengin terus Traveloka Lifestyle Super App karna kami selalu berikan promo-promo yg menarik loooh, jangan sampai ketinggalan ya :)",2023-06-15 08:12:15,3.78.0
Yosi Marihot,mudah pemakaiannya,5,3.79.0,2023-06-15 07:26:49,"Halo Kak, terima kasih banyak atas ratingnya, semoga Kakak tetap nyaman dan selau setia menjadi pelanggan Traveloka. Yuk Kak pantengin terus Traveloka Lifestyle Super App karna kami selalu berikan promo-promo yg menarik loooh, jangan sampai ketinggalan ya :)",2023-06-15 07:42:14,3.79.0
ezra tarigan,sampai saat ini masih menjadi andalan. semoga lebih baik,4,3.79.0,2023-06-15 07:26:47,"Hi Kak, senang banget nih dapat rating bagus dari Kakak, terima kasih juga atas feedbacknya! Kenyamanan Kakak adalah prioritas Kami, jika ada pertanyaan lainnya jangan sungkan ya untuk infokan pada kami di https://www.traveloka.com/contactus . Jangan sampai ketinggalan penawaran menarik lainnya di Traveloka Lifestye Super Apps.",2023-06-15 07:42:17,3.79.0
Abdul K,baik,4,3.78.0,2023-06-15 07:21:17,"Hi Kak, terima kasih atas feedbacknya, semoga Kakak tetap setia dengan Traveloka. Jika ada pertanyaan lain bisa langsung infokan pada kami di https://www.traveloka.com/contactus ya, Kak. Pantau terus Traveloka Lifestyle Super App untuk penawaran spesial lainnya!",2023-06-15 07:42:20,3.78.0
sufrianto antonio,refund tiket aman di aplikasi ini,5,3.76.0,2023-06-15 07:05:53,"Halo Kak, terima kasih banyak atas ratingnya, semoga Kakak tetap nyaman dan selau setia menjadi pelanggan Traveloka. Yuk Kak pantengin terus Traveloka Lifestyle Super App karna kami selalu berikan promo-promo yg menarik loooh, jangan sampai ketinggalan ya :)",2023-06-15 07:12:11,3.76.0
Oni Antono,simple,5,3.79.0,2023-06-15 06:43:02,"Hi, we are so grateful to get a lot of support from you. Hope you continue to enjoy our offers. If you have any feedback or suggestions, let us know on https://www.traveloka.com/contactus, our customer service would love to serve you in 24 hours. Thank you!",2023-06-15 07:12:14,3.79.0
ichonk bau,mantapp,5,3.78.0,2023-06-15 06:15:02,"Halo Kak, terima kasih banyak atas ratingnya, semoga Kakak tetap nyaman dan selau setia menjadi pelanggan Traveloka. Yuk Kak pantengin terus Traveloka Lifestyle Super App karna kami selalu berikan promo-promo yg menarik loooh, jangan sampai ketinggalan ya :)",2023-06-15 06:42:06,3.78.0
bram eka,mantap,5,3.78.0,2023-06-15 06:07:51,"Halo Kak, terima kasih banyak atas ratingnya, semoga Kakak tetap nyaman dan selau setia menjadi pelanggan Traveloka. Yuk Kak pantengin terus Traveloka Lifestyle Super App karna kami selalu berikan promo-promo yg menarik loooh, jangan sampai ketinggalan ya :)",2023-06-15 06:12:08,3.78.0
Trifina Sinarningsih,hrg bersaing pelayanan oke,5,3.78.0,2023-06-15 04:37:39,"Halo Kak, terima kasih banyak atas ratingnya, semoga Kakak tetap nyaman dan selau setia menjadi pelanggan Traveloka. Yuk Kak pantengin terus Traveloka Lifestyle Super App karna kami selalu berikan promo-promo yg menarik loooh, jangan sampai ketinggalan ya :)",2023-06-15 04:42:13,3.78.0
Riva Salsabila,Ripa😘 kamu,5,3.78.0,2023-06-15 03:41:36,,,3.78.0
Johan Syachputra,bagus tambahkan beberapa promo agar lebih menarik,5,3.78.0,2023-06-15 03:39:18,"Halo Kak, terima kasih banyak atas ratingnya, semoga Kakak tetap nyaman dan selau setia menjadi pelanggan Traveloka. Yuk Kak pantengin terus Traveloka Lifestyle Super App karna kami selalu berikan promo-promo yg menarik loooh, jangan sampai ketinggalan ya :)",2023-06-15 03:42:12,3.78.0
Aan Setiawan,traveloka mantap,5,3.76.0,2023-06-15 03:38:07,"Hi Kak, senang banget nih dapat rating bagus dari Kakak, terima kasih juga atas feedbacknya! Kenyamanan Kakak adalah prioritas Kami, jika ada pertanyaan lainnya jangan sungkan ya untuk infokan pada kami di https://www.traveloka.com/contactus . Jangan sampai ketinggalan penawaran menarik lainnya di Traveloka Lifestye Super Apps.",2023-06-15 03:42:14,3.76.0
Alar konce,mantab,5,3.78.0,2023-06-15 03:25:47,"Hi Kak, terima kasih atas feedbacknya, semoga Kakak tetap setia dengan Traveloka. Jika ada pertanyaan lain bisa langsung infokan pada kami di https://www.traveloka.com/contactus ya, Kak. Pantau terus Traveloka Lifestyle Super App untuk penawaran spesial lainnya!",2023-06-15 03:42:17,3.78.0
Mukhlis Abdul Rahim,Aplikasi yg tak ada duanya ..sangatt membantu untuk kebutuhan tiket penerbangan..👍👍👍,5,3.78.0,2023-06-15 03:24:26,"Halo Kak, terima kasih banyak atas ratingnya, semoga Kakak tetap nyaman dan selau setia menjadi pelanggan Traveloka. Yuk Kak pantengin terus Traveloka Lifestyle Super App karna kami selalu berikan promo-promo yg menarik loooh, jangan sampai ketinggalan ya :)",2023-06-15 03:42:20,3.78.0
adjoe11 arcilla,bagus,5,3.78.0,2023-06-15 03:08:35,"Halo Kak, terima kasih banyak atas ratingnya, semoga Kakak tetap nyaman dan selau setia menjadi pelanggan Traveloka. Yuk Kak pantengin terus Traveloka Lifestyle Super App karna kami selalu berikan promo-promo yg menarik loooh, jangan sampai ketinggalan ya :)",2023-06-15 03:12:16,3.78.0
putra hasibuan,mantap,5,3.76.0,2023-06-15 03:02:39,"Hi Kak, senang banget nih dapat rating bagus dari Kakak, terima kasih juga atas feedbacknya! Kenyamanan Kakak adalah prioritas Kami, jika ada pertanyaan lainnya jangan sungkan ya untuk infokan pada kami di https://www.traveloka.com/contactus . Jangan sampai ketinggalan penawaran menarik lainnya di Traveloka Lifestye Super Apps.",2023-06-15 03:12:20,3.76.0
MUSOVAN,baik,5,3.77.0,2023-06-15 02:55:51,"Hi Kak, terima kasih atas feedbacknya, semoga Kakak tetap setia dengan Traveloka. Jika ada pertanyaan lain bisa langsung infokan pada kami di https://www.traveloka.com/contactus ya, Kak. Pantau terus Traveloka Lifestyle Super App untuk penawaran spesial lainnya!",2023-06-15 03:12:23,3.77.0
Lukman Zulkopli,Sangat membantu,5,3.78.0,2023-06-15 02:54:56,"Halo Kak, terima kasih banyak atas ratingnya, semoga Kakak tetap nyaman dan selau setia menjadi pelanggan Traveloka. Yuk Kak pantengin terus Traveloka Lifestyle Super App karna kami selalu berikan promo-promo yg menarik loooh, jangan sampai ketinggalan ya :)",2023-06-15 03:12:26,3.78.0
Fauzi Abubakar,aman dan.lancar,5,3.78.0,2023-06-15 02:40:30,"Halo Kak, terima kasih banyak atas ratingnya, semoga Kakak tetap nyaman dan selau setia menjadi pelanggan Traveloka. Yuk Kak pantengin terus Traveloka Lifestyle Super App karna kami selalu berikan promo-promo yg menarik loooh, jangan sampai ketinggalan ya :)",2023-06-15 02:42:10,3.78.0
Haris Basir,"Ada beberapa penginapan yg katanya sdh tdk kerja sama dengan Traveloka, trus uangnya ngk bisa di refund.",1,3.78.0,2023-06-15 02:30:25,"Hai Haris, Maaf banget buat kamu gak nyaman, perihal kendala yang kamu alami, mohon informasikan nomor pesanan Traveloka kamu melalui email kami di cs@traveloka.com untuk dapat kami bantu tindaklanjuti kendala kamu. Terima kasih. -AK",2023-06-15 02:44:09,3.78.0
tenri ani,Pelayanan Traveloka sangat buruk. Katanya. Ada IVAN tapi saat kami menghubungi cs travel mereka hanya bilg mohon menunggu. Dari info refund ada pengurangan jumlah hrg tiket dari 6 penumpang yg awalnya di byr 12.198.623 menjadi 11.350.003. artinya pemotongan dr maskapai dgn asuransi sebesar 848.620 harusnya yang bertanggungjawab kerugian dr pihak travel atau maskapai SRIWIJAYA AIR SJ 589 karena membatalkan penerbangan. Sangat kecewa pihak travel menyediakan refund tapi prosesnya terlalu lama,1,3.78.0,2023-06-15 02:29:14,"Mohon maaf atas ketidaknyamanan yang kamu alami, untuk dapat kami bantu cek terkait kendala kamu, mohon informasikan detail kendala tersebut melalui email kami di cs@traveloka.com ya Kak. Terima kasih. -AK",2023-06-15 02:16:26,3.78.0
abok syafaruddinnata,Good App,5,3.78.0,2023-06-15 00:36:08,"Hi, thank you very much for the positive review! Please feel free to contact us at https://www.traveloka.com/contactus we're more than happy to assist you and Stay tuned for more exciting offers on Traveloka Lifestyle Super App.",2023-06-15 00:42:07,3.78.0
Ahmad Sofi,sangat membantu,4,3.78.0,2023-06-15 00:22:37,"Hi Kak, senang banget nih dapat rating bagus dari Kakak, terima kasih juga atas feedbacknya! Kenyamanan Kakak adalah prioritas Kami, jika ada pertanyaan lainnya jangan sungkan ya untuk infokan pada kami di https://www.traveloka.com/contactus . Jangan sampai ketinggalan penawaran menarik lainnya di Traveloka Lifestye Super Apps.",2023-06-15 00:42:09,3.78.0
Richard Richard,"luar biasa sangat Membantu dalam Pemesanan Hotel, Terimakasih Traveloka",5,3.77.1,2023-06-15 00:13:59,"Hi Kak, terima kasih atas feedbacknya, semoga Kakak tetap setia dengan Traveloka. Jika ada pertanyaan lain bisa langsung infokan pada kami di https://www.traveloka.com/contactus ya, Kak. Pantau terus Traveloka Lifestyle Super App untuk penawaran spesial lainnya!",2023-06-15 00:42:12,3.77.1
nicrayz londo,mudah di semua trangsaksi,5,3.76.0,2023-06-15 00:03:11,"Halo Kak, terima kasih banyak atas ratingnya, semoga Kakak tetap nyaman dan selau setia menjadi pelanggan Traveloka. Yuk Kak pantengin terus Traveloka Lifestyle Super App karna kami selalu berikan promo-promo yg menarik loooh, jangan sampai ketinggalan ya :)",2023-06-15 00:12:07,3.76.0
Jefrison Maengkom,good,5,3.77.1,2023-06-14 23:43:31,"Hi, we are so grateful to get a lot of support from you. Hope you continue to enjoy our offers. If you have any feedback or suggestions, let us know on https://www.traveloka.com/contactus, our customer service would love to serve you in 24 hours. Thank you!",2023-06-15 00:12:10,3.77.1
Iwan Supriyanto2021,Lancar jaya,5,,2023-06-14 23:13:06,,,
Kusmin denpasar1975,"Suatu hari saya ini tinggal di pedesaan jd sinyal di daerah itu tidak jelek"" amat sih , terus saya mau ke kota utk pesan tiket pesawat dan penginapan di kota , nah untung ada TRAVELOKA langsung memesan dan langsung cari M- banking , utk membayar itulah untuk ada TRAVELOKA yg sangat praktis dan cepat .",4,3.78.0,2023-06-14 22:05:33,,,3.78.0
Pedri Eko,saya terbantu sekali dgn traveloka,5,3.78.0,2023-06-14 15:18:00,"Halo Kak, terima kasih banyak atas ratingnya, semoga Kakak tetap nyaman dan selau setia menjadi pelanggan Traveloka. Yuk Kak pantengin terus Traveloka Lifestyle Super App karna kami selalu berikan promo-promo yg menarik loooh, jangan sampai ketinggalan ya :)",2023-06-14 15:42:07,3.78.0
Mallaoly Ollly,terima kasih traveloka maybank ku bisa buat booking,5,3.78.0,2023-06-14 14:32:09,"Halo Kak, terima kasih banyak atas ratingnya, semoga Kakak tetap nyaman dan selau setia menjadi pelanggan Traveloka. Yuk Kak pantengin terus Traveloka Lifestyle Super App karna kami selalu berikan promo-promo yg menarik loooh, jangan sampai ketinggalan ya :)",2023-06-14 14:42:14,3.78.0
Sigit Prasetiyo,good job,5,3.78.0,2023-06-14 14:18:29,"Hi, we are so grateful to get a lot of support from you. Hope you continue to enjoy our offers. If you have any feedback or suggestions, let us know on https://www.traveloka.com/contactus, our customer service would love to serve you in 24 hours. Thank you!",2023-06-14 14:42:17,3.78.0
Barzek Avrilia,josss,5,3.21.1,2023-06-14 14:14:39,,,3.21.1
arie hidayat,tiketnya jadi murah....thanks traveloka,5,3.78.0,2023-06-14 14:11:12,"Halo Kak, terima kasih banyak atas ratingnya, semoga Kakak tetap nyaman dan selau setia menjadi pelanggan Traveloka. Yuk Kak pantengin terus Traveloka Lifestyle Super App karna kami selalu berikan promo-promo yg menarik loooh, jangan sampai ketinggalan ya :)",2023-06-14 14:12:18,3.78.0
Michael Sukandar,"Udh mulai ga jelas, bayar selalu lancar telat 1 hari pun ga pernah, tp sekarang virtual number tidak bisa di gunakan, minta update data udah semua di kasih yg asli, maunya apa ini aplikasi",1,3.78.0,2023-06-14 14:10:22,"Hai, Michael. Mohon maaf atas pengalaman yang kamu alami. Untuk lakukan pengecekan lebih lanjut, mohon infokan data PayLater dan bukti kendala dengan menghubungi kami melalui https://www.traveloka.com/contactus. Terima kasih.-TK",2023-06-14 14:19:47,3.78.0
Muhammad Taufik,belum pernah pakai jadi kasi 4 aja dlu,4,3.76.0,2023-06-14 14:01:32,"Hi Kak, terima kasih atas feedbacknya, semoga Kakak tetap setia dengan Traveloka. Jika ada pertanyaan lain bisa langsung infokan pada kami di https://www.traveloka.com/contactus ya, Kak. Pantau terus Traveloka Lifestyle Super App untuk penawaran spesial lainnya!",2023-06-14 14:12:24,3.76.0
Adek Idham,Harus sering lihat² Banner. Banyak diskonnya.,5,3.78.0,2023-06-14 13:29:12,"Halo Kak, terima kasih banyak atas ratingnya, semoga Kakak tetap nyaman dan selau setia menjadi pelanggan Traveloka. Yuk Kak pantengin terus Traveloka Lifestyle Super App karna kami selalu berikan promo-promo yg menarik loooh, jangan sampai ketinggalan ya :)",2023-06-14 13:42:10,3.78.0
mahirrk 29,"Gak heran sama limit paylatter yang turun padahal pembayaran on time. Lah gw ngga bisa dipakai padahal bayar double terus. Dari pihak traveloka gak bisa kasih solusi. Sudah komplain berkali"". Sudah minta data ini itu, tapi gak bisa menyelesaikan masalah. PARAH sih,",5,3.79.0,2023-06-14 12:53:35,,,3.79.0
Abdul Aziz Chado bin Abu Suman Kasman Samaon (Aziz Chado Salonge),"Cukup baik, puas",4,3.79.0,2023-06-14 12:24:50,"Halo Kak, terima kasih banyak atas ratingnya, semoga Kakak tetap nyaman dan selau setia menjadi pelanggan Traveloka. Yuk Kak pantengin terus Traveloka Lifestyle Super App karna kami selalu berikan promo-promo yg menarik loooh, jangan sampai ketinggalan ya :)",2023-06-14 12:42:08,3.79.0
seto sugiyanto,Susah reschedule tidak seperti dulu pelayanannya,1,3.78.0,2023-06-14 12:18:59,"Hai, Kak Seto. Mohon maaf atas ketidaknyamanannya. Mohon untuk sampaikan keluhan kamu secara detail melalui https://www.traveloka.com/id-id/contactus. Supaya kami dapat membantu permasalahan kamu. Terima kasih. -DA",2023-06-14 12:43:06,3.78.0
Safrizal,mudah dan cepat,5,3.78.0,2023-06-14 11:54:07,"Halo Kak, terima kasih banyak atas ratingnya, semoga Kakak tetap nyaman dan selau setia menjadi pelanggan Traveloka. Yuk Kak pantengin terus Traveloka Lifestyle Super App karna kami selalu berikan promo-promo yg menarik loooh, jangan sampai ketinggalan ya :)",2023-06-14 12:12:07,3.78.0
Faisol i,respon cepat slalu,5,3.78.0,2023-06-14 11:45:18,"Hi Kak, senang banget nih dapat rating bagus dari Kakak, terima kasih juga atas feedbacknya! Kenyamanan Kakak adalah prioritas Kami, jika ada pertanyaan lainnya jangan sungkan ya untuk infokan pada kami di https://www.traveloka.com/contactus . Jangan sampai ketinggalan penawaran menarik lainnya di Traveloka Lifestye Super Apps.",2023-06-14 12:12:10,3.78.0
Mas dudi,mantap,5,3.78.0,2023-06-14 11:18:56,"Halo Kak, terima kasih banyak atas ratingnya, semoga Kakak tetap nyaman dan selau setia menjadi pelanggan Traveloka. Yuk Kak pantengin terus Traveloka Lifestyle Super App karna kami selalu berikan promo-promo yg menarik loooh, jangan sampai ketinggalan ya :)",2023-06-14 11:42:15,3.78.0
Moh Fahmi170,ok,1,3.79.0,2023-06-14 11:17:09,"Hai, Fahmi. Kalau kamu memiliki pertanyaan seputar produk Traveloka, kamu dapat menghubungi kami melalui https://www.traveloka.com/id-id/contactus.
Kami akan berikan pelayanan terbaik agar kamu dapat merasa puas dan layanan kami layak mendapatkan rating yang lebih baik. Terima kasih. -OE",2023-06-14 11:44:31,3.79.0
Didik Rijadi,Sejak dulu saya dan keluarga klo bepergian selalu pesan tiket di Traveloka. Cara pesan mudah dan ada jaminan kembali/refund 100%. Walaupun tidak pernah saya lakukan. Pokok traveloka Ok lah.,5,,2023-06-14 11:09:21,"Halo Kak, terima kasih banyak atas ratingnya, semoga Kakak tetap nyaman dan selau setia menjadi pelanggan Traveloka. Yuk Kak pantengin terus Traveloka Lifestyle Super App karna kami selalu berikan promo-promo yg menarik loooh, jangan sampai ketinggalan ya :)",2023-06-14 11:12:06,
Dede Puad,Baik,5,,2023-06-14 10:25:46,"Halo Kak, terima kasih banyak atas ratingnya, semoga Kakak tetap nyaman dan selau setia menjadi pelanggan Traveloka. Yuk Kak pantengin terus Traveloka Lifestyle Super App karna kami selalu berikan promo-promo yg menarik loooh, jangan sampai ketinggalan ya :)",2023-06-14 10:42:07,
Malik Malik,trimakasih,5,3.78.0,2023-06-14 10:21:43,"Hi Kak, senang banget nih dapat rating bagus dari Kakak, terima kasih juga atas feedbacknya! Kenyamanan Kakak adalah prioritas Kami, jika ada pertanyaan lainnya jangan sungkan ya untuk infokan pada kami di https://www.traveloka.com/contactus . Jangan sampai ketinggalan penawaran menarik lainnya di Traveloka Lifestye Super Apps.",2023-06-14 10:42:10,3.78.0
Singgih Utami,"Saya mau transaksi pake traveloka jd kawatir... Krn komennya byk yg bintang satu... Padahal bntar lg musim liburan.... Crowded, rame tentunya layanan traveloka makin buruk.. Td ada customer yg ga merasa cek in, tp kok ada yg cek in...semrawut kesannya...",2,3.78.0,2023-06-14 10:13:40,"Hai Singgih, mohon maaf jika hal tersebut membuat kamu tidak nyaman. Kami selalu memberikan pelayanan terbaik untuk pelanggan setia Traveloka. Kamu tidak perlu khawatir, kamu bisa melakukan pemesanan melalui Traveloka dan jika kamu mengalami kendala, kamu bisa infokan ke kami melalui link https://www.traveloka.com/id-id/contactus. Terima kasih. -AH",2023-06-14 10:46:12,3.78.0
Aryani Marni,Sayang sekali kurang begitu senang,3,3.78.0,2023-06-14 09:58:18,"Hai, Kak Aryani. Mohon maaf atas ketidaknyamanannya. Mohon untuk sampaikan keluhan kamu secara detail melalui https://www.traveloka.com/id-id/contactus. Supaya kami dapat membantu permasalahan kamu. Terima kasih. -DA",2023-06-14 10:14:13,3.78.0
Indri Wulandari,Mohon maaf. Saya turunin jadi bintang satu karena paylater nya gak di setujui dengan alasan data tidak sesuai dll. Padahal data saya sudah benar. Saya uninstall. Tolong hapus semua data saya ya.,1,,2023-06-14 09:24:05,"Hi Kak, senang banget nih dapat rating bagus dari Kakak, terima kasih juga atas feedbacknya! Kenyamanan Kakak adalah prioritas Kami, jika ada pertanyaan lainnya jangan sungkan ya untuk infokan pada kami di https://www.traveloka.com/contactus . Jangan sampai ketinggalan penawaran menarik lainnya di Traveloka Lifestye Super Apps.",2023-06-14 03:42:11,
nur janah,sangat bagus,5,3.78.0,2023-06-14 08:44:31,"Hi Kak, senang banget nih dapat rating bagus dari Kakak, terima kasih juga atas feedbacknya! Kenyamanan Kakak adalah prioritas Kami, jika ada pertanyaan lainnya jangan sungkan ya untuk infokan pada kami di https://www.traveloka.com/contactus . Jangan sampai ketinggalan penawaran menarik lainnya di Traveloka Lifestye Super Apps.",2023-06-14 09:12:10,3.78.0
yeni darmayanti,Baik n cepat,5,3.78.0,2023-06-14 08:28:08,"Halo Kak, terima kasih banyak atas ratingnya, semoga Kakak tetap nyaman dan selau setia menjadi pelanggan Traveloka. Yuk Kak pantengin terus Traveloka Lifestyle Super App karna kami selalu berikan promo-promo yg menarik loooh, jangan sampai ketinggalan ya :)",2023-06-14 08:42:10,3.78.0
Tya Mutia,good job aplikasi,5,3.79.0,2023-06-14 08:22:38,"Hi Kak, senang banget nih dapat rating bagus dari Kakak, terima kasih juga atas feedbacknya! Kenyamanan Kakak adalah prioritas Kami, jika ada pertanyaan lainnya jangan sungkan ya untuk infokan pada kami di https://www.traveloka.com/contactus . Jangan sampai ketinggalan penawaran menarik lainnya di Traveloka Lifestye Super Apps.",2023-06-14 08:42:12,3.79.0
Barra jakarta,baik,5,3.78.0,2023-06-14 07:23:01,"Halo Kak, terima kasih banyak atas ratingnya, semoga Kakak tetap nyaman dan selau setia menjadi pelanggan Traveloka. Yuk Kak pantengin terus Traveloka Lifestyle Super App karna kami selalu berikan promo-promo yg menarik loooh, jangan sampai ketinggalan ya :)",2023-06-14 07:42:07,3.78.0
Hamka Abbas,respon,5,3.78.0,2023-06-14 07:07:18,"Hai, Hamka. Terima kasih atas penilaian kamu. Jika saat ini kamu butuh bantuan atau ada pertanyaan seputar Traveloka, bisa lansung hubungi kamu melalui https://www.traveloka.com/contactus. Terima kasih.-TK",2023-06-14 07:15:51,3.78.0
1 Milyar,luar biasa menjadi mudah,5,3.78.0,2023-06-14 06:55:43,"Halo Kak, terima kasih banyak atas ratingnya, semoga Kakak tetap nyaman dan selau setia menjadi pelanggan Traveloka. Yuk Kak pantengin terus Traveloka Lifestyle Super App karna kami selalu berikan promo-promo yg menarik loooh, jangan sampai ketinggalan ya :)",2023-06-14 07:12:07,3.78.0
andi purba,good,5,3.38.0,2023-06-14 06:49:37,"Hi, we are so grateful to get a lot of support from you. Hope you continue to enjoy our offers. If you have any feedback or suggestions, let us know on https://www.traveloka.com/contactus, our customer service would love to serve you in 24 hours. Thank you!",2023-06-14 07:12:11,3.38.0
Elok Muchsin,"mudah, murah, menarik diskonnya, banyak pilihannya",5,3.78.0,2023-06-14 06:25:00,"Halo Kak, terima kasih banyak atas ratingnya, semoga Kakak tetap nyaman dan selau setia menjadi pelanggan Traveloka. Yuk Kak pantengin terus Traveloka Lifestyle Super App karna kami selalu berikan promo-promo yg menarik loooh, jangan sampai ketinggalan ya :)",2023-06-14 06:42:13,3.78.0
Aryani Novitasari,"Traveloka sangat membantu dalam pencarian hotel. Saya senang dengan rating hotel 8 ke atas. saran saya, totalkan jumlah harga kamar pesanan dengan malam menginap. Sehingga memudahkan saya dalam pencarian hotel yang sesuai budget selama menginap. Semoga makin banyak penginapan di daerah2 terpencil yang bergabung dengan traveloka ya..",5,3.78.0,2023-06-14 06:07:43,"Halo Kak, terima kasih banyak atas ratingnya, semoga Kakak tetap nyaman dan selau setia menjadi pelanggan Traveloka. Yuk Kak pantengin terus Traveloka Lifestyle Super App karna kami selalu berikan promo-promo yg menarik loooh, jangan sampai ketinggalan ya :)",2023-06-14 06:12:12,3.78.0
Indra gunawan,"Tiket udh dibayar tiba tiba dibatalkan, mau di reschedule malah aplikasi gangguan terus. Ini gimana nih?",2,3.79.0,2023-06-14 06:05:16,"Hai, Indra. Mohon maaf sebelumnya. Mohon maaf atas kendalanya. Untuk membantu kami memahami kendala kamu, mohon bantuannya untuk menyampaikan nomor pesanan kamu melalui https://www.traveloka.com/contactus agar kami dapat bantu cek lebih lanjut. Terima kasih. -VK",2023-06-14 06:16:55,3.79.0
Ung Bahr,ok,5,3.78.0,2023-06-14 05:58:38,"Hi, we are so grateful to get a lot of support from you. Hope you continue to enjoy our offers. If you have any feedback or suggestions, let us know on https://www.traveloka.com/contactus, our customer service would love to serve you in 24 hours. Thank you!",2023-06-14 06:12:16,3.78.0
Bernadette Triningsih Surya,bagus banget,5,3.79.0,2023-06-14 05:56:24,"Hi Kak, terima kasih atas feedbacknya, semoga Kakak tetap setia dengan Traveloka. Jika ada pertanyaan lain bisa langsung infokan pada kami di https://www.traveloka.com/contactus ya, Kak. Pantau terus Traveloka Lifestyle Super App untuk penawaran spesial lainnya!",2023-06-14 06:12:18,3.79.0
Budi Prasetyo,good,5,3.78.0,2023-06-14 04:46:43,"Hi, thank you very much for the positive review! Please feel free to contact us at https://www.traveloka.com/contactus we're more than happy to assist you and Stay tuned for more exciting offers on Traveloka Lifestyle Super App.",2023-06-14 05:12:11,3.78.0
agus salim,Tiket peswat knamo ke jogya,4,3.78.0,2023-06-14 03:47:17,"Hi Kak, senang banget nih dapat rating bagus dari Kakak, terima kasih juga atas feedbacknya! Kenyamanan Kakak adalah prioritas Kami, jika ada pertanyaan lainnya jangan sungkan ya untuk infokan pada kami di https://www.traveloka.com/contactus . Jangan sampai ketinggalan penawaran menarik lainnya di Traveloka Lifestye Super Apps.",2023-06-14 04:12:09,3.78.0
Sahrum,"sangat membantu dalam keperluan liburan, terima kasih Traveloka.",5,3.78.0,2023-06-14 03:47:01,"Hi Kak, terima kasih atas feedbacknya, semoga Kakak tetap setia dengan Traveloka. Jika ada pertanyaan lain bisa langsung infokan pada kami di https://www.traveloka.com/contactus ya, Kak. Pantau terus Traveloka Lifestyle Super App untuk penawaran spesial lainnya!",2023-06-14 04:12:12,3.78.0
Tb. Aji,sangat membantu sekali,5,3.78.0,2023-06-14 03:32:36,"Halo Kak, terima kasih banyak atas ratingnya, semoga Kakak tetap nyaman dan selau setia menjadi pelanggan Traveloka. Yuk Kak pantengin terus Traveloka Lifestyle Super App karna kami selalu berikan promo-promo yg menarik loooh, jangan sampai ketinggalan ya :)",2023-06-14 03:42:07,3.78.0
EMPU KERINCI,semoga layanan bjsa ditingkatkan lagi,4,3.79.0,2023-06-14 03:16:33,"Hi Kak, terima kasih atas feedbacknya, semoga Kakak tetap setia dengan Traveloka. Jika ada pertanyaan lain bisa langsung infokan pada kami di https://www.traveloka.com/contactus ya, Kak. Pantau terus Traveloka Lifestyle Super App untuk penawaran spesial lainnya!",2023-06-14 03:42:14,3.79.0
domara Djuma,be better,3,3.78.0,2023-06-14 02:45:51,"Hi, Domara. Thank you for raising your concern to us. We're really sorry for the inconvenience. Please state your problem via https://www.traveloka.com/en-id/contactus so we can assess and resolve the issue for you swiftly. We do hope to serve you better in the future. Thank you. -OE",2023-06-14 03:13:01,3.78.0
A D A 117,Boleh,5,3.78.0,2023-06-14 02:10:59,"Halo Kak, terima kasih banyak atas ratingnya, semoga Kakak tetap nyaman dan selau setia menjadi pelanggan Traveloka. Yuk Kak pantengin terus Traveloka Lifestyle Super App karna kami selalu berikan promo-promo yg menarik loooh, jangan sampai ketinggalan ya :)",2023-06-14 02:12:08,3.78.0
sparta DomiNations,ok,5,3.79.0,2023-06-14 02:08:45,"Hi, we are so grateful to get a lot of support from you. Hope you continue to enjoy our offers. If you have any feedback or suggestions, let us know on https://www.traveloka.com/contactus, our customer service would love to serve you in 24 hours. Thank you!",2023-06-14 02:12:11,3.79.0
Hasani Hito,terbantu banget,5,3.72.0,2023-06-14 01:54:44,"Hi Kak, terima kasih atas feedbacknya, semoga Kakak tetap setia dengan Traveloka. Jika ada pertanyaan lain bisa langsung infokan pada kami di https://www.traveloka.com/contactus ya, Kak. Pantau terus Traveloka Lifestyle Super App untuk penawaran spesial lainnya!",2023-06-14 02:12:14,3.72.0
Meylia Anggraeni,Nome Timingoke Aok,5,3.78.0,2023-06-14 01:09:20,"Hai, Meylia. Terima kasih atas ratingnya. Semoga kamu tetap nyaman dan selalu setia menjadi pelanggan Traveloka. Kalau kamu memiliki pertanyaan seuptar Traveloka, mohon hubungi kami melalui tautan ini https://www.traveloka.com/id-id/contactus untuk dibantu cek lebih lanjut ya. Terima kasih 🙏 -WR",2023-06-14 01:15:11,3.78.0
Apri Anda,good,5,3.78.0,2023-06-14 00:27:05,"Hi, thank you very much for the positive review! Please feel free to contact us at https://www.traveloka.com/contactus we're more than happy to assist you and Stay tuned for more exciting offers on Traveloka Lifestyle Super App.",2023-06-14 00:42:06,3.78.0
Nurul Prasetio,ok,5,3.78.0,2023-06-13 23:53:37,"Hi, we are so grateful to get a lot of support from you. Hope you continue to enjoy our offers. If you have any feedback or suggestions, let us know on https://www.traveloka.com/contactus, our customer service would love to serve you in 24 hours. Thank you!",2023-06-14 00:12:10,3.78.0
Minarti Budi,alhamdulillah dgn traveloka perjalanan lebih mudah,5,3.78.0,2023-06-13 21:12:49,"Halo Kak, terima kasih banyak atas ratingnya, semoga Kakak tetap nyaman dan selau setia menjadi pelanggan Traveloka. Yuk Kak pantengin terus Traveloka Lifestyle Super App karna kami selalu berikan promo-promo yg menarik loooh, jangan sampai ketinggalan ya :)",2023-06-13 21:42:07,3.78.0
mirassentianingsih,"Bagus, memudahkan memesan tiket. Ada promo juga",5,3.78.0,2023-06-13 19:46:57,"Halo Kak, terima kasih banyak atas ratingnya, semoga Kakak tetap nyaman dan selau setia menjadi pelanggan Traveloka. Yuk Kak pantengin terus Traveloka Lifestyle Super App karna kami selalu berikan promo-promo yg menarik loooh, jangan sampai ketinggalan ya :)",2023-06-13 20:12:06,3.78.0
Wilis setya budi,Sz,2,3.79.0,2023-06-13 19:45:24,"Hai, Wilis. Apabila kamu ada pertanyaan ataupun kendala seputar produk Traveloka, silakan menghubungi kami melalui tautan ini https://www.traveloka.com/id-id/contactus. Nantinya kami akan lakukan pengecekan lebih lanjut ya. Terima kasih. -IN",2023-06-14 03:04:57,3.79.0
Bang Yhuuu,Sangat membantu,5,3.78.0,2023-06-13 18:20:33,"Hi Kak, senang banget nih dapat rating bagus dari Kakak, terima kasih juga atas feedbacknya! Kenyamanan Kakak adalah prioritas Kami, jika ada pertanyaan lainnya jangan sungkan ya untuk infokan pada kami di https://www.traveloka.com/contactus . Jangan sampai ketinggalan penawaran menarik lainnya di Traveloka Lifestye Super Apps.",2023-06-13 18:42:10,3.78.0
Jorry Wongkar,My my my heart beat to be,3,3.78.0,2023-06-13 16:41:08,"Hi, Jorry. Thank you for leaving a good comment to us. Let us know if you have any suggestion for improvement through https://www.traveloka.com/contactus . Stay around for more interesting offers from Traveloka Lifestyle Super App. :) -FR",2023-06-13 16:44:45,3.78.0
Edward Official,good,5,3.78.0,2023-06-13 15:49:56,"Hi, thank you very much for the positive review! Please feel free to contact us at https://www.traveloka.com/contactus we're more than happy to assist you and Stay tuned for more exciting offers on Traveloka Lifestyle Super App.",2023-06-13 16:12:08,3.78.0
Maria Fatima Panda Ronda,TRAVELOKA SEKARANG LAMBAN. TIDAK SEPERTI DULU. DULU SAYA PESAN HOTEL VOUCHERNYA CEPAT KELUAR. SEKARANG LAMBAT NYA MINTA AMPUN. APLIKASI APA INI,2,3.78.0,2023-06-13 15:05:48,"Hai Maria, mengenai pemesanan di Traveloka apabila kamu baru melakukan pembayaran silakan dapat menunggu proses verifikasi 60 menit. Apabila melebihi batas waktu yang ditentukan E-tiket belum terbit, silakan dapat hubungi kami melalu email di cs@traveloka.com atau di Chat Inbox aplikasi Traveloka. Terima kasih. -CA",2023-06-13 15:14:27,3.78.0
edi Junaidi,cepat dan efisien,5,3.78.0,2023-06-13 14:53:30,"Halo Kak, terima kasih banyak atas ratingnya, semoga Kakak tetap nyaman dan selau setia menjadi pelanggan Traveloka. Yuk Kak pantengin terus Traveloka Lifestyle Super App karna kami selalu berikan promo-promo yg menarik loooh, jangan sampai ketinggalan ya :)",2023-06-13 15:12:08,3.78.0
Sutrisno Bwi,bagus,5,3.78.0,2023-06-13 14:11:18,"Halo Kak, terima kasih banyak atas ratingnya, semoga Kakak tetap nyaman dan selau setia menjadi pelanggan Traveloka. Yuk Kak pantengin terus Traveloka Lifestyle Super App karna kami selalu berikan promo-promo yg menarik loooh, jangan sampai ketinggalan ya :)",2023-06-13 14:12:08,3.78.0
satryo septian,nice,5,,2023-06-13 13:38:36,"Hi, thank you very much for the positive review! Please feel free to contact us at https://www.traveloka.com/contactus we're more than happy to assist you and Stay tuned for more exciting offers on Traveloka Lifestyle Super App.",2023-06-13 13:42:07,
SAPRIYANTO,sangat membantu dalam perjalanan,5,3.78.0,2023-06-13 13:24:46,"Hi Kak, senang banget nih dapat rating bagus dari Kakak, terima kasih juga atas feedbacknya! Kenyamanan Kakak adalah prioritas Kami, jika ada pertanyaan lainnya jangan sungkan ya untuk infokan pada kami di https://www.traveloka.com/contactus . Jangan sampai ketinggalan penawaran menarik lainnya di Traveloka Lifestye Super Apps.",2023-06-13 13:42:11,3.78.0
Sam Sajah,"Banyak kupan ga bisa di pake,banyak point' ga bisa di tuker..buat apa coba kalo pungsinya cuma hiasan..aneh aneh saja..",2,3.75.0,2023-06-13 12:44:53,"Halo Sam, terima kasih telah menggunakan Traveloka dan mohon maaf atas ketidaknyamanan yang dialami. Untuk membantu kendala kamu, mohon bantuannya untuk menginformasikan kembali detail yang dimaksud beserta screenshot melalui https://www.traveloka.com/contactus. Terima kasih. -RU",2023-06-13 13:14:58,3.75.0
Mariyati Yati,ok,5,3.78.0,2023-06-13 12:35:09,"Hi, thank you very much for the positive review! Please feel free to contact us at https://www.traveloka.com/contactus we're more than happy to assist you and Stay tuned for more exciting offers on Traveloka Lifestyle Super App.",2023-06-13 12:42:05,3.78.0
Eliada Pribadi,aplikasi yg sangat membantu,5,3.78.0,2023-06-13 12:34:10,"Hi Kak, senang banget nih dapat rating bagus dari Kakak, terima kasih juga atas feedbacknya! Kenyamanan Kakak adalah prioritas Kami, jika ada pertanyaan lainnya jangan sungkan ya untuk infokan pada kami di https://www.traveloka.com/contactus . Jangan sampai ketinggalan penawaran menarik lainnya di Traveloka Lifestye Super Apps.",2023-06-13 12:42:08,3.78.0
deva arissandy,good,5,3.78.0,2023-06-13 12:26:08,Thank you for leaving a good comment to us. Let us know if you have any suggestion for improvement through https://www.traveloka.com/contactus . Stay around for more interesting offers from Traveloka Lifestyle Super App!,2023-06-13 12:42:11,3.78.0
Nurjannah FAM,good,5,3.78.0,2023-06-13 12:23:09,"Hi, thank you very much for the positive review! Please feel free to contact us at https://www.traveloka.com/contactus we're more than happy to assist you and Stay tuned for more exciting offers on Traveloka Lifestyle Super App.",2023-06-13 12:42:14,3.78.0
Ari Susanto,mantap,5,3.78.0,2023-06-13 12:18:36,"Hi Kak, senang banget nih dapat rating bagus dari Kakak, terima kasih juga atas feedbacknya! Kenyamanan Kakak adalah prioritas Kami, jika ada pertanyaan lainnya jangan sungkan ya untuk infokan pada kami di https://www.traveloka.com/contactus . Jangan sampai ketinggalan penawaran menarik lainnya di Traveloka Lifestye Super Apps.",2023-06-13 12:42:17,3.78.0
Ben Nia,sangat memuaskan,5,3.78.0,2023-06-13 12:16:23,"Hi Kak, terima kasih atas feedbacknya, semoga Kakak tetap setia dengan Traveloka. Jika ada pertanyaan lain bisa langsung infokan pada kami di https://www.traveloka.com/contactus ya, Kak. Pantau terus Traveloka Lifestyle Super App untuk penawaran spesial lainnya!",2023-06-13 12:42:20,3.78.0
Rusdi Ansyah,cepat dan tepat,5,3.78.0,2023-06-13 12:09:59,"Halo Kak, terima kasih banyak atas ratingnya, semoga Kakak tetap nyaman dan selau setia menjadi pelanggan Traveloka. Yuk Kak pantengin terus Traveloka Lifestyle Super App karna kami selalu berikan promo-promo yg menarik loooh, jangan sampai ketinggalan ya :)",2023-06-13 12:12:10,3.78.0
Endang sri Murniati,Ffcc h Bu Bu kok k,4,3.78.0,2023-06-13 11:22:14,,,3.78.0
Bagus Hotel,"mantap Traveloka , proses Cepat...Terimakasih wassalam.",5,3.78.0,2023-06-13 11:18:23,"Halo Kak, terima kasih banyak atas ratingnya, semoga Kakak tetap nyaman dan selau setia menjadi pelanggan Traveloka. Yuk Kak pantengin terus Traveloka Lifestyle Super App karna kami selalu berikan promo-promo yg menarik loooh, jangan sampai ketinggalan ya :)",2023-06-13 11:42:07,3.78.0
Nasrul Kamal,bagus,5,3.78.0,2023-06-13 11:10:07,"Halo Kak, terima kasih banyak atas ratingnya, semoga Kakak tetap nyaman dan selau setia menjadi pelanggan Traveloka. Yuk Kak pantengin terus Traveloka Lifestyle Super App karna kami selalu berikan promo-promo yg menarik loooh, jangan sampai ketinggalan ya :)",2023-06-13 11:12:07,3.78.0
Zainudin Zainudin,nggak pake ribet,5,3.78.0,2023-06-13 10:51:43,"Hi Kak, senang banget nih dapat rating bagus dari Kakak, terima kasih juga atas feedbacknya! Kenyamanan Kakak adalah prioritas Kami, jika ada pertanyaan lainnya jangan sungkan ya untuk infokan pada kami di https://www.traveloka.com/contactus . Jangan sampai ketinggalan penawaran menarik lainnya di Traveloka Lifestye Super Apps.",2023-06-13 11:12:10,3.78.0
Ilham Jabrig,Gak rekomendasi jangan pernah download,1,3.78.0,2023-06-13 10:39:41,"Hai, Ilham. Untuk membantu kami memahami kendala yang dialami, mohon bantuannya untuk menginformasikan detail kendala dan nomor pesanan (jika ada) melalui https://www.traveloka.com/contactus agar kami dapat membantu lebih lanjut. Terima kasih. -KK",2023-06-13 10:43:06,3.78.0
RES,mempermudah🙏,5,3.78.0,2023-06-13 10:08:18,"Halo Kak, terima kasih banyak atas ratingnya, semoga Kakak tetap nyaman dan selau setia menjadi pelanggan Traveloka. Yuk Kak pantengin terus Traveloka Lifestyle Super App karna kami selalu berikan promo-promo yg menarik loooh, jangan sampai ketinggalan ya :)",2023-06-13 10:12:07,3.78.0
Rita Oktan,Memuaskan,5,3.78.0,2023-06-13 09:57:21,"Hi Kak, senang banget nih dapat rating bagus dari Kakak, terima kasih juga atas feedbacknya! Kenyamanan Kakak adalah prioritas Kami, jika ada pertanyaan lainnya jangan sungkan ya untuk infokan pada kami di https://www.traveloka.com/contactus . Jangan sampai ketinggalan penawaran menarik lainnya di Traveloka Lifestye Super Apps.",2023-06-13 10:12:10,3.78.0
sanjaya doni,👍,5,3.78.0,2023-06-13 09:16:14,,,3.78.0
HENDRI SYAFRI,Okey,5,,2023-06-13 08:54:34,,,
IRFAN HASBI,bagus,5,3.79.0,2023-06-13 08:11:06,"Halo Kak, terima kasih banyak atas ratingnya, semoga Kakak tetap nyaman dan selau setia menjadi pelanggan Traveloka. Yuk Kak pantengin terus Traveloka Lifestyle Super App karna kami selalu berikan promo-promo yg menarik loooh, jangan sampai ketinggalan ya :)",2023-06-13 08:12:15,3.79.0
Waluyo Puji,Ok,5,,2023-06-13 07:17:12,"Hi, thank you very much for the positive review! Please feel free to contact us at https://www.traveloka.com/contactus we're more than happy to assist you and Stay tuned for more exciting offers on Traveloka Lifestyle Super App.",2023-06-13 07:42:10,
Lulut Jatmiko,sangat membantu traveling,5,3.78.0,2023-06-13 07:13:46,"Hi Kak, senang banget nih dapat rating bagus dari Kakak, terima kasih juga atas feedbacknya! Kenyamanan Kakak adalah prioritas Kami, jika ada pertanyaan lainnya jangan sungkan ya untuk infokan pada kami di https://www.traveloka.com/contactus . Jangan sampai ketinggalan penawaran menarik lainnya di Traveloka Lifestye Super Apps.",2023-06-13 07:42:13,3.78.0
Fauzan Azim,good,5,3.78.0,2023-06-13 06:49:03,"Hi, thank you very much for the positive review! Please feel free to contact us at https://www.traveloka.com/contactus we're more than happy to assist you and Stay tuned for more exciting offers on Traveloka Lifestyle Super App.",2023-06-13 07:12:06,3.78.0
Gendot Gerhana Satria kebumen,sangat mudah untuk semua urusan,5,3.78.0,2023-06-13 06:27:51,"Halo Kak, terima kasih banyak atas ratingnya, semoga Kakak tetap nyaman dan selau setia menjadi pelanggan Traveloka. Yuk Kak pantengin terus Traveloka Lifestyle Super App karna kami selalu berikan promo-promo yg menarik loooh, jangan sampai ketinggalan ya :)",2023-06-13 06:42:07,3.78.0
Iniesta Andre,Punya limit tapi gak bisa di pakai virtual number padahal sudah level platinum 2 dah limit blum ke pakai sampai 20 persen tapi udah gak bisa di pakai aneh,2,3.79.0,2023-06-13 05:01:44,"Hai, Iniesta. Mohon maaf atas ketidaknyamanannya. Untuk membantu kami memahami kendala kamu, mohon bantuannya untuk menginfokan akun PayLater kamu melalui akun IG Traveloka PayLater https://www.instagram.com/travelokapaylater/ agar kami dapat bantu cek lebih lanjut. Terima kasih. -SY",2023-06-13 05:17:25,3.79.0
Agoes Choirul Alim,Mantab,5,3.78.0,2023-06-13 04:30:23,"Hi Kak, senang banget nih dapat rating bagus dari Kakak, terima kasih juga atas feedbacknya! Kenyamanan Kakak adalah prioritas Kami, jika ada pertanyaan lainnya jangan sungkan ya untuk infokan pada kami di https://www.traveloka.com/contactus . Jangan sampai ketinggalan penawaran menarik lainnya di Traveloka Lifestye Super Apps.",2023-06-13 04:42:13,3.78.0
Yudha Bagus,mudah pembayarannya dan pemesanan nya,5,3.78.0,2023-06-13 04:18:31,"Hi Kak, terima kasih atas feedbacknya, semoga Kakak tetap setia dengan Traveloka. Jika ada pertanyaan lain bisa langsung infokan pada kami di https://www.traveloka.com/contactus ya, Kak. Pantau terus Traveloka Lifestyle Super App untuk penawaran spesial lainnya!",2023-06-13 04:42:16,3.78.0
nora meprofarm,"Sering eror gini aplikasinya,, uda bolak balik d uninstal tetep eror 😫😫😫",3,3.78.0,2023-06-13 04:10:46,"Hai, Nora. Mohon maaf atas ketidaknyamanannya. Untuk membantu kami memahami kendala kamu, mohon bantuannya untuk menyampaikan kendala kamu beserta foto/screenshot kendalanya melalui https://www.traveloka.com/id-id/contactus agar kami dapat bantu cek lebih lanjut. Terima kasih. -SY",2023-06-13 04:18:20,3.78.0
Edy Sudarmono,thank you,5,3.77.1,2023-06-13 03:52:57,"Hi, thank you very much for the positive review! Please feel free to contact us at https://www.traveloka.com/contactus we're more than happy to assist you and Stay tuned for more exciting offers on Traveloka Lifestyle Super App.",2023-06-13 04:12:21,3.77.1
wahyu Setiyawan,memberikan kemudahan perjalanan dan banyak promo nya,5,3.78.0,2023-06-13 03:42:26,"Hi Kak, senang banget nih dapat rating bagus dari Kakak, terima kasih juga atas feedbacknya! Kenyamanan Kakak adalah prioritas Kami, jika ada pertanyaan lainnya jangan sungkan ya untuk infokan pada kami di https://www.traveloka.com/contactus . Jangan sampai ketinggalan penawaran menarik lainnya di Traveloka Lifestye Super Apps.",2023-06-13 04:12:23,3.78.0
Dendi Suhendra,mempermudah perjalanan,5,3.78.0,2023-06-13 03:30:49,"Halo Kak, terima kasih banyak atas ratingnya, semoga Kakak tetap nyaman dan selau setia menjadi pelanggan Traveloka. Yuk Kak pantengin terus Traveloka Lifestyle Super App karna kami selalu berikan promo-promo yg menarik loooh, jangan sampai ketinggalan ya :)",2023-06-13 03:42:10,3.78.0
Andhika Pamungkas,Sy ganti jadi 5 bintang. Setelah e tiket akhirnya muncul. Terimakasih atas bantuannya traveloka,5,3.78.0,2023-06-13 03:16:06,"Hi Kak, senang banget nih dapat rating bagus dari Kakak, terima kasih juga atas feedbacknya! Kenyamanan Kakak adalah prioritas Kami, jika ada pertanyaan lainnya jangan sungkan ya untuk infokan pada kami di https://www.traveloka.com/contactus . Jangan sampai ketinggalan penawaran menarik lainnya di Traveloka Lifestye Super Apps.",2023-06-13 03:42:13,3.78.0
rudi yanto,mantab,5,3.78.0,2023-06-13 03:11:07,"Halo Kak, terima kasih banyak atas ratingnya, semoga Kakak tetap nyaman dan selau setia menjadi pelanggan Traveloka. Yuk Kak pantengin terus Traveloka Lifestyle Super App karna kami selalu berikan promo-promo yg menarik loooh, jangan sampai ketinggalan ya :)",2023-06-13 03:12:09,3.78.0
Leonardus Indrianto,ok,5,3.78.0,2023-06-13 03:05:54,"Hi, we are so grateful to get a lot of support from you. Hope you continue to enjoy our offers. If you have any feedback or suggestions, let us know on https://www.traveloka.com/contactus, our customer service would love to serve you in 24 hours. Thank you!",2023-06-13 03:12:12,3.78.0
GAZALI LIE,terbaik,5,3.78.0,2023-06-13 01:58:37,"Halo Kak, terima kasih banyak atas ratingnya, semoga Kakak tetap nyaman dan selau setia menjadi pelanggan Traveloka. Yuk Kak pantengin terus Traveloka Lifestyle Super App karna kami selalu berikan promo-promo yg menarik loooh, jangan sampai ketinggalan ya :)",2023-06-13 02:12:07,3.78.0
Eka Darmani,"puas dengan pelayanannya, terimakasih dari dulu pake traveloka gak pernah gagal saya 🙏",5,3.78.0,2023-06-13 01:41:11,"Halo Kak, terima kasih banyak atas ratingnya, semoga Kakak tetap nyaman dan selau setia menjadi pelanggan Traveloka. Yuk Kak pantengin terus Traveloka Lifestyle Super App karna kami selalu berikan promo-promo yg menarik loooh, jangan sampai ketinggalan ya :)",2023-06-13 01:42:13,3.78.0
Devit Oppo,mantap,5,3.78.0,2023-06-13 01:01:27,"Halo Kak, terima kasih banyak atas ratingnya, semoga Kakak tetap nyaman dan selau setia menjadi pelanggan Traveloka. Yuk Kak pantengin terus Traveloka Lifestyle Super App karna kami selalu berikan promo-promo yg menarik loooh, jangan sampai ketinggalan ya :)",2023-06-13 01:12:09,3.78.0
Andi Ilham,mantap,5,3.78.0,2023-06-13 00:56:42,"Hi Kak, senang banget nih dapat rating bagus dari Kakak, terima kasih juga atas feedbacknya! Kenyamanan Kakak adalah prioritas Kami, jika ada pertanyaan lainnya jangan sungkan ya untuk infokan pada kami di https://www.traveloka.com/contactus . Jangan sampai ketinggalan penawaran menarik lainnya di Traveloka Lifestye Super Apps.",2023-06-13 01:12:12,3.78.0
IRTO Kalapadang,good,3,3.78.0,2023-06-13 00:21:56,"Hi, Irto. Thank you for your review and feedback. If you need more assistant, kindly contact us through https://www.traveloka.com/contactus. Thank you. -VK",2023-06-13 00:46:40,3.78.0
Ali Fauji,Traveloka paling muarah,5,3.78.0,2023-06-13 00:12:00,"Hi Kak, senang banget nih dapat rating bagus dari Kakak, terima kasih juga atas feedbacknya! Kenyamanan Kakak adalah prioritas Kami, jika ada pertanyaan lainnya jangan sungkan ya untuk infokan pada kami di https://www.traveloka.com/contactus . Jangan sampai ketinggalan penawaran menarik lainnya di Traveloka Lifestye Super Apps.",2023-06-13 00:42:12,3.78.0
Hajriana Baharuddin,Sangat berguna,5,3.78.0,2023-06-12 23:59:59,"Halo Kak, terima kasih banyak atas ratingnya, semoga Kakak tetap nyaman dan selau setia menjadi pelanggan Traveloka. Yuk Kak pantengin terus Traveloka Lifestyle Super App karna kami selalu berikan promo-promo yg menarik loooh, jangan sampai ketinggalan ya :)",2023-06-13 00:12:16,3.78.0
Cacuk Sudaryadi,mantabb,5,3.78.0,2023-06-12 23:43:08,,,3.78.0
Sapto Pamungkas,bagus,5,3.78.0,2023-06-12 23:00:38,"Halo Kak, terima kasih banyak atas ratingnya, semoga Kakak tetap nyaman dan selau setia menjadi pelanggan Traveloka. Yuk Kak pantengin terus Traveloka Lifestyle Super App karna kami selalu berikan promo-promo yg menarik loooh, jangan sampai ketinggalan ya :)",2023-06-12 23:12:07,3.78.0
Hadi Jito,bayar di Indomaret kok g bisa,2,3.74.0,2023-06-12 21:32:33,"Hai Hadi, maaf ya atas ketidaknyamanannya. Pada dasarnya, pembayaran Traveloka melalui merchant Indomaret bisa dilakukan, apabila terkendala silakan dapat menggunakan metode pembayaran lainnya yang tersedia di aplikasi Traveloka ya. Jika ada pertanyaan, hubungi kami melalui email di cs@traveloka.com atau Pesan Chat di aplikasi Traveloka. -CA",2023-06-12 21:47:17,3.74.0
Asif Sadiq,Sekarang saya kasih bintang empat dulu karena saya dulu pernah pesan tiket di aplikasi traveloka tapi tidak bisa di rescudle atau pengembalian biaya tiket🙏,4,3.78.0,2023-06-12 19:34:44,"Halo Kak, terima kasih banyak atas ratingnya, semoga Kakak tetap nyaman dan selau setia menjadi pelanggan Traveloka. Yuk Kak pantengin terus Traveloka Lifestyle Super App karna kami selalu berikan promo-promo yg menarik loooh, jangan sampai ketinggalan ya :)",2023-06-12 19:42:07,3.78.0
Adji Dwi syahputra,Buupp,5,,2023-06-12 18:19:47,,,
Mh Charis,baik,3,3.78.0,2023-06-12 17:39:53,Hai Charis. Terima kasih sudah menggunakan Traveloka ya. Ditunggu bintang 5 nya. :) -FR,2023-06-12 17:43:02,3.78.0
alifia al zahra,"Aku kasih bintang 5, karena aku juga CS hihi semangat terus ya CS .. 😊😊😊",5,3.78.0,2023-06-12 17:33:20,"Halo Kak, terima kasih banyak atas ratingnya, semoga Kakak tetap nyaman dan selau setia menjadi pelanggan Traveloka. Yuk Kak pantengin terus Traveloka Lifestyle Super App karna kami selalu berikan promo-promo yg menarik loooh, jangan sampai ketinggalan ya :)",2023-06-12 17:42:08,3.78.0
mursal UCHA,Terbaik sangat sangat membantu,5,3.78.0,2023-06-12 14:38:35,"Halo Kak, terima kasih banyak atas ratingnya, semoga Kakak tetap nyaman dan selau setia menjadi pelanggan Traveloka. Yuk Kak pantengin terus Traveloka Lifestyle Super App karna kami selalu berikan promo-promo yg menarik loooh, jangan sampai ketinggalan ya :)",2023-06-12 14:42:08,3.78.0
Debora rina Sari,smoga memuaskan,5,3.78.0,2023-06-12 14:04:27,"Halo Kak, terima kasih banyak atas ratingnya, semoga Kakak tetap nyaman dan selau setia menjadi pelanggan Traveloka. Yuk Kak pantengin terus Traveloka Lifestyle Super App karna kami selalu berikan promo-promo yg menarik loooh, jangan sampai ketinggalan ya :)",2023-06-12 14:12:11,3.78.0
Wayan Rasu,sangat membantu,5,3.78.0,2023-06-12 14:04:21,"Hi Kak, senang banget nih dapat rating bagus dari Kakak, terima kasih juga atas feedbacknya! Kenyamanan Kakak adalah prioritas Kami, jika ada pertanyaan lainnya jangan sungkan ya untuk infokan pada kami di https://www.traveloka.com/contactus . Jangan sampai ketinggalan penawaran menarik lainnya di Traveloka Lifestye Super Apps.",2023-06-12 14:12:14,3.78.0
wong kediri,ok,5,3.78.0,2023-06-12 13:43:08,Thank you for leaving a good comment to us. Let us know if you have any suggestion for improvement through https://www.traveloka.com/contactus . Stay around for more interesting offers from Traveloka Lifestyle Super App!,2023-06-12 14:12:20,3.78.0
Andy Speed,Sangat2 membantu kalo mau pesan2 tilet,5,3.78.0,2023-06-12 13:38:18,"Halo Kak, terima kasih banyak atas ratingnya, semoga Kakak tetap nyaman dan selau setia menjadi pelanggan Traveloka. Yuk Kak pantengin terus Traveloka Lifestyle Super App karna kami selalu berikan promo-promo yg menarik loooh, jangan sampai ketinggalan ya :)",2023-06-12 13:42:07,3.78.0
Firman Wahyudi,praktis dan cepat,5,3.78.0,2023-06-12 13:26:18,"Hi Kak, terima kasih atas feedbacknya, semoga Kakak tetap setia dengan Traveloka. Jika ada pertanyaan lain bisa langsung infokan pada kami di https://www.traveloka.com/contactus ya, Kak. Pantau terus Traveloka Lifestyle Super App untuk penawaran spesial lainnya!",2023-06-12 13:42:13,3.78.0
usman supriadi,mantap,5,3.78.0,2023-06-12 12:40:17,"Halo Kak, terima kasih banyak atas ratingnya, semoga Kakak tetap nyaman dan selau setia menjadi pelanggan Traveloka. Yuk Kak pantengin terus Traveloka Lifestyle Super App karna kami selalu berikan promo-promo yg menarik loooh, jangan sampai ketinggalan ya :)",2023-06-12 12:42:11,3.78.0
Octa Fika,"Mahalllll.. murah aplikasi sebelah.. paylatter yg pembayarannya bagus, status sehat tiba2 gak bs di pakai lagi.. PINDAH KE APLIKASI SEBELAH SAJA.. LEBIH JELAS",1,3.78.0,2023-06-12 12:12:29,"Hai, Octa. Untuk harga tiket yang menentukan adalah pihak maskapai langsung ya. Tapi, kalau kamu punya screnshoot perbedaan harganya, silakan kirm ke mimin melalui link ini ya https://www.traveloka.com/contactus. Untuk PayLater, kamu bisa hubungi IG PayLater https://www.instagram.com/travelokapay supaya bisa dibantu cek lebih lanjut. Makasih. -AM",2023-06-12 12:46:16,3.78.0
Indrabayu,terima kasih,5,3.78.0,2023-06-12 12:06:10,"Halo Kak, terima kasih banyak atas ratingnya, semoga Kakak tetap nyaman dan selau setia menjadi pelanggan Traveloka. Yuk Kak pantengin terus Traveloka Lifestyle Super App karna kami selalu berikan promo-promo yg menarik loooh, jangan sampai ketinggalan ya :)",2023-06-12 12:12:11,3.78.0
Zifa Dinar,membantu,1,3.78.0,2023-06-12 12:05:05,"Halo Zifa, mohon maaf banget ketidaknyamanan ini ya. Jika kamu ada pertanyaan ataupun kendala, boleh infokan melalui tautan ini supaya kami cek lebih lanjut https://www.traveloka.com/id-id/contactus. Terima kasih. -OR",2023-06-12 12:17:57,3.78.0
Rafif Pratama,mantaps..,5,3.78.0,2023-06-12 12:04:37,,,3.78.0
Hartoyo Hartoyo,sangat membantu,5,3.78.0,2023-06-12 11:19:58,"Halo Kak, terima kasih banyak atas ratingnya, semoga Kakak tetap nyaman dan selau setia menjadi pelanggan Traveloka. Yuk Kak pantengin terus Traveloka Lifestyle Super App karna kami selalu berikan promo-promo yg menarik loooh, jangan sampai ketinggalan ya :)",2023-06-12 11:42:07,3.78.0
arif tm,ok,5,3.78.0,2023-06-12 11:05:55,"Hi, thank you very much for the positive review! Please feel free to contact us at https://www.traveloka.com/contactus we're more than happy to assist you and Stay tuned for more exciting offers on Traveloka Lifestyle Super App.",2023-06-12 11:12:06,3.78.0
Saman tic,Good service,5,3.78.0,2023-06-12 10:54:44,"Hi, we are so grateful to get a lot of support from you. Hope you continue to enjoy our offers. If you have any feedback or suggestions, let us know on https://www.traveloka.com/contactus, our customer service would love to serve you in 24 hours. Thank you!",2023-06-12 11:12:08,3.78.0
bang Apri,mantap,5,3.78.0,2023-06-12 10:36:31,"Halo Kak, terima kasih banyak atas ratingnya, semoga Kakak tetap nyaman dan selau setia menjadi pelanggan Traveloka. Yuk Kak pantengin terus Traveloka Lifestyle Super App karna kami selalu berikan promo-promo yg menarik loooh, jangan sampai ketinggalan ya :)",2023-06-12 10:42:06,3.78.0
Elvano Sabian,baguss,5,3.65.0,2023-06-12 09:36:50,"Hi Kak, senang banget nih dapat rating bagus dari Kakak, terima kasih juga atas feedbacknya! Kenyamanan Kakak adalah prioritas Kami, jika ada pertanyaan lainnya jangan sungkan ya untuk infokan pada kami di https://www.traveloka.com/contactus . Jangan sampai ketinggalan penawaran menarik lainnya di Traveloka Lifestye Super Apps.",2023-06-12 09:42:09,3.65.0
Wafi Endgame,mantap,5,3.78.0,2023-06-12 09:27:19,"Hi Kak, terima kasih atas feedbacknya, semoga Kakak tetap setia dengan Traveloka. Jika ada pertanyaan lain bisa langsung infokan pada kami di https://www.traveloka.com/contactus ya, Kak. Pantau terus Traveloka Lifestyle Super App untuk penawaran spesial lainnya!",2023-06-12 09:42:12,3.78.0
Shafira Putri,baik,5,3.78.0,2023-06-12 09:25:54,"Halo Kak, terima kasih banyak atas ratingnya, semoga Kakak tetap nyaman dan selau setia menjadi pelanggan Traveloka. Yuk Kak pantengin terus Traveloka Lifestyle Super App karna kami selalu berikan promo-promo yg menarik loooh, jangan sampai ketinggalan ya :)",2023-06-12 09:42:15,3.78.0
Diana Yunita Sari,"Saya mau Login , pakai no telpon , kenapa tidak bisa ya ? Karna Email saya yg dipake diakun Traveloka sudah tidak aktif dan saya juga tidak mengingat password nya . Saya berniat mau mengganti Email diakun Traveloka .",3,3.78.0,2023-06-12 08:52:04,"Hai Kak Diana, untuk kendala login karena OTP terkirim ke email yang sudah tidak aktif silakan kamu infoin detail email dan nomor telepon akun kamu melalui https://www.traveloka.com/id-id/contactus. Terima kasih -DZ",2023-06-12 09:17:20,3.78.0
afdhol chanel,mudah digunakan,5,3.78.0,2023-06-12 07:46:22,"Halo Kak, terima kasih banyak atas ratingnya, semoga Kakak tetap nyaman dan selau setia menjadi pelanggan Traveloka. Yuk Kak pantengin terus Traveloka Lifestyle Super App karna kami selalu berikan promo-promo yg menarik loooh, jangan sampai ketinggalan ya :)",2023-06-12 08:12:06,3.78.0
Hery Kiswanto,Recomend,5,3.78.0,2023-06-12 07:29:39,"Hi, thank you very much for the positive review! Please feel free to contact us at https://www.traveloka.com/contactus we're more than happy to assist you and Stay tuned for more exciting offers on Traveloka Lifestyle Super App.",2023-06-12 07:42:09,3.78.0
Akbar Adyansa,good,5,3.78.0,2023-06-12 07:28:05,"Hi, we are so grateful to get a lot of support from you. Hope you continue to enjoy our offers. If you have any feedback or suggestions, let us know on https://www.traveloka.com/contactus, our customer service would love to serve you in 24 hours. Thank you!",2023-06-12 07:42:13,3.78.0
Rizal Chako,•#ZZ1zsza@1'○%0|F?H@f!berhO3e%0|F?H@f!be%0|F?H@f!berhO3e%0|F?H@f!berhO3erhO3e,5,3.78.0,2023-06-12 07:09:21,"Hi, thank you very much for the positive review! Please feel free to contact us at https://www.traveloka.com/contactus we're more than happy to assist you and Stay tuned for more exciting offers on Traveloka Lifestyle Super App.",2023-06-12 07:12:08,3.78.0
Grey Wahyu,"Respon Refund baik, makasih ya min",5,3.78.0,2023-06-12 06:38:52,"Halo Kak, terima kasih banyak atas ratingnya, semoga Kakak tetap nyaman dan selau setia menjadi pelanggan Traveloka. Yuk Kak pantengin terus Traveloka Lifestyle Super App karna kami selalu berikan promo-promo yg menarik loooh, jangan sampai ketinggalan ya :)",2023-06-12 06:42:07,3.78.0
Gita Indriyati,keren,5,3.78.0,2023-06-12 06:23:30,"Hi Kak, senang banget nih dapat rating bagus dari Kakak, terima kasih juga atas feedbacknya! Kenyamanan Kakak adalah prioritas Kami, jika ada pertanyaan lainnya jangan sungkan ya untuk infokan pada kami di https://www.traveloka.com/contactus . Jangan sampai ketinggalan penawaran menarik lainnya di Traveloka Lifestye Super Apps.",2023-06-12 06:42:10,3.78.0
Onan Mandua,transaksi cepat,5,3.78.0,2023-06-12 06:19:02,"Hi Kak, terima kasih atas feedbacknya, semoga Kakak tetap setia dengan Traveloka. Jika ada pertanyaan lain bisa langsung infokan pada kami di https://www.traveloka.com/contactus ya, Kak. Pantau terus Traveloka Lifestyle Super App untuk penawaran spesial lainnya!",2023-06-12 06:42:12,3.78.0
Yu'la Diana,Memudahkan traveler,5,3.78.0,2023-06-12 05:39:35,"Halo Kak, terima kasih banyak atas ratingnya, semoga Kakak tetap nyaman dan selau setia menjadi pelanggan Traveloka. Yuk Kak pantengin terus Traveloka Lifestyle Super App karna kami selalu berikan promo-promo yg menarik loooh, jangan sampai ketinggalan ya :)",2023-06-12 05:42:07,3.78.0
Tami Adit,bgus mempermudah pembelian online,5,3.38.0,2023-06-12 05:35:42,,,3.38.0
Mohamad Jahja,cepat,5,3.78.0,2023-06-12 05:28:16,"Hi Kak, senang banget nih dapat rating bagus dari Kakak, terima kasih juga atas feedbacknya! Kenyamanan Kakak adalah prioritas Kami, jika ada pertanyaan lainnya jangan sungkan ya untuk infokan pada kami di https://www.traveloka.com/contactus . Jangan sampai ketinggalan penawaran menarik lainnya di Traveloka Lifestye Super Apps.",2023-06-12 05:42:11,3.78.0
kusjarwanto wawa,teman setia saat dinas luar pulau,5,3.78.0,2023-06-12 05:18:38,"Hi Kak, terima kasih atas feedbacknya, semoga Kakak tetap setia dengan Traveloka. Jika ada pertanyaan lain bisa langsung infokan pada kami di https://www.traveloka.com/contactus ya, Kak. Pantau terus Traveloka Lifestyle Super App untuk penawaran spesial lainnya!",2023-06-12 05:42:14,3.78.0
Handri Sundrawan,sangat mudah di pahami,5,,2023-06-12 05:11:21,"Halo Kak, terima kasih banyak atas ratingnya, semoga Kakak tetap nyaman dan selau setia menjadi pelanggan Traveloka. Yuk Kak pantengin terus Traveloka Lifestyle Super App karna kami selalu berikan promo-promo yg menarik loooh, jangan sampai ketinggalan ya :)",2023-06-12 05:12:06,
Tado 22,good,5,3.78.0,2023-06-12 04:46:15,"Hi, we are so grateful to get a lot of support from you. Hope you continue to enjoy our offers. If you have any feedback or suggestions, let us know on https://www.traveloka.com/contactus, our customer service would love to serve you in 24 hours. Thank you!",2023-06-12 05:12:09,3.78.0
Nurina Damayanti,"baru pertama coba ,ksh 4* dulu ,moga tmbh yahud pelayanannya ya 👍",4,3.78.0,2023-06-12 04:33:02,"Halo Kak, terima kasih banyak atas ratingnya, semoga Kakak tetap nyaman dan selau setia menjadi pelanggan Traveloka. Yuk Kak pantengin terus Traveloka Lifestyle Super App karna kami selalu berikan promo-promo yg menarik loooh, jangan sampai ketinggalan ya :)",2023-06-12 04:42:07,3.78.0
Cromok 79,"APLIKASI GA JELAS PHP AJA 3X DITAWARI PAYLATER 3 KALI JUGA DITOLAK... UDAH NGISINYA SANGAT RIBET BERTELE TELE... JGN PAKE ALASAN KREDIT SKOR SKOR YA... SAYA GA PERNAH ADA HUTANG DI MANA MANA, BI CHECKING 100 PERSEN SEJAK 1999.. DENGAN INI SAYA UNINSTALL DAN HARAMKAN ANAK CUCU KERANAG SAYA PAKAI INI APLIKASI. PINDAH RAME2 KE APLIKASI SEBELAH!! APLIKASI SAMPAH PAYLATER NYA HOAX!! HAPUS DATA SAYA AWAS DISALAHGUNAKAN GUA BAKAR KANTOR LO!! NYESAL GUA SELAMA INI PESAN TIKET HOTEL PESAWAT DI SINI..",1,,2023-06-12 04:16:35,"Hai Andi, maaf ya sudah membuatmu kecewa. Dipastikan untuk kenyamanan pengguna Traveloka, kami akan perbaiki & tingkatkan performa Traveloka. Terkait pendaftaran PayLater kamu, silakan DM Instagram @travelokapaylater ya. Terima kasih. -NT",2023-06-10 05:15:19,
Ela Bky,saya sangat suka,5,3.76.0,2023-06-12 04:08:08,,,3.76.0
Luthfan Nadhil,cepat dan ringkas,5,3.78.0,2023-06-12 04:08:04,"Halo Kak, terima kasih banyak atas ratingnya, semoga Kakak tetap nyaman dan selau setia menjadi pelanggan Traveloka. Yuk Kak pantengin terus Traveloka Lifestyle Super App karna kami selalu berikan promo-promo yg menarik loooh, jangan sampai ketinggalan ya :)",2023-06-12 04:12:15,3.78.0
tedi,"Pokoknya aku mau batalin pesanan saya karena saya tidak bisa menginap karena salah memilih waktu, seharusnya kalian paham masalah ini, kalo kalian egois menutup mata dan tidak peduli. Kami pelanggan akan berhenti pakai kalian. Kalian harusnya pahami klo orang bisa salah memilih. Tidak menutup kemungkinan saya tidak akan bayar paylatter kalian, karena tidak merasa memakai yang di pesan",1,3.78.0,2023-06-12 03:56:02,"Hai Kak Tedi. Maaf buat kamu tidak nyaman. Untuk dapat membantu lebih lanjut kendala kamu, mohon hubungi kami melalui link https://www.traveloka.com/id-id/contactus atau bisa hubungi langsung akun IG Traveloka PayLater https://www.instagram.com/travelokapaylater/ jika membutuhkan bantuan soal PayLater. Terima kasih. -RM",2023-06-12 03:45:05,3.78.0
Recky Bimantara,professional,5,3.78.0,2023-06-12 03:20:10,"Hi, we are so grateful to get a lot of support from you. Hope you continue to enjoy our offers. If you have any feedback or suggestions, let us know on https://www.traveloka.com/contactus, our customer service would love to serve you in 24 hours. Thank you!",2023-06-12 03:42:11,3.78.0
Nauzaery ShaQuilla,Traveloka sangat membantu mencari transportasi dan hotel dengan harga dan hari sesuai kebutuhan.,5,3.78.0,2023-06-12 03:14:39,"Hi Kak, terima kasih atas feedbacknya, semoga Kakak tetap setia dengan Traveloka. Jika ada pertanyaan lain bisa langsung infokan pada kami di https://www.traveloka.com/contactus ya, Kak. Pantau terus Traveloka Lifestyle Super App untuk penawaran spesial lainnya!",2023-06-12 03:42:14,3.78.0
Deny Bogor,is the best,5,3.78.0,2023-06-12 02:53:06,"Hi, thank you very much for the positive review! Please feel free to contact us at https://www.traveloka.com/contactus we're more than happy to assist you and Stay tuned for more exciting offers on Traveloka Lifestyle Super App.",2023-06-12 03:12:07,3.78.0
Ida Riyana,good,5,,2023-06-12 02:40:09,"Hi, thank you very much for the positive review! Please feel free to contact us at https://www.traveloka.com/contactus we're more than happy to assist you and Stay tuned for more exciting offers on Traveloka Lifestyle Super App.",2023-06-12 02:42:15,
Zeinqi genta Pulana,good,5,3.78.0,2023-06-12 02:29:27,"Hi, we are so grateful to get a lot of support from you. Hope you continue to enjoy our offers. If you have any feedback or suggestions, let us know on https://www.traveloka.com/contactus, our customer service would love to serve you in 24 hours. Thank you!",2023-06-12 02:42:18,3.78.0
Andik Wo,Mantapp,5,3.78.0,2023-06-12 02:21:22,"Hi Kak, terima kasih atas feedbacknya, semoga Kakak tetap setia dengan Traveloka. Jika ada pertanyaan lain bisa langsung infokan pada kami di https://www.traveloka.com/contactus ya, Kak. Pantau terus Traveloka Lifestyle Super App untuk penawaran spesial lainnya!",2023-06-12 02:42:21,3.78.0
Marthen Mende,🤩😄😙😁🚥🤷🤷🛌,2,,2023-06-12 02:02:41,"Hai Marthen. Maaf buat kamu tidak nyaman. Jika kamu memiliki kendala atau pertanyaan seputar Traveloka, kamu bisa hubungi kami melalui link https://www.traveloka.com/id-id/contactus. Terima kasih. -RM",2023-06-12 03:15:32,
Henky Dalimun,sukses selalu untuk Traveloka,5,3.78.0,2023-06-12 01:47:25,"Halo Kak, terima kasih banyak atas ratingnya, semoga Kakak tetap nyaman dan selau setia menjadi pelanggan Traveloka. Yuk Kak pantengin terus Traveloka Lifestyle Super App karna kami selalu berikan promo-promo yg menarik loooh, jangan sampai ketinggalan ya :)",2023-06-12 02:12:09,3.78.0
rakhmat ullah,Bagus untuk karya terbaik,5,3.24.1,2023-06-11 22:17:52,"Halo Kak, terima kasih banyak atas ratingnya, semoga Kakak tetap nyaman dan selau setia menjadi pelanggan Traveloka. Yuk Kak pantengin terus Traveloka Lifestyle Super App karna kami selalu berikan promo-promo yg menarik loooh, jangan sampai ketinggalan ya :)",2023-06-11 22:42:06,3.24.1
Karaeng Lompo,traveloka mantap,5,3.78.0,2023-06-11 21:44:43,"Halo Kak, terima kasih banyak atas ratingnya, semoga Kakak tetap nyaman dan selau setia menjadi pelanggan Traveloka. Yuk Kak pantengin terus Traveloka Lifestyle Super App karna kami selalu berikan promo-promo yg menarik loooh, jangan sampai ketinggalan ya :)",2023-06-11 22:12:08,3.78.0
Bungkus Dasuki,Baik sekali,5,3.78.0,2023-06-11 19:47:49,"Halo Kak, terima kasih banyak atas ratingnya, semoga Kakak tetap nyaman dan selau setia menjadi pelanggan Traveloka. Yuk Kak pantengin terus Traveloka Lifestyle Super App karna kami selalu berikan promo-promo yg menarik loooh, jangan sampai ketinggalan ya :)",2023-06-11 20:12:08,3.78.0
suparman parman,mantap,5,3.78.0,2023-06-11 16:28:54,"Halo Kak, terima kasih banyak atas ratingnya, semoga Kakak tetap nyaman dan selau setia menjadi pelanggan Traveloka. Yuk Kak pantengin terus Traveloka Lifestyle Super App karna kami selalu berikan promo-promo yg menarik loooh, jangan sampai ketinggalan ya :)",2023-06-11 16:42:08,3.78.0
Avent Alitia,sangat membantu,5,3.78.0,2023-06-11 15:46:25,"Halo Kak, terima kasih banyak atas ratingnya, semoga Kakak tetap nyaman dan selau setia menjadi pelanggan Traveloka. Yuk Kak pantengin terus Traveloka Lifestyle Super App karna kami selalu berikan promo-promo yg menarik loooh, jangan sampai ketinggalan ya :)",2023-06-11 16:12:07,3.78.0
TK Nusa Indah Palembang,Bagus dan cepat prosesnya.,5,,2023-06-11 15:30:11,"Halo Kak, terima kasih banyak atas ratingnya, semoga Kakak tetap nyaman dan selau setia menjadi pelanggan Traveloka. Yuk Kak pantengin terus Traveloka Lifestyle Super App karna kami selalu berikan promo-promo yg menarik loooh, jangan sampai ketinggalan ya :)",2023-06-11 15:42:06,
Joy Reksen,membantu banget,4,3.76.0,2023-06-11 14:38:40,"Halo Kak, terima kasih banyak atas ratingnya, semoga Kakak tetap nyaman dan selau setia menjadi pelanggan Traveloka. Yuk Kak pantengin terus Traveloka Lifestyle Super App karna kami selalu berikan promo-promo yg menarik loooh, jangan sampai ketinggalan ya :)",2023-06-11 14:42:06,3.76.0
Umar,mantap,4,3.78.0,2023-06-11 13:26:30,"Halo Kak, terima kasih banyak atas ratingnya, semoga Kakak tetap nyaman dan selau setia menjadi pelanggan Traveloka. Yuk Kak pantengin terus Traveloka Lifestyle Super App karna kami selalu berikan promo-promo yg menarik loooh, jangan sampai ketinggalan ya :)",2023-06-11 13:42:07,3.78.0
Fransiskus Dakhi,"Buruk , lepas tanggung jawab atas keluhan customer.",1,3.78.0,2023-06-11 12:56:50,"Hai, Fransiskus. Mohon maaf atas ketidaknyamanannya, agar bisa kami cek mohon infokan detail pertanyaan kamu melalui https://www.traveloka.com/en-id/contactus ya, Kak. Terima kasih -BY",2022-01-03 16:03:25,3.78.0
hn1231,Pesawatnya gak ada kecuali garuda,3,3.78.0,2023-06-11 12:52:54,"Hai Kak. Mohon maaf sekali sebelumnya, mengenai ketersedian maskapai bergantung dari rute ya Kak, jika memiliki kendala saat melakukan pemesanan, kamu bisa hubungi customer service kami melalui pesan di aplikasi Traveloka kamu atau melalui email di cs@traveloka.com, untuk dibantu lebih lanjut ya. Terima kasih. -NT",2023-06-11 13:16:14,3.78.0
Haris Maulana,Coba dulu om😊,5,,2023-06-11 12:50:29,"Halo Kak, terima kasih banyak atas ratingnya, semoga Kakak tetap nyaman dan selau setia menjadi pelanggan Traveloka. Yuk Kak pantengin terus Traveloka Lifestyle Super App karna kami selalu berikan promo-promo yg menarik loooh, jangan sampai ketinggalan ya :)",2023-06-11 13:12:08,
adi chanel,bagus,5,3.78.0,2023-06-11 12:19:31,"Halo Kak, terima kasih banyak atas ratingnya, semoga Kakak tetap nyaman dan selau setia menjadi pelanggan Traveloka. Yuk Kak pantengin terus Traveloka Lifestyle Super App karna kami selalu berikan promo-promo yg menarik loooh, jangan sampai ketinggalan ya :)",2023-06-11 12:42:08,3.78.0
Ika Agustina,"Sistem point gak bgt, partnernya jelek2 dan tdk menguntungkan",1,,2023-06-11 12:00:13,"Halo, Ika. Terima kasih atas kritik yang kamu sampaikan, hal ini akan menjadi pertimbangan bagi kami untuk ke depannya. -SC",2023-06-11 12:14:05,
king kepot59,pemesanan mudah dan lancar,5,3.78.0,2023-06-11 11:24:11,"Halo Kak, terima kasih banyak atas ratingnya, semoga Kakak tetap nyaman dan selau setia menjadi pelanggan Traveloka. Yuk Kak pantengin terus Traveloka Lifestyle Super App karna kami selalu berikan promo-promo yg menarik loooh, jangan sampai ketinggalan ya :)",2023-06-11 11:42:08,3.78.0
ade irma sulistria,applikasi yang sangat membantu,5,3.78.0,2023-06-11 10:59:31,"Halo Kak, terima kasih banyak atas ratingnya, semoga Kakak tetap nyaman dan selau setia menjadi pelanggan Traveloka. Yuk Kak pantengin terus Traveloka Lifestyle Super App karna kami selalu berikan promo-promo yg menarik loooh, jangan sampai ketinggalan ya :)",2023-06-11 11:12:12,3.78.0
lufty primandani,Sudah hampir 3 thn paylater di nonaktifan,1,3.78.0,2023-06-11 10:29:16,"Halo, Lufty. Perihal penutupan akun PayLater sepenuhnya mengikuti kebijakan tim analis kredit. Jika kamu memiliki pertanyaan lebih lanjut, silakan menghubungi melalui tautan https://www.traveloka.com/id-id/contactus. Terima kasih. -SC",2023-06-11 10:44:12,3.78.0
fahmi mpot,good,5,3.78.0,2023-06-11 10:17:17,"Hi, we are so grateful to get a lot of support from you. Hope you continue to enjoy our offers. If you have any feedback or suggestions, let us know on https://www.traveloka.com/contactus, our customer service would love to serve you in 24 hours. Thank you!",2023-06-11 10:42:10,3.78.0
AA BAGIR,Jelek banget gc,1,3.78.0,2023-06-11 10:01:55,"Hai Bagir. Mohon maaf sekali sebelumnya, jika memiliki kendala saat melakukan pemesanan, kamu bisa hubungi customer service kami melalui pesan di aplikasi Traveloka kamu atau melalui email di cs@traveloka.com, untuk dibantu lebih lanjut ya. Terima kasih. -NT",2023-06-11 10:13:12,3.78.0
Adi Mursidi,bagus,5,3.78.0,2023-06-11 09:56:01,"Halo Kak, terima kasih banyak atas ratingnya, semoga Kakak tetap nyaman dan selau setia menjadi pelanggan Traveloka. Yuk Kak pantengin terus Traveloka Lifestyle Super App karna kami selalu berikan promo-promo yg menarik loooh, jangan sampai ketinggalan ya :)",2023-06-11 10:12:15,3.78.0
Dony Tampan,"ga ad yg lain, the best",5,3.77.1,2023-06-11 09:53:27,"Hi Kak, senang banget nih dapat rating bagus dari Kakak, terima kasih juga atas feedbacknya! Kenyamanan Kakak adalah prioritas Kami, jika ada pertanyaan lainnya jangan sungkan ya untuk infokan pada kami di https://www.traveloka.com/contactus . Jangan sampai ketinggalan penawaran menarik lainnya di Traveloka Lifestye Super Apps.",2023-06-11 10:12:19,3.77.1
Hendri Wardi,Baru mencoba...,5,,2023-06-11 09:45:07,"Hi Kak, terima kasih atas feedbacknya, semoga Kakak tetap setia dengan Traveloka. Jika ada pertanyaan lain bisa langsung infokan pada kami di https://www.traveloka.com/contactus ya, Kak. Pantau terus Traveloka Lifestyle Super App untuk penawaran spesial lainnya!",2023-06-11 10:12:21,
Degaga Sara,mudah cepat dan aman,5,3.78.0,2023-06-11 08:54:12,"Halo Kak, terima kasih banyak atas ratingnya, semoga Kakak tetap nyaman dan selau setia menjadi pelanggan Traveloka. Yuk Kak pantengin terus Traveloka Lifestyle Super App karna kami selalu berikan promo-promo yg menarik loooh, jangan sampai ketinggalan ya :)",2023-06-11 09:12:09,3.78.0
Sunarti Anjani,bagus promonya 👍,5,3.78.0,2023-06-11 08:46:36,"Hi Kak, senang banget nih dapat rating bagus dari Kakak, terima kasih juga atas feedbacknya! Kenyamanan Kakak adalah prioritas Kami, jika ada pertanyaan lainnya jangan sungkan ya untuk infokan pada kami di https://www.traveloka.com/contactus . Jangan sampai ketinggalan penawaran menarik lainnya di Traveloka Lifestye Super Apps.",2023-06-11 09:12:12,3.78.0
Abu Manda,"Nyoba booking penginapan dekat kampus tercinta... Eh, sukses....",5,3.78.0,2023-06-11 08:39:15,"Halo Kak, terima kasih banyak atas ratingnya, semoga Kakak tetap nyaman dan selau setia menjadi pelanggan Traveloka. Yuk Kak pantengin terus Traveloka Lifestyle Super App karna kami selalu berikan promo-promo yg menarik loooh, jangan sampai ketinggalan ya :)",2023-05-15 18:42:07,3.78.0
Khenzie Bima,keren,5,3.78.0,2023-06-11 08:21:38,"Halo Kak, terima kasih banyak atas ratingnya, semoga Kakak tetap nyaman dan selau setia menjadi pelanggan Traveloka. Yuk Kak pantengin terus Traveloka Lifestyle Super App karna kami selalu berikan promo-promo yg menarik loooh, jangan sampai ketinggalan ya :)",2023-06-11 08:42:08,3.78.0
Ahmad Widodo,"Jelek, gak bisa login",1,,2023-06-11 06:54:25,"Hai, Ahmad. Maaf banget bikin kamu gak nyaman. Terkait dengan kendala log-in yang kamu alami, silakan infokan detail kendala dengan menghubungi kami melalui https://www.traveloka.com/contactus. Terima kasih.-TK",2023-06-11 07:14:16,
Sania,Terima kasih,5,3.78.0,2023-06-11 06:50:39,"Halo Kak, terima kasih banyak atas ratingnya, semoga Kakak tetap nyaman dan selau setia menjadi pelanggan Traveloka. Yuk Kak pantengin terus Traveloka Lifestyle Super App karna kami selalu berikan promo-promo yg menarik loooh, jangan sampai ketinggalan ya :)",2023-06-11 07:12:13,3.78.0
arise ichsanputra,memudahkan untuk semua keperluan akomodasi dan transportasi,5,3.78.0,2023-06-11 06:31:44,"Halo Kak, terima kasih banyak atas ratingnya, semoga Kakak tetap nyaman dan selau setia menjadi pelanggan Traveloka. Yuk Kak pantengin terus Traveloka Lifestyle Super App karna kami selalu berikan promo-promo yg menarik loooh, jangan sampai ketinggalan ya :)",2023-06-11 06:42:08,3.78.0
Mujiati Robert,good,5,3.78.0,2023-06-11 06:01:01,"Hi, thank you very much for the positive review! Please feel free to contact us at https://www.traveloka.com/contactus we're more than happy to assist you and Stay tuned for more exciting offers on Traveloka Lifestyle Super App.",2023-06-11 06:12:11,3.78.0
Muhamad Supriyadi,mempermudah,5,3.77.1,2023-06-11 05:16:55,"Halo Kak, terima kasih banyak atas ratingnya, semoga Kakak tetap nyaman dan selau setia menjadi pelanggan Traveloka. Yuk Kak pantengin terus Traveloka Lifestyle Super App karna kami selalu berikan promo-promo yg menarik loooh, jangan sampai ketinggalan ya :)",2023-06-11 05:42:10,3.77.1
Retno Wati,ok,5,3.78.0,2023-06-11 04:41:22,"Hi, thank you very much for the positive review! Please feel free to contact us at https://www.traveloka.com/contactus we're more than happy to assist you and Stay tuned for more exciting offers on Traveloka Lifestyle Super App.",2023-06-11 04:42:07,3.78.0
Mochammad Rafly Alfaris,"Lumayan ada peningkatan, mohon untuk ditingkatkan terkait Payment nya agar tidak terjadi error atau pengulangan",5,3.78.0,2023-06-11 04:27:42,"Hi Kak, senang banget nih dapat rating bagus dari Kakak, terima kasih juga atas feedbacknya! Kenyamanan Kakak adalah prioritas Kami, jika ada pertanyaan lainnya jangan sungkan ya untuk infokan pada kami di https://www.traveloka.com/contactus . Jangan sampai ketinggalan penawaran menarik lainnya di Traveloka Lifestye Super Apps.",2023-06-11 04:42:10,3.78.0
Dedy Kembau,Oke,5,,2023-06-11 03:45:13,,,
siska rahmadansyah,terimakasih traveloka💕😍💕😍,5,3.78.0,2023-06-11 03:17:21,"Halo Kak, terima kasih banyak atas ratingnya, semoga Kakak tetap nyaman dan selau setia menjadi pelanggan Traveloka. Yuk Kak pantengin terus Traveloka Lifestyle Super App karna kami selalu berikan promo-promo yg menarik loooh, jangan sampai ketinggalan ya :)",2023-06-11 03:42:18,3.78.0
Teguh Priyanto,sangat membantu..,5,3.78.0,2023-06-11 03:02:49,"Halo Kak, terima kasih banyak atas ratingnya, semoga Kakak tetap nyaman dan selau setia menjadi pelanggan Traveloka. Yuk Kak pantengin terus Traveloka Lifestyle Super App karna kami selalu berikan promo-promo yg menarik loooh, jangan sampai ketinggalan ya :)",2023-06-11 03:12:06,3.78.0
suratman pambudi,bagus dan cepat,4,3.78.0,2023-06-11 02:55:04,"Hi Kak, senang banget nih dapat rating bagus dari Kakak, terima kasih juga atas feedbacknya! Kenyamanan Kakak adalah prioritas Kami, jika ada pertanyaan lainnya jangan sungkan ya untuk infokan pada kami di https://www.traveloka.com/contactus . Jangan sampai ketinggalan penawaran menarik lainnya di Traveloka Lifestye Super Apps.",2023-06-11 03:12:09,3.78.0
Japar Wahyudi,good aplikasi,5,3.78.0,2023-06-11 02:53:25,"Hi Kak, terima kasih atas feedbacknya, semoga Kakak tetap setia dengan Traveloka. Jika ada pertanyaan lain bisa langsung infokan pada kami di https://www.traveloka.com/contactus ya, Kak. Pantau terus Traveloka Lifestyle Super App untuk penawaran spesial lainnya!",2023-06-11 03:12:12,3.78.0
Cucu Adenia,Lemott ajg,1,3.78.0,2023-06-11 02:24:11,"Halo Kak. Mohon maaf atas ketidaknyamanan kamu. Terkait kendala kamu pastikan internet kamu dalam keadaan stabil, kamu juga bisa clear cache aplikasi ya. Jika butuh bantuan lebih lanjut, silakan menghubungi kami melalui https://www.traveloka.com/id-id/contactus. Terima kasih. -MZ",2023-06-11 02:45:09,3.78.0
Dirman Sudirman,Harga tiket Bima jakarta sekarang.,3,3.76.0,2023-06-11 02:04:47,"Hai, Dirman. Harga dapat bersifat fluktuatif atau berubah setiap waktu. Hal ini terjadi dikarenakan fluktuasi nilai mata uang, kapasitas kursi/layanan yang tersedia maupun update langsung dari pihak provider/supplier. Mimin sarankan kamu cek langsung melalui aplikasi/website Traveloka ya. Terima kasih. -VK",2023-06-11 02:13:39,3.76.0
Misda Mestijah,UIasan bersifat pubIik serta menyertakan info akun dan perangkat Anda. PeIajari Iebih Ianjut,4,3.78.0,2023-06-11 01:49:22,"Halo Kak, terima kasih banyak atas ratingnya, semoga Kakak tetap nyaman dan selau setia menjadi pelanggan Traveloka. Yuk Kak pantengin terus Traveloka Lifestyle Super App karna kami selalu berikan promo-promo yg menarik loooh, jangan sampai ketinggalan ya :)",2023-06-11 02:12:07,3.78.0
Ahmad Saiful,"Penggunaaanya mudah, refund proses cepat",5,3.78.0,2023-06-11 00:00:15,"Halo Kak, terima kasih banyak atas ratingnya, semoga Kakak tetap nyaman dan selau setia menjadi pelanggan Traveloka. Yuk Kak pantengin terus Traveloka Lifestyle Super App karna kami selalu berikan promo-promo yg menarik loooh, jangan sampai ketinggalan ya :)",2023-06-11 00:12:06,3.78.0
A Sep,mantap,5,3.78.0,2023-06-10 23:18:54,"Halo Kak, terima kasih banyak atas ratingnya, semoga Kakak tetap nyaman dan selau setia menjadi pelanggan Traveloka. Yuk Kak pantengin terus Traveloka Lifestyle Super App karna kami selalu berikan promo-promo yg menarik loooh, jangan sampai ketinggalan ya :)",2023-06-10 23:42:07,3.78.0
Atik Hariwayati,"okeyy bingit, sangat membantu",5,3.68.0,2023-06-10 23:13:06,"Hi Kak, senang banget nih dapat rating bagus dari Kakak, terima kasih juga atas feedbacknya! Kenyamanan Kakak adalah prioritas Kami, jika ada pertanyaan lainnya jangan sungkan ya untuk infokan pada kami di https://www.traveloka.com/contactus . Jangan sampai ketinggalan penawaran menarik lainnya di Traveloka Lifestye Super Apps.",2023-06-10 23:42:10,3.68.0
dani plur0707,Mantul dan Mantap,5,3.78.0,2023-06-10 21:36:38,"Halo Kak, terima kasih banyak atas ratingnya, semoga Kakak tetap nyaman dan selau setia menjadi pelanggan Traveloka. Yuk Kak pantengin terus Traveloka Lifestyle Super App karna kami selalu berikan promo-promo yg menarik loooh, jangan sampai ketinggalan ya :)",2023-06-10 21:42:07,3.78.0
yetarut apaseray,👍,5,3.76.0,2023-06-10 21:02:49,,,3.76.0
Rohani,LuarBiasa,5,3.78.0,2023-06-10 19:36:15,,,3.78.0
Muhammad Bachtiar Rifai,ok,5,3.69.0,2023-06-10 19:18:03,"Hi, thank you very much for the positive review! Please feel free to contact us at https://www.traveloka.com/contactus we're more than happy to assist you and Stay tuned for more exciting offers on Traveloka Lifestyle Super App.",2023-06-10 19:42:08,3.69.0
daryono Yono,good..,5,3.78.0,2023-06-10 17:15:55,"Hi, thank you very much for the positive review! Please feel free to contact us at https://www.traveloka.com/contactus we're more than happy to assist you and Stay tuned for more exciting offers on Traveloka Lifestyle Super App.",2023-06-10 17:42:09,3.78.0
Icon Gultom,good,5,3.78.0,2023-06-10 16:24:04,"Hi, thank you very much for the positive review! Please feel free to contact us at https://www.traveloka.com/contactus we're more than happy to assist you and Stay tuned for more exciting offers on Traveloka Lifestyle Super App.",2023-06-10 16:42:10,3.78.0
Raju Handika,Good job! :),5,,2023-06-10 15:23:23,"Hi, thank you very much for the positive review! Please feel free to contact us at https://www.traveloka.com/contactus we're more than happy to assist you and Stay tuned for more exciting offers on Traveloka Lifestyle Super App.",2023-06-10 15:42:15,
su Mire,terbaik.saya mulai lagi y..,5,3.78.0,2023-06-10 14:54:33,"Hi Kak, senang banget nih dapat rating bagus dari Kakak, terima kasih juga atas feedbacknya! Kenyamanan Kakak adalah prioritas Kami, jika ada pertanyaan lainnya jangan sungkan ya untuk infokan pada kami di https://www.traveloka.com/contactus . Jangan sampai ketinggalan penawaran menarik lainnya di Traveloka Lifestye Super Apps.",2023-06-10 15:12:10,3.78.0
Addin Siro,Good,5,3.38.0,2023-06-10 13:40:56,"Hi, thank you very much for the positive review! Please feel free to contact us at https://www.traveloka.com/contactus we're more than happy to assist you and Stay tuned for more exciting offers on Traveloka Lifestyle Super App.",2023-06-10 13:42:07,3.38.0
sembiring. hendrik,ok,5,3.56.1,2023-06-10 13:25:19,"Hi, we are so grateful to get a lot of support from you. Hope you continue to enjoy our offers. If you have any feedback or suggestions, let us know on https://www.traveloka.com/contactus, our customer service would love to serve you in 24 hours. Thank you!",2023-06-10 13:42:10,3.56.1
Muhammad Amdin22,semua menjadi gampang dan mudah melalui aplikasi terpercaya,5,3.78.0,2023-06-10 13:13:33,"Hi Kak, terima kasih atas feedbacknya, semoga Kakak tetap setia dengan Traveloka. Jika ada pertanyaan lain bisa langsung infokan pada kami di https://www.traveloka.com/contactus ya, Kak. Pantau terus Traveloka Lifestyle Super App untuk penawaran spesial lainnya!",2023-06-10 13:42:13,3.78.0
Amt Entertainment,ok,5,3.78.0,2023-06-10 12:49:54,"Hi, thank you very much for the positive review! Please feel free to contact us at https://www.traveloka.com/contactus we're more than happy to assist you and Stay tuned for more exciting offers on Traveloka Lifestyle Super App.",2023-06-10 13:12:08,3.78.0
Rifai RahmatRizal,Baik,4,,2023-06-10 12:37:30,"Halo Kak, terima kasih banyak atas ratingnya, semoga Kakak tetap nyaman dan selau setia menjadi pelanggan Traveloka. Yuk Kak pantengin terus Traveloka Lifestyle Super App karna kami selalu berikan promo-promo yg menarik loooh, jangan sampai ketinggalan ya :)",2023-06-10 12:42:08,
Saifullah Saiful,kami puas,5,3.54.2,2023-06-10 12:34:42,"Hi Kak, senang banget nih dapat rating bagus dari Kakak, terima kasih juga atas feedbacknya! Kenyamanan Kakak adalah prioritas Kami, jika ada pertanyaan lainnya jangan sungkan ya untuk infokan pada kami di https://www.traveloka.com/contactus . Jangan sampai ketinggalan penawaran menarik lainnya di Traveloka Lifestye Super Apps.",2023-06-10 12:42:12,3.54.2
Bagong Gendut,Paylater terburuk.. alamat yang saya masukkan sudah valid tetap saja suruh masukkan alamat yg valid.. call centernya juga gak memberikan solusi..,1,,2023-06-10 12:17:27,"Hai, Kak. Mohon maaf atas kendalanya. Mimin sarankan juga untuk alamat, kamu bisa pilih via peta terlebih dahulu. Nantinya apabila ada ketidaksesuaian alamat sesuai peta, kamu bisa ubah sesuai alamat pada KTP ya Kak. Terima kasih. -RZ",2023-06-10 12:48:00,
Milla Triana,siipn,5,3.78.0,2023-06-10 11:38:01,,,3.78.0
mey tallan,sangat baik,5,3.78.0,2023-06-10 11:36:54,"Halo Kak, terima kasih banyak atas ratingnya, semoga Kakak tetap nyaman dan selau setia menjadi pelanggan Traveloka. Yuk Kak pantengin terus Traveloka Lifestyle Super App karna kami selalu berikan promo-promo yg menarik loooh, jangan sampai ketinggalan ya :)",2023-06-10 11:42:07,3.78.0
Ferian Cakep,puas,5,3.76.0,2023-06-10 11:17:03,,,3.76.0
Novalina Anzelin Siburian,sangat membantu,5,3.78.0,2023-06-10 10:22:54,"Halo Kak, terima kasih banyak atas ratingnya, semoga Kakak tetap nyaman dan selau setia menjadi pelanggan Traveloka. Yuk Kak pantengin terus Traveloka Lifestyle Super App karna kami selalu berikan promo-promo yg menarik loooh, jangan sampai ketinggalan ya :)",2023-06-10 10:42:06,3.78.0
Faisal Cutza,mantap,5,3.78.0,2023-06-10 10:06:05,"Halo Kak, terima kasih banyak atas ratingnya, semoga Kakak tetap nyaman dan selau setia menjadi pelanggan Traveloka. Yuk Kak pantengin terus Traveloka Lifestyle Super App karna kami selalu berikan promo-promo yg menarik loooh, jangan sampai ketinggalan ya :)",2023-06-10 10:12:07,3.78.0
Adhe sofyan,"HATI HATI BUAT YG MESEN PENGINAPAN MURAH, BANYAK YG UDAH GAK KERJASAMA TP MASIH DI IKLAN KAN SAMA TRAVELOKA, SEPENGALAMAN SAYA, DIMINTA BIAYA TAMBAHAN PAS CHECK IN",5,3.62.1,2023-06-10 09:22:18,"Hai, Kak Adhe. Mohon maaf atas ketidaknyamanan yang kamu alami. Untuk membantu kami memahami kendala kamu, mohon bantuannya untuk menyampaikan detail kendala kamu melalui https://www.traveloka.com/id-id/contactus ya. Terima kasih. -PA",2023-06-10 09:45:29,3.62.1
Subandi Siti,Di perangkat android kami agak lemot.,3,3.78.0,2023-06-10 08:02:32,"Halo, Kak Siti. Mohon maaf atas ketidaknyamanan yang kamu alami. Pastikan aplikasi Traveloka kamu sudah versi terbaru ya. Pastikan juga jaringan kamu stabil. Jika masih kendala, mohonuntuk sampaikan dengan detail kendala kamu melalui https://www.traveloka.com/id-id/contactus. Terima kasih. -PA",2023-06-10 08:16:38,3.78.0
Sartono Thono,mantap,5,3.78.0,2023-06-10 07:29:26,"Halo Kak, terima kasih banyak atas ratingnya, semoga Kakak tetap nyaman dan selau setia menjadi pelanggan Traveloka. Yuk Kak pantengin terus Traveloka Lifestyle Super App karna kami selalu berikan promo-promo yg menarik loooh, jangan sampai ketinggalan ya :)",2023-06-10 07:42:06,3.78.0
Rahmat Basuki,keren,5,3.78.0,2023-06-10 07:01:57,"Halo Kak, terima kasih banyak atas ratingnya, semoga Kakak tetap nyaman dan selau setia menjadi pelanggan Traveloka. Yuk Kak pantengin terus Traveloka Lifestyle Super App karna kami selalu berikan promo-promo yg menarik loooh, jangan sampai ketinggalan ya :)",2023-06-10 07:12:08,3.78.0
tuti desi arianti,Baik,5,3.78.0,2023-06-10 06:26:29,"Halo Kak, terima kasih banyak atas ratingnya, semoga Kakak tetap nyaman dan selau setia menjadi pelanggan Traveloka. Yuk Kak pantengin terus Traveloka Lifestyle Super App karna kami selalu berikan promo-promo yg menarik loooh, jangan sampai ketinggalan ya :)",2023-06-10 06:42:06,3.78.0
Ratman Ciz,wow cepat tepat paten,5,3.78.0,2023-06-10 06:06:49,"Hi Kak, senang banget nih dapat rating bagus dari Kakak, terima kasih juga atas feedbacknya! Kenyamanan Kakak adalah prioritas Kami, jika ada pertanyaan lainnya jangan sungkan ya untuk infokan pada kami di https://www.traveloka.com/contactus . Jangan sampai ketinggalan penawaran menarik lainnya di Traveloka Lifestye Super Apps.",2023-06-10 06:12:09,3.78.0
Tatang Hidayat,mantap,5,3.78.0,2023-06-10 06:06:14,"Hi Kak, terima kasih atas feedbacknya, semoga Kakak tetap setia dengan Traveloka. Jika ada pertanyaan lain bisa langsung infokan pada kami di https://www.traveloka.com/contactus ya, Kak. Pantau terus Traveloka Lifestyle Super App untuk penawaran spesial lainnya!",2023-06-10 06:12:12,3.78.0
Irwin alpandany,sangat bagus,4,3.78.0,2023-06-10 05:48:08,"Halo Kak, terima kasih banyak atas ratingnya, semoga Kakak tetap nyaman dan selau setia menjadi pelanggan Traveloka. Yuk Kak pantengin terus Traveloka Lifestyle Super App karna kami selalu berikan promo-promo yg menarik loooh, jangan sampai ketinggalan ya :)",2023-06-10 06:12:23,3.78.0
Selintech,sangat bagus,5,3.78.0,2023-06-10 05:43:38,"Hi Kak, senang banget nih dapat rating bagus dari Kakak, terima kasih juga atas feedbacknya! Kenyamanan Kakak adalah prioritas Kami, jika ada pertanyaan lainnya jangan sungkan ya untuk infokan pada kami di https://www.traveloka.com/contactus . Jangan sampai ketinggalan penawaran menarik lainnya di Traveloka Lifestye Super Apps.",2023-06-10 06:12:26,3.78.0
Cindy Yati,terbaik,5,3.76.0,2023-06-10 05:40:04,"Halo Kak, terima kasih banyak atas ratingnya, semoga Kakak tetap nyaman dan selau setia menjadi pelanggan Traveloka. Yuk Kak pantengin terus Traveloka Lifestyle Super App karna kami selalu berikan promo-promo yg menarik loooh, jangan sampai ketinggalan ya :)",2023-06-10 05:42:06,3.76.0
Mbe_gtk@yahoo.com 99860008,mantull,5,3.78.0,2023-06-10 05:32:37,,,3.78.0
Ferdhika Dhika,bagus,5,3.78.0,2023-06-10 04:55:15,"Halo Kak, terima kasih banyak atas ratingnya, semoga Kakak tetap nyaman dan selau setia menjadi pelanggan Traveloka. Yuk Kak pantengin terus Traveloka Lifestyle Super App karna kami selalu berikan promo-promo yg menarik loooh, jangan sampai ketinggalan ya :)",2023-06-10 05:12:09,3.78.0
Mas Brand,"Mohon maaf untuk kinerja dan pelayananya, saya sudah ajukan pylater berkali2x dengan data yg benar. Trimksh atas ketidak percayaan pihak traveloka dan mohon data saya di hilangkan juga",1,3.78.0,2023-06-10 04:47:09,"Hai, Kak. Mohon maaf atas ketidaknyamanan yang kamu alami. Terkait dengan pengajuan PayLater yang belum disetujui, maka itu keputusan tim analis PayLater kami. Kamu juga bisa hubungi kamu melalui IG PayLater Traveloka pada link ini https://www.instagram.com/travelokapaylater/ ya. Terima kasih. -PA
",2023-06-10 05:17:34,3.78.0
michelle calista emanuella,"Kalo aku lagi buka aplikasi lain, kenapa aku selalu masuk ke traveloka nya! Aku lagi main game eh tiba-tiba malah masuk ke aplikasinya, ngeselin banget taulah!",1,3.77.1,2023-06-10 04:43:50,"Hai, Michelle. Mohon maaf ya sudah buat kamu tidak nyaman. Untuk non-aktifkan iklan yang muncul, silakan klik titik 3 di pojok kanan atas pada halaman browser kamu, lalu masuk ke menu ""Setelan"" dan pilih ""Setelan Situs"", dan klik untuk me-nonaktif-kan pop-up dan pengalihan ya. Terima kasih. -AM",2023-06-10 05:14:47,3.77.1
Puspito Sigit,makasih,4,3.78.0,2023-06-10 04:04:16,"Halo Kak, terima kasih banyak atas ratingnya, semoga Kakak tetap nyaman dan selau setia menjadi pelanggan Traveloka. Yuk Kak pantengin terus Traveloka Lifestyle Super App karna kami selalu berikan promo-promo yg menarik loooh, jangan sampai ketinggalan ya :)",2023-06-10 04:12:12,3.78.0
mas sae,mantaabzzz,5,3.78.0,2023-06-10 03:58:12,,,3.78.0
Saputro Feki,Verry nice tarveloka,4,3.78.0,2023-06-10 03:35:35,,,3.78.0
Babank Jombayy,Stress,4,3.76.0,2023-06-10 03:04:04,"Hai Kak, Jika ada pertanyaan atau kendala yang bisa kami bantu, silakan hubungi kami melalui https://www.traveloka.com/id-id/contactus ya. Terima kasih. -NA",2023-06-10 03:48:55,3.76.0
Pra Sasti,ok,5,3.25.1,2023-06-10 02:30:26,"Hi, thank you very much for the positive review! Please feel free to contact us at https://www.traveloka.com/contactus we're more than happy to assist you and Stay tuned for more exciting offers on Traveloka Lifestyle Super App.",2023-06-10 02:42:08,3.25.1
Wahyu Rosita Dewi,The best deh. ✨,5,3.45.0,2023-06-10 02:12:46,"Hi, we are so grateful to get a lot of support from you. Hope you continue to enjoy our offers. If you have any feedback or suggestions, let us know on https://www.traveloka.com/contactus, our customer service would love to serve you in 24 hours. Thank you!",2023-06-10 02:42:12,3.45.0
Bernadetha Tory,I love this app,5,,2023-06-10 01:48:38,"Hi, thank you very much for the positive review! Please feel free to contact us at https://www.traveloka.com/contactus we're more than happy to assist you and Stay tuned for more exciting offers on Traveloka Lifestyle Super App.",2023-06-10 02:12:07,
Hen Suhendar,bagus sangat membantu sekali,5,3.78.0,2023-06-10 01:29:52,"Halo Kak, terima kasih banyak atas ratingnya, semoga Kakak tetap nyaman dan selau setia menjadi pelanggan Traveloka. Yuk Kak pantengin terus Traveloka Lifestyle Super App karna kami selalu berikan promo-promo yg menarik loooh, jangan sampai ketinggalan ya :)",2023-06-10 01:42:06,3.78.0
Piter Tukan Basira,baik,5,3.78.0,2023-06-10 01:28:19,"Hi Kak, senang banget nih dapat rating bagus dari Kakak, terima kasih juga atas feedbacknya! Kenyamanan Kakak adalah prioritas Kami, jika ada pertanyaan lainnya jangan sungkan ya untuk infokan pada kami di https://www.traveloka.com/contactus . Jangan sampai ketinggalan penawaran menarik lainnya di Traveloka Lifestye Super Apps.",2023-06-10 01:42:10,3.78.0
MASYHUR AMIR,sangat membantu....,5,3.78.0,2023-06-10 00:29:14,"Halo Kak, terima kasih banyak atas ratingnya, semoga Kakak tetap nyaman dan selau setia menjadi pelanggan Traveloka. Yuk Kak pantengin terus Traveloka Lifestyle Super App karna kami selalu berikan promo-promo yg menarik loooh, jangan sampai ketinggalan ya :)",2023-06-10 00:42:06,3.78.0
Hidayat Arifin official,perjalanan jadi lebih mudah,5,3.78.0,2023-06-10 00:28:33,"Hi Kak, senang banget nih dapat rating bagus dari Kakak, terima kasih juga atas feedbacknya! Kenyamanan Kakak adalah prioritas Kami, jika ada pertanyaan lainnya jangan sungkan ya untuk infokan pada kami di https://www.traveloka.com/contactus . Jangan sampai ketinggalan penawaran menarik lainnya di Traveloka Lifestye Super Apps.",2023-06-10 00:42:09,3.78.0
Yadi Nuryadi,ok,5,3.78.0,2023-06-09 23:45:10,"Hi, thank you very much for the positive review! Please feel free to contact us at https://www.traveloka.com/contactus we're more than happy to assist you and Stay tuned for more exciting offers on Traveloka Lifestyle Super App.",2023-06-10 00:12:07,3.78.0
rifa yanti,bagus,4,3.78.0,2023-06-09 23:34:00,"Halo Kak, terima kasih banyak atas ratingnya, semoga Kakak tetap nyaman dan selau setia menjadi pelanggan Traveloka. Yuk Kak pantengin terus Traveloka Lifestyle Super App karna kami selalu berikan promo-promo yg menarik loooh, jangan sampai ketinggalan ya :)",2023-06-09 23:42:07,3.78.0
Muhammad nur Affandi,bagus,5,3.78.0,2023-06-09 21:13:59,"Halo Kak, terima kasih banyak atas ratingnya, semoga Kakak tetap nyaman dan selau setia menjadi pelanggan Traveloka. Yuk Kak pantengin terus Traveloka Lifestyle Super App karna kami selalu berikan promo-promo yg menarik loooh, jangan sampai ketinggalan ya :)",2023-06-09 21:42:07,3.78.0
Nanik Kusuma,"terimakasih traveloka,sangat membantu saya untuk mendapatkan tiket dg mudah.",5,3.78.0,2023-06-09 20:05:43,"Halo Kak, terima kasih banyak atas ratingnya, semoga Kakak tetap nyaman dan selau setia menjadi pelanggan Traveloka. Yuk Kak pantengin terus Traveloka Lifestyle Super App karna kami selalu berikan promo-promo yg menarik loooh, jangan sampai ketinggalan ya :)",2023-06-09 20:12:07,3.78.0
khemal amirullah hakim,saya ngga bisa pakai paylater,5,3.78.0,2023-06-09 19:43:29,"Halo Khemal, mohon maaf banget terkait hal ini ya. Boleh infokan email dan nomor ponsel PayLater kamu via tautan ini untuk pengecekan lebih lanjut ya https://www.traveloka.com/id-id/contactus. Terima kasih. -OR",2023-06-09 20:13:32,3.78.0
ijonk abraham,nice app,5,3.78.0,2023-06-09 19:35:15,"Hi, thank you very much for the positive review! Please feel free to contact us at https://www.traveloka.com/contactus we're more than happy to assist you and Stay tuned for more exciting offers on Traveloka Lifestyle Super App.",2023-06-09 19:42:08,3.78.0
Aliakbar 88,sangat membantu,5,3.78.0,2023-06-09 16:21:20,"Halo Kak, terima kasih banyak atas ratingnya, semoga Kakak tetap nyaman dan selau setia menjadi pelanggan Traveloka. Yuk Kak pantengin terus Traveloka Lifestyle Super App karna kami selalu berikan promo-promo yg menarik loooh, jangan sampai ketinggalan ya :)",2023-06-09 16:42:07,3.78.0
cherly darmawan,pross gampang dan menyenangkan,5,3.78.0,2023-06-09 16:15:56,"Hi Kak, senang banget nih dapat rating bagus dari Kakak, terima kasih juga atas feedbacknya! Kenyamanan Kakak adalah prioritas Kami, jika ada pertanyaan lainnya jangan sungkan ya untuk infokan pada kami di https://www.traveloka.com/contactus . Jangan sampai ketinggalan penawaran menarik lainnya di Traveloka Lifestye Super Apps.",2023-06-09 16:42:10,3.78.0
Rio Contraktorlma,Bermanfaat,5,3.78.0,2023-06-09 15:51:12,"Halo Kak, terima kasih banyak atas ratingnya, semoga Kakak tetap nyaman dan selau setia menjadi pelanggan Traveloka. Yuk Kak pantengin terus Traveloka Lifestyle Super App karna kami selalu berikan promo-promo yg menarik loooh, jangan sampai ketinggalan ya :)",2023-06-09 16:12:07,3.78.0
Frederik L,good,5,3.78.0,2023-06-09 15:21:50,"Hi, thank you very much for the positive review! Please feel free to contact us at https://www.traveloka.com/contactus we're more than happy to assist you and Stay tuned for more exciting offers on Traveloka Lifestyle Super App.",2023-06-09 15:42:08,3.78.0
Feri Oktoberiandi,good,5,3.78.0,2023-06-09 14:50:49,"Hi, thank you very much for the positive review! Please feel free to contact us at https://www.traveloka.com/contactus we're more than happy to assist you and Stay tuned for more exciting offers on Traveloka Lifestyle Super App.",2023-06-09 15:12:07,3.78.0
Fini Tampubolon,lancar,5,3.78.0,2023-06-09 14:41:30,"Halo Kak, terima kasih banyak atas ratingnya, semoga Kakak tetap nyaman dan selau setia menjadi pelanggan Traveloka. Yuk Kak pantengin terus Traveloka Lifestyle Super App karna kami selalu berikan promo-promo yg menarik loooh, jangan sampai ketinggalan ya :)",2023-06-09 14:42:07,3.78.0
Ada Aku - Cila,menolong,5,3.78.0,2023-06-09 13:39:43,"Halo Kak, terima kasih banyak atas ratingnya, semoga Kakak tetap nyaman dan selau setia menjadi pelanggan Traveloka. Yuk Kak pantengin terus Traveloka Lifestyle Super App karna kami selalu berikan promo-promo yg menarik loooh, jangan sampai ketinggalan ya :)",2023-06-09 13:42:07,3.78.0
indra gumelar,good,5,3.78.0,2023-06-09 13:21:36,Thank you for leaving a good comment to us. Let us know if you have any suggestion for improvement through https://www.traveloka.com/contactus . Stay around for more interesting offers from Traveloka Lifestyle Super App!,2023-06-09 13:42:12,3.78.0
Marice Baru,sangat baik,1,,2023-06-09 13:14:26,"Hai Marice, terima kasih atas feedbacknya, semoga kamu tetap setia dengan Traveloka. Jika ada pertanyaan bisa langsung infokan pada kami di https://www.traveloka.com/contactus ya Kak. Pantau terus Traveloka Lifestyle Super App untuk penawaran spesial lainnya! -AH",2023-06-09 13:44:03,
hasriany amin,"cepat, praktis, memudahkan",5,3.78.0,2023-06-09 13:06:58,"Halo Kak, terima kasih banyak atas ratingnya, semoga Kakak tetap nyaman dan selau setia menjadi pelanggan Traveloka. Yuk Kak pantengin terus Traveloka Lifestyle Super App karna kami selalu berikan promo-promo yg menarik loooh, jangan sampai ketinggalan ya :)",2023-06-09 13:12:07,3.78.0
Ageng Zaya Awal.L,yauayayayaya,5,3.78.0,2023-06-09 12:58:40,,,3.78.0
Raja Ratu,mkasiii,5,3.78.0,2023-06-09 12:42:17,,,3.78.0
huda days,terpercaya,4,3.78.0,2023-06-09 12:29:11,"Halo Kak, terima kasih banyak atas ratingnya, semoga Kakak tetap nyaman dan selau setia menjadi pelanggan Traveloka. Yuk Kak pantengin terus Traveloka Lifestyle Super App karna kami selalu berikan promo-promo yg menarik loooh, jangan sampai ketinggalan ya :)",2023-06-09 12:42:06,3.78.0
Candra Putri,"cepat, mudah",5,3.78.0,2023-06-09 12:05:31,"Halo Kak, terima kasih banyak atas ratingnya, semoga Kakak tetap nyaman dan selau setia menjadi pelanggan Traveloka. Yuk Kak pantengin terus Traveloka Lifestyle Super App karna kami selalu berikan promo-promo yg menarik loooh, jangan sampai ketinggalan ya :)",2023-06-09 12:12:07,3.78.0
Eka Nurcahyani,sangat membantu,5,3.78.0,2023-06-09 11:41:53,"Hi Kak, terima kasih atas feedbacknya, semoga Kakak tetap setia dengan Traveloka. Jika ada pertanyaan lain bisa langsung infokan pada kami di https://www.traveloka.com/contactus ya, Kak. Pantau terus Traveloka Lifestyle Super App untuk penawaran spesial lainnya!",2023-06-09 12:12:13,3.78.0
Ilham Lamase,Hasil cepat dan mudah serta memuaskan,5,3.78.0,2023-06-09 11:22:23,"Halo Kak, terima kasih banyak atas ratingnya, semoga Kakak tetap nyaman dan selau setia menjadi pelanggan Traveloka. Yuk Kak pantengin terus Traveloka Lifestyle Super App karna kami selalu berikan promo-promo yg menarik loooh, jangan sampai ketinggalan ya :)",2023-06-09 11:42:07,3.78.0
SKUY gaming,top,5,3.78.0,2023-06-09 11:05:00,"Hi, thank you very much for the positive review! Please feel free to contact us at https://www.traveloka.com/contactus we're more than happy to assist you and Stay tuned for more exciting offers on Traveloka Lifestyle Super App.",2023-06-09 11:12:07,3.78.0
Syamsul Bahri,good,4,3.76.0,2023-06-09 10:57:50,"Hi, we are so grateful to get a lot of support from you. Hope you continue to enjoy our offers. If you have any feedback or suggestions, let us know on https://www.traveloka.com/contactus, our customer service would love to serve you in 24 hours. Thank you!",2023-06-09 11:12:10,3.76.0
suhendri waris,Oke banget,5,3.78.0,2023-06-09 09:29:39,"Halo Kak, terima kasih banyak atas ratingnya, semoga Kakak tetap nyaman dan selau setia menjadi pelanggan Traveloka. Yuk Kak pantengin terus Traveloka Lifestyle Super App karna kami selalu berikan promo-promo yg menarik loooh, jangan sampai ketinggalan ya :)",2023-06-09 09:42:07,3.78.0
Imam Muafiq,mantao,5,3.77.1,2023-06-09 09:25:40,"Hai Imam. Terima kasih banyak atas ratingnya, semoga kamu tetap nyaman dan selalu setia menjadi pelanggan Traveloka. Yuk Kak pantengin terus Traveloka Lifestyle Super App karna kami selalu berikan promo-promo yang menarik. Jangan sampai ketinggalan ya. -KA",2023-06-09 09:46:03,3.77.1
Retno Sriwulandari,Dulu bagus skrg sudah tidak bagus bahkan riwayat refund masih jauh jauh hari potongan banyak sekali skrg traveloka bad banget,1,3.33.1,2023-06-09 09:03:58,"Hai, Retno. Mohon maaf atas pengalaman yang kamu alami. Pada dasarnya untuk biaya refund akan mengikuti kebijakan pihak maskapai ya. Jika kamu memiliki pertanyaan lebih lanjut, silakan menghubungi kami melalui https://www.traveloka.com/contactus. Terima kasih.-TK",2023-06-09 09:18:50,3.33.1
Awis Karni,👍,5,3.78.0,2023-06-09 07:52:53,,,3.78.0
Dodi Nugraha,good,5,3.78.0,2023-06-09 07:09:48,"Hi, thank you very much for the positive review! Please feel free to contact us at https://www.traveloka.com/contactus we're more than happy to assist you and Stay tuned for more exciting offers on Traveloka Lifestyle Super App.",2023-06-09 07:12:07,3.78.0
Mimink Muslimin,prosesnya mudah n cept,5,3.78.0,2023-06-09 06:48:46,"Hi Kak, senang banget nih dapat rating bagus dari Kakak, terima kasih juga atas feedbacknya! Kenyamanan Kakak adalah prioritas Kami, jika ada pertanyaan lainnya jangan sungkan ya untuk infokan pada kami di https://www.traveloka.com/contactus . Jangan sampai ketinggalan penawaran menarik lainnya di Traveloka Lifestye Super Apps.",2023-06-09 07:12:10,3.78.0
Joe Kotimah,siippp,5,,2023-06-09 06:42:29,Thank you for leaving a good comment to us. Let us know if you have any suggestion for improvement through https://www.traveloka.com/contactus . Stay around for more interesting offers from Traveloka Lifestyle Super App!,2023-06-09 07:12:13,
Aswan Forester,Tailah..,2,3.78.0,2023-06-09 05:56:10,"Hai Aswan. Mohon maaf sekali sebelumnya, jika memiliki kendala saat melakukan pemesanan, kamu bisa hubungi customer service kami melalui pesan di aplikasi Traveloka kamu atau melalui email di cs@traveloka.com, untuk dibantu lebih lanjut ya. Terima kasih. -NT",2023-06-09 06:13:34,3.78.0
James Kintopo,Good Traveloka: Book Tiket & Hotel 👍,5,,2023-06-09 05:41:25,"Halo Kak, terima kasih banyak atas ratingnya, semoga Kakak tetap nyaman dan selau setia menjadi pelanggan Traveloka. Yuk Kak pantengin terus Traveloka Lifestyle Super App karna kami selalu berikan promo-promo yg menarik loooh, jangan sampai ketinggalan ya :)",2023-06-09 05:42:07,
Rifal andri gunawan,mantap,5,3.78.0,2023-06-09 05:35:49,"Hi Kak, senang banget nih dapat rating bagus dari Kakak, terima kasih juga atas feedbacknya! Kenyamanan Kakak adalah prioritas Kami, jika ada pertanyaan lainnya jangan sungkan ya untuk infokan pada kami di https://www.traveloka.com/contactus . Jangan sampai ketinggalan penawaran menarik lainnya di Traveloka Lifestye Super Apps.",2023-06-09 05:42:10,3.78.0
Raeder 2,"sangat membantu aplikasi nya nya,",5,3.78.0,2023-06-09 05:34:58,"Hi Kak, terima kasih atas feedbacknya, semoga Kakak tetap setia dengan Traveloka. Jika ada pertanyaan lain bisa langsung infokan pada kami di https://www.traveloka.com/contactus ya, Kak. Pantau terus Traveloka Lifestyle Super App untuk penawaran spesial lainnya!",2023-06-09 05:42:13,3.78.0
Miftahin Rasyid,bagus,5,3.78.0,2023-06-09 04:22:00,"Hi Kak, terima kasih atas feedbacknya, semoga Kakak tetap setia dengan Traveloka. Jika ada pertanyaan lain bisa langsung infokan pada kami di https://www.traveloka.com/contactus ya, Kak. Pantau terus Traveloka Lifestyle Super App untuk penawaran spesial lainnya!",2023-06-09 04:42:13,3.78.0
Kawulo alit Batu,mantap dan cepat,5,3.78.0,2023-06-09 04:18:44,"Halo Kak, terima kasih banyak atas ratingnya, semoga Kakak tetap nyaman dan selau setia menjadi pelanggan Traveloka. Yuk Kak pantengin terus Traveloka Lifestyle Super App karna kami selalu berikan promo-promo yg menarik loooh, jangan sampai ketinggalan ya :)",2023-06-09 04:42:16,3.78.0
Mugi Suwanto,mantap👍,5,3.77.1,2023-06-09 03:27:31,"Halo Kak, terima kasih banyak atas ratingnya, semoga Kakak tetap nyaman dan selau setia menjadi pelanggan Traveloka. Yuk Kak pantengin terus Traveloka Lifestyle Super App karna kami selalu berikan promo-promo yg menarik loooh, jangan sampai ketinggalan ya :)",2023-06-09 03:42:06,3.77.1
ervin apriliyanto,baik,5,3.78.0,2023-06-09 03:05:12,"Halo Kak, terima kasih banyak atas ratingnya, semoga Kakak tetap nyaman dan selau setia menjadi pelanggan Traveloka. Yuk Kak pantengin terus Traveloka Lifestyle Super App karna kami selalu berikan promo-promo yg menarik loooh, jangan sampai ketinggalan ya :)",2023-06-09 03:12:06,3.78.0
Hadianto Hadianto,bagus,5,3.78.0,2023-06-09 02:43:20,"Halo Kak, terima kasih banyak atas ratingnya, semoga Kakak tetap nyaman dan selau setia menjadi pelanggan Traveloka. Yuk Kak pantengin terus Traveloka Lifestyle Super App karna kami selalu berikan promo-promo yg menarik loooh, jangan sampai ketinggalan ya :)",2023-06-09 03:12:15,3.78.0
Bary Bio,paling gampang..,5,3.78.0,2023-06-09 02:29:45,"Halo Kak, terima kasih banyak atas ratingnya, semoga Kakak tetap nyaman dan selau setia menjadi pelanggan Traveloka. Yuk Kak pantengin terus Traveloka Lifestyle Super App karna kami selalu berikan promo-promo yg menarik loooh, jangan sampai ketinggalan ya :)",2023-06-09 02:42:06,3.78.0
erni sisnawati,👍👍,5,3.78.0,2023-06-09 02:29:06,,,3.78.0
Fitria Dewi,apk nya bagus hrga juga ok hanya sja bingung dg kriteria paylater nya dibayar saldo aku gak kembali,5,3.78.0,2023-06-09 02:22:28,"Hi Kak, senang banget nih dapat rating bagus dari Kakak, terima kasih juga atas feedbacknya! Kenyamanan Kakak adalah prioritas Kami, jika ada pertanyaan lainnya jangan sungkan ya untuk infokan pada kami di https://www.traveloka.com/contactus . Jangan sampai ketinggalan penawaran menarik lainnya di Traveloka Lifestye Super Apps.",2023-06-09 02:42:10,3.78.0
Elistin Ari,"App Traveloka Ini sangat membantu ,tapi sangat di sayangkan aja ,harga tiket yang di Tampilkan itu murah dan disaat sudah capek capek isi semua data ,pas mau pembayaran, Harganya naik 2x lipat 🙃🙃",2,3.78.0,2023-06-09 02:06:37,Halo Elistin. Mohon maaf atas ketidaknyamanan kamu. Terkait harga yang muncul di aplikasi dan website Traveloka adalah harga yang di-update oleh pihak maskapai dan bersifat fluktuatif. Untuk harga yang dibayarkan adalah harga yang muncul pada halaman pembayaran ya. Terima kasih -MZ,2023-06-09 02:17:44,3.78.0
Idrus Bugis,baik,5,3.78.0,2023-06-09 01:00:28,"Halo Kak, terima kasih banyak atas ratingnya, semoga Kakak tetap nyaman dan selau setia menjadi pelanggan Traveloka. Yuk Kak pantengin terus Traveloka Lifestyle Super App karna kami selalu berikan promo-promo yg menarik loooh, jangan sampai ketinggalan ya :)",2023-06-09 01:12:07,3.78.0
Wayang Kresna,Aplikasi dalam gangguan terus utk hari ini tanggal 9 Juni 2023,1,,2023-06-09 00:43:28,"Halo Kresna. Mohon maaf atas ketidaknyamanan yang kamu alami. Terkait kendala kamu, silakan menghubungi kami melalui https://www.traveloka.com/id-id/contactus untuk pengecekan lebih lanjut. Terima kasih. -MZ",2023-06-09 01:14:37,
Agus Salim,Harga yg tertera tidak sesuai dan makin mahal .ada kode unik dan pelayanan harus di bayar dan untuk mengirim bukti pembayaran harus kita sendiri yg mengetik email dan mengirimnya makin rumit aja .dulu sudah transfer lansung masuk di emaill,1,3.66.0,2023-06-09 00:28:15,"Hai, Agus. Maaf sudah buat kamu nggak nyaman. Kami menyadari masih ada pelayanan dari kami yang dapat ditingkatkan secara maksimal. Saran dan kritik dari pelanggan Traveloka tentunya menjadi perhatian dan fokus utama dari pihak manajemen Traveloka. Jika ada kendala, kamu bisa hubungi ke email cs@traveloka.com atau pesan pada aplikasi Traveloka. -RZ",2023-06-09 00:48:22,3.66.0
Heri Tato,is the best.... nyaman biking tiket,5,3.78.0,2023-06-09 00:10:05,"Halo Kak, terima kasih banyak atas ratingnya, semoga Kakak tetap nyaman dan selau setia menjadi pelanggan Traveloka. Yuk Kak pantengin terus Traveloka Lifestyle Super App karna kami selalu berikan promo-promo yg menarik loooh, jangan sampai ketinggalan ya :)",2023-06-09 00:12:07,3.78.0
Mulyadi Mutsu,bagus,5,3.78.0,2023-06-08 22:40:06,"Halo Kak, terima kasih banyak atas ratingnya, semoga Kakak tetap nyaman dan selau setia menjadi pelanggan Traveloka. Yuk Kak pantengin terus Traveloka Lifestyle Super App karna kami selalu berikan promo-promo yg menarik loooh, jangan sampai ketinggalan ya :)",2023-06-08 22:42:07,3.78.0
Eka 01,Pengalaman saya sebangeai wira wisata dan mengurus rumah tangga,5,,2023-06-08 16:54:07,"Halo Kak, terima kasih banyak atas ratingnya, semoga Kakak tetap nyaman dan selau setia menjadi pelanggan Traveloka. Yuk Kak pantengin terus Traveloka Lifestyle Super App karna kami selalu berikan promo-promo yg menarik loooh, jangan sampai ketinggalan ya :)",2023-06-08 17:12:08,
ibal alfa,sangat membantu,5,3.78.0,2023-06-08 15:28:13,"Halo Kak, terima kasih banyak atas ratingnya, semoga Kakak tetap nyaman dan selau setia menjadi pelanggan Traveloka. Yuk Kak pantengin terus Traveloka Lifestyle Super App karna kami selalu berikan promo-promo yg menarik loooh, jangan sampai ketinggalan ya :)",2023-06-08 15:42:06,3.78.0
Fira Shaqiela1609,memang terpercaya amanah👍🙏,5,3.78.0,2023-06-08 15:05:12,"Halo Kak, terima kasih banyak atas ratingnya, semoga Kakak tetap nyaman dan selau setia menjadi pelanggan Traveloka. Yuk Kak pantengin terus Traveloka Lifestyle Super App karna kami selalu berikan promo-promo yg menarik loooh, jangan sampai ketinggalan ya :)",2023-06-08 15:12:15,3.78.0
nanang nurdanis,"selalu mudah dan fumgsional, selalu mantap",5,3.78.0,2023-06-08 14:15:45,"Halo Kak, terima kasih banyak atas ratingnya, semoga Kakak tetap nyaman dan selau setia menjadi pelanggan Traveloka. Yuk Kak pantengin terus Traveloka Lifestyle Super App karna kami selalu berikan promo-promo yg menarik loooh, jangan sampai ketinggalan ya :)",2023-06-08 14:42:07,3.78.0
neet not,good,5,3.78.0,2023-06-08 14:15:07,"Hi, we are so grateful to get a lot of support from you. Hope you continue to enjoy our offers. If you have any feedback or suggestions, let us know on https://www.traveloka.com/contactus, our customer service would love to serve you in 24 hours. Thank you!",2023-06-08 14:42:10,3.78.0
Dedy Kiswandi,Mantap & cepat,5,3.78.0,2023-06-08 14:07:00,"Halo Kak, terima kasih banyak atas ratingnya, semoga Kakak tetap nyaman dan selau setia menjadi pelanggan Traveloka. Yuk Kak pantengin terus Traveloka Lifestyle Super App karna kami selalu berikan promo-promo yg menarik loooh, jangan sampai ketinggalan ya :)",2023-06-08 14:12:07,3.78.0
Mesgianto Anto,Terimakasih bayak telah bergabung,5,,2023-06-08 13:34:30,"Halo Kak, terima kasih banyak atas ratingnya, semoga Kakak tetap nyaman dan selau setia menjadi pelanggan Traveloka. Yuk Kak pantengin terus Traveloka Lifestyle Super App karna kami selalu berikan promo-promo yg menarik loooh, jangan sampai ketinggalan ya :)",2023-06-08 13:42:20,
Rap Monster,matp,5,3.77.0,2023-06-08 13:17:15,,,3.77.0
player nob nob player,sangat membantu bnget oke banget,5,3.67.0,2023-06-08 13:16:46,"Hi Kak, senang banget nih dapat rating bagus dari Kakak, terima kasih juga atas feedbacknya! Kenyamanan Kakak adalah prioritas Kami, jika ada pertanyaan lainnya jangan sungkan ya untuk infokan pada kami di https://www.traveloka.com/contactus . Jangan sampai ketinggalan penawaran menarik lainnya di Traveloka Lifestye Super Apps.",2023-06-08 13:42:26,3.67.0
Anti Rilanti,banyak voucher sukaakk bgd thx traveloka,5,3.78.0,2023-06-08 13:10:52,"Halo Kak, terima kasih banyak atas ratingnya, semoga Kakak tetap nyaman dan selau setia menjadi pelanggan Traveloka. Yuk Kak pantengin terus Traveloka Lifestyle Super App karna kami selalu berikan promo-promo yg menarik loooh, jangan sampai ketinggalan ya :)",2023-06-08 13:12:07,3.78.0
Hendri Yunaldi,sangat membantu,5,3.78.0,2023-06-08 12:07:56,"Halo Kak, terima kasih banyak atas ratingnya, semoga Kakak tetap nyaman dan selau setia menjadi pelanggan Traveloka. Yuk Kak pantengin terus Traveloka Lifestyle Super App karna kami selalu berikan promo-promo yg menarik loooh, jangan sampai ketinggalan ya :)",2023-06-08 12:12:11,3.78.0
madi kiko,baik,3,3.45.0,2023-06-08 12:06:04,Hai Madi. Terima kasih sudah menggunakan Traveloka ya Kak. Ditunggu bintang 5 nya. :) -FR,2023-06-08 12:14:35,3.45.0
Dolfie Kereh,Terimakasih 🙏,5,3.78.0,2023-06-08 12:02:05,"Hi Kak, senang banget nih dapat rating bagus dari Kakak, terima kasih juga atas feedbacknya! Kenyamanan Kakak adalah prioritas Kami, jika ada pertanyaan lainnya jangan sungkan ya untuk infokan pada kami di https://www.traveloka.com/contactus . Jangan sampai ketinggalan penawaran menarik lainnya di Traveloka Lifestye Super Apps.",2023-06-08 12:12:15,3.78.0
Sugianto Sugianto,👍,5,3.78.0,2023-06-08 12:00:46,,,3.78.0
Kusmi Yatun,muantap mudah dan efisien,5,3.78.0,2023-06-08 11:52:54,"Hi Kak, terima kasih atas feedbacknya, semoga Kakak tetap setia dengan Traveloka. Jika ada pertanyaan lain bisa langsung infokan pada kami di https://www.traveloka.com/contactus ya, Kak. Pantau terus Traveloka Lifestyle Super App untuk penawaran spesial lainnya!",2023-06-08 12:12:19,3.78.0
Agus Gunawan,ok,4,3.76.0,2023-06-08 11:49:12,"Hi, thank you very much for the positive review! Please feel free to contact us at https://www.traveloka.com/contactus we're more than happy to assist you and Stay tuned for more exciting offers on Traveloka Lifestyle Super App.",2023-06-08 12:12:22,3.76.0
ifrendi simanjuntak,good,4,3.64.0,2023-06-08 11:33:54,"Hi, thank you very much for the positive review! Please feel free to contact us at https://www.traveloka.com/contactus we're more than happy to assist you and Stay tuned for more exciting offers on Traveloka Lifestyle Super App.",2023-06-08 11:42:07,3.64.0
Sri Wiyatun,bagus,4,3.78.0,2023-06-08 11:03:40,"Halo Kak, terima kasih banyak atas ratingnya, semoga Kakak tetap nyaman dan selau setia menjadi pelanggan Traveloka. Yuk Kak pantengin terus Traveloka Lifestyle Super App karna kami selalu berikan promo-promo yg menarik loooh, jangan sampai ketinggalan ya :)",2023-06-08 11:12:08,3.78.0
MAS THIO,Cukup Memuaskan,5,3.78.0,2023-06-08 10:49:05,"Hi Kak, senang banget nih dapat rating bagus dari Kakak, terima kasih juga atas feedbacknya! Kenyamanan Kakak adalah prioritas Kami, jika ada pertanyaan lainnya jangan sungkan ya untuk infokan pada kami di https://www.traveloka.com/contactus . Jangan sampai ketinggalan penawaran menarik lainnya di Traveloka Lifestye Super Apps.",2023-06-08 11:12:11,3.78.0
Vincencius Tri Setyobudi,"Saya booking apartemen untuk 3 hari, sudah lunas, dan konfirmasi jam check in.namun pada jam yg sudah diinfokan tidak ada pemilil property di lokasi, dan kontak yg dicantumkan justru platform lain (trav****). 1 jam baru direspon dan dipindah ke unit lain bahkan pindah tower. Diminta menunggu 2 jam. Payah sekali. Mengecewakan",1,3.75.0,2023-06-08 10:11:59,"Hai, Kak Vincencius. Mohon maaf atas ketidaknyamanan yang kamu alami. Untuk membantu kami memahami kendala kamu, mohon bantuannya untuk menyampaikan detail kendala kamu melalui https://www.traveloka.com/id-id/contactus ya. Terima kasih. -PA",2023-06-08 10:44:56,3.75.0
Sunarsih Asih,semudah beli tiket dengan Traveloka,5,3.78.0,2023-06-08 10:08:27,"Halo Kak, terima kasih banyak atas ratingnya, semoga Kakak tetap nyaman dan selau setia menjadi pelanggan Traveloka. Yuk Kak pantengin terus Traveloka Lifestyle Super App karna kami selalu berikan promo-promo yg menarik loooh, jangan sampai ketinggalan ya :)",2023-06-08 10:12:06,3.78.0
Ilhamdi Ramadhan,baik,3,3.78.0,2023-06-08 09:48:46,Makasih ya Kak Ilhamdi sudah setia bersama Traveloka :)) -DZ,2023-06-08 10:13:34,3.78.0
Tia Oktaviani,baik,5,3.78.0,2023-06-08 09:26:40,"Halo Kak, terima kasih banyak atas ratingnya, semoga Kakak tetap nyaman dan selau setia menjadi pelanggan Traveloka. Yuk Kak pantengin terus Traveloka Lifestyle Super App karna kami selalu berikan promo-promo yg menarik loooh, jangan sampai ketinggalan ya :)",2023-06-08 09:42:10,3.78.0
Dewi sartika Anggraeni,Happiness Always Also hold on long and healthya Barokah from god Allah Tuhan 1 esa yg maha kuasea okay where on now😇😊😍,5,,2023-06-08 07:24:45,"Hi, thank you very much for the positive review! Please feel free to contact us at https://www.traveloka.com/contactus we're more than happy to assist you and Stay tuned for more exciting offers on Traveloka Lifestyle Super App.",2023-06-08 07:42:06,
Risye Yeanly Sapulette,good,5,3.78.0,2023-06-08 07:14:58,"Hi, we are so grateful to get a lot of support from you. Hope you continue to enjoy our offers. If you have any feedback or suggestions, let us know on https://www.traveloka.com/contactus, our customer service would love to serve you in 24 hours. Thank you!",2023-06-08 07:42:10,3.78.0
Fidha Hafidz,work well,5,3.78.0,2023-06-08 07:11:43,"Hi, thank you very much for the positive review! Please feel free to contact us at https://www.traveloka.com/contactus we're more than happy to assist you and Stay tuned for more exciting offers on Traveloka Lifestyle Super App.",2023-06-08 07:12:08,3.78.0
Osman Ependi,Blm teruji.,3,3.78.0,2023-06-08 07:06:48,"Hai, Osman Ependi. Mohon maaf atas ketidaknyamanannya. Jika ada pertanyaan dan butuh bantuan, silakan menghubungi kami melalui https://www.traveloka.com/id-id/contactus ya agar kami dapat bantu cek lebih lanjut. Terima kasih. -SY",2023-06-08 07:17:09,3.78.0
SURIYAH KARMITA,MashaAllah..mantaap,5,3.78.0,2023-06-08 06:42:59,,,3.78.0
Hanny Bee,saya sangat sukak pakai aplikasi Traveloka Krn sangat mudah untuk ber transaksi .. traveling k. mana aja TKS u,5,3.78.0,2023-06-08 06:36:36,"Halo Kak, terima kasih banyak atas ratingnya, semoga Kakak tetap nyaman dan selau setia menjadi pelanggan Traveloka. Yuk Kak pantengin terus Traveloka Lifestyle Super App karna kami selalu berikan promo-promo yg menarik loooh, jangan sampai ketinggalan ya :)",2023-06-08 06:42:07,3.78.0
Agha Ghazi,bagus,5,3.78.0,2023-06-08 06:07:49,"Halo Kak, terima kasih banyak atas ratingnya, semoga Kakak tetap nyaman dan selau setia menjadi pelanggan Traveloka. Yuk Kak pantengin terus Traveloka Lifestyle Super App karna kami selalu berikan promo-promo yg menarik loooh, jangan sampai ketinggalan ya :)",2023-06-08 06:12:15,3.78.0
Jekson Simanjuntak,ok,4,3.78.0,2023-06-08 05:50:32,"Hi, we are so grateful to get a lot of support from you. Hope you continue to enjoy our offers. If you have any feedback or suggestions, let us know on https://www.traveloka.com/contactus, our customer service would love to serve you in 24 hours. Thank you!",2023-06-08 06:12:19,3.78.0
ROBBI HIDAYAT,terpercaya,5,3.39.0,2023-06-08 05:39:49,"Halo Kak, terima kasih banyak atas ratingnya, semoga Kakak tetap nyaman dan selau setia menjadi pelanggan Traveloka. Yuk Kak pantengin terus Traveloka Lifestyle Super App karna kami selalu berikan promo-promo yg menarik loooh, jangan sampai ketinggalan ya :)",2023-06-08 05:42:08,3.39.0
Istiqomah Isti,mempermudah saya dalam bepergiaan,5,3.78.0,2023-06-08 05:24:19,"Hi Kak, terima kasih atas feedbacknya, semoga Kakak tetap setia dengan Traveloka. Jika ada pertanyaan lain bisa langsung infokan pada kami di https://www.traveloka.com/contactus ya, Kak. Pantau terus Traveloka Lifestyle Super App untuk penawaran spesial lainnya!",2023-06-08 05:42:15,3.78.0
Stevy Sherly,ok,5,3.78.0,2023-06-08 04:57:46,"Hi, thank you very much for the positive review! Please feel free to contact us at https://www.traveloka.com/contactus we're more than happy to assist you and Stay tuned for more exciting offers on Traveloka Lifestyle Super App.",2023-06-08 05:12:08,3.78.0
Siti Nurjanah,Nyaman& pemandangannya 😍💓,4,,2023-06-08 04:52:09,"Hi Kak, terima kasih atas feedbacknya, semoga Kakak tetap setia dengan Traveloka. Jika ada pertanyaan lain bisa langsung infokan pada kami di https://www.traveloka.com/contactus ya, Kak. Pantau terus Traveloka Lifestyle Super App untuk penawaran spesial lainnya!",2023-06-08 05:12:15,
Dodo SeanByan,operasional mudah dan lancar,5,3.78.0,2023-06-08 04:46:00,"Halo Kak, terima kasih banyak atas ratingnya, semoga Kakak tetap nyaman dan selau setia menjadi pelanggan Traveloka. Yuk Kak pantengin terus Traveloka Lifestyle Super App karna kami selalu berikan promo-promo yg menarik loooh, jangan sampai ketinggalan ya :)",2023-06-08 05:12:18,3.78.0
TAPAH ABDUL NALIN,ok so good way for allhadullah,5,3.78.0,2023-06-08 04:44:22,"Hi, we are so grateful to get a lot of support from you. Hope you continue to enjoy our offers. If you have any feedback or suggestions, let us know on https://www.traveloka.com/contactus, our customer service would love to serve you in 24 hours. Thank you!",2023-06-08 05:12:21,3.78.0
agung sandhi yudha,Masih selalu menjadi pilihan terbaik,5,3.78.0,2023-06-08 04:28:40,"Halo Kak, terima kasih banyak atas ratingnya, semoga Kakak tetap nyaman dan selau setia menjadi pelanggan Traveloka. Yuk Kak pantengin terus Traveloka Lifestyle Super App karna kami selalu berikan promo-promo yg menarik loooh, jangan sampai ketinggalan ya :)",2023-06-08 04:44:44,3.78.0
Ahmad Fauzan Baihaqi,"Mau bayar tagihan via M Banking seringkali hanya BCA yg bisa , kasihan pengguna Himbara BNI Mandiri dan BRI selalu bermasalah",1,3.78.0,2023-06-08 04:28:03,"Hai Kak Fauzan, mimin sarankan supaya tidak ada bug lagi silakan kamu clear cache pada file manager app di device yang digunakan. Pastikan juga kamu selalu update app Traveloka ke versi terbaru supaya tidak ada force closed lagi Kak. Terima kasih -DZ",2023-01-30 13:01:41,3.78.0
Mae Yuli,bantu buat kl dadakan,5,3.76.0,2023-06-08 04:00:49,"Halo Kak, terima kasih banyak atas ratingnya, semoga Kakak tetap nyaman dan selau setia menjadi pelanggan Traveloka. Yuk Kak pantengin terus Traveloka Lifestyle Super App karna kami selalu berikan promo-promo yg menarik loooh, jangan sampai ketinggalan ya :)",2023-06-08 04:40:15,3.76.0
Munard i299,cepat,5,3.78.0,2023-06-08 03:45:58,"Hi Kak, senang banget nih dapat rating bagus dari Kakak, terima kasih juga atas feedbacknya! Kenyamanan Kakak adalah prioritas Kami, jika ada pertanyaan lainnya jangan sungkan ya untuk infokan pada kami di https://www.traveloka.com/contactus . Jangan sampai ketinggalan penawaran menarik lainnya di Traveloka Lifestye Super Apps.",2023-06-08 04:40:18,3.78.0
The djank60 Man,👍,4,,2023-06-08 03:29:23,,,
Senja Itu Petang,Respon aplikasinya baik,5,3.78.0,2023-06-08 03:02:12,"Hi Kak, senang banget nih dapat rating bagus dari Kakak, terima kasih juga atas feedbacknya! Kenyamanan Kakak adalah prioritas Kami, jika ada pertanyaan lainnya jangan sungkan ya untuk infokan pada kami di https://www.traveloka.com/contactus . Jangan sampai ketinggalan penawaran menarik lainnya di Traveloka Lifestye Super Apps.",2023-06-08 03:54:10,3.78.0
Fauzi Prima,Redeem voucher dr mandiri ga jelas,1,3.78.0,2023-06-08 02:30:55,"Hai, Kak Fauzi. Maaf udah buat kamu gak nyaman. Supaya mimin bisa bantu cek lebih lanjut, silakan hubungi mimin melalui laman https://www.traveloka.com/contactus ya. Terima kasih. -AM",2023-06-08 02:43:48,3.78.0
Endang Pandiangan,Traveloka akhir² ini susah banget loginnya. Knp ya?? Beda dng aplikasi tiket pesawat yg lain.,2,3.78.0,2023-06-08 01:39:01,"Hai, Kak Endang. Maaf udah buat kamu gak nyaman. Mimin mau banget bantu kendala kamu, tapi mimin butuh data kamu berupa email dan nomor telepon di akun Traveloka kamu. Oleh karena itu, silakan hubungi mimin melalui laman ini ya https://www.traveloka.com/contactus. Oh iya, jangan lupa kirim screnshoot kendalanya juga ya. Terima kasih. -AM",2023-06-08 01:46:28,3.78.0
gunawan gunawan,Kecewa telat pembayaran 1hari level sama limit turunnya gede dari level 5 jadi 1 limit kecewa....... Udah mah bayar pade denda keterlambatan kecewa....,1,3.78.0,2023-06-07 20:44:15,"Halo Gunawan, mohon maaf banget terkait hal ini ya. Boleh infokan email dan nomor ponsel PayLater kamu via tautan ini https://www.traveloka.com/id-id/contactus untuk pengecekan lebih lanjut. Terima kasih. -OR",2023-06-07 21:14:23,3.78.0
Dwi Suharianto,good,4,3.76.0,2023-06-07 16:57:50,"Hi, thank you very much for the positive review! Please feel free to contact us at https://www.traveloka.com/contactus we're more than happy to assist you and Stay tuned for more exciting offers on Traveloka Lifestyle Super App.",2023-06-07 17:12:06,3.76.0
nur setyoningsih,Sudah lama memgunakan traveloka bagus..,5,3.77.1,2023-06-07 16:34:16,"Halo Kak, terima kasih banyak atas ratingnya, semoga Kakak tetap nyaman dan selau setia menjadi pelanggan Traveloka. Yuk Kak pantengin terus Traveloka Lifestyle Super App karna kami selalu berikan promo-promo yg menarik loooh, jangan sampai ketinggalan ya :)",2023-06-07 16:42:06,3.77.1
Baita Anisa,Gausah kepanjangan Iklan lo kont*,1,,2023-06-07 16:18:02,"Hai, Anisa. Mohon maaf atas ketidaknyamanan yang Kamu alami. Untuk membantu kami memahami kendala kamu, mohon bantuannya untuk menginformasikan detail kendala yang dimaksud beserta nomor pesanan kamu (jika ada) melalui pesan pada aplikasi kamu atau melalui email ke cs@traveloka.com. Agar kami bantu lebih cek lebih lanjut. Terima kasih. -CA",2023-06-07 16:43:02,
eka lindawati,sangat bermanfaat,5,3.78.0,2023-06-07 14:47:38,"Halo Kak, terima kasih banyak atas ratingnya, semoga Kakak tetap nyaman dan selau setia menjadi pelanggan Traveloka. Yuk Kak pantengin terus Traveloka Lifestyle Super App karna kami selalu berikan promo-promo yg menarik loooh, jangan sampai ketinggalan ya :)",2023-06-07 15:12:08,3.78.0
kang nay,keren deh,5,,2023-06-07 14:33:35,"Halo Kak, terima kasih banyak atas ratingnya, semoga Kakak tetap nyaman dan selau setia menjadi pelanggan Traveloka. Yuk Kak pantengin terus Traveloka Lifestyle Super App karna kami selalu berikan promo-promo yg menarik loooh, jangan sampai ketinggalan ya :)",2023-06-07 14:42:15,
Arief Nech,oke,5,3.76.0,2023-06-07 13:51:14,,,3.76.0
wil maidi,good job. Mohon aktif kan paylater saya lagi..saya sangat butuh untuk perjalanan ke luar daerah yg hampir setiap bulan saya jalani terimakasih,5,3.78.0,2023-06-07 13:48:08,"Hi, thank you very much for the positive review! Please feel free to contact us at https://www.traveloka.com/contactus we're more than happy to assist you and Stay tuned for more exciting offers on Traveloka Lifestyle Super App.",2023-06-07 13:42:07,3.78.0
Sumita mita,bagus,5,3.78.0,2023-06-07 12:25:00,"Halo Kak, terima kasih banyak atas ratingnya, semoga Kakak tetap nyaman dan selau setia menjadi pelanggan Traveloka. Yuk Kak pantengin terus Traveloka Lifestyle Super App karna kami selalu berikan promo-promo yg menarik loooh, jangan sampai ketinggalan ya :)",2023-06-07 12:42:07,3.78.0
War Sito,bgs dan cepat prosesnya,5,3.77.1,2023-06-07 12:15:04,"Hi Kak, senang banget nih dapat rating bagus dari Kakak, terima kasih juga atas feedbacknya! Kenyamanan Kakak adalah prioritas Kami, jika ada pertanyaan lainnya jangan sungkan ya untuk infokan pada kami di https://www.traveloka.com/contactus . Jangan sampai ketinggalan penawaran menarik lainnya di Traveloka Lifestye Super Apps.",2023-06-07 12:42:10,3.77.1
jack noenx,"ok,,",5,3.53.0,2023-06-07 12:03:36,"Hi, thank you very much for the positive review! Please feel free to contact us at https://www.traveloka.com/contactus we're more than happy to assist you and Stay tuned for more exciting offers on Traveloka Lifestyle Super App.",2023-06-07 12:12:07,3.53.0
Dewi Pertiwi,sudh 9thn berlangganan,5,3.76.0,2023-06-07 11:52:36,"Hi Kak, senang banget nih dapat rating bagus dari Kakak, terima kasih juga atas feedbacknya! Kenyamanan Kakak adalah prioritas Kami, jika ada pertanyaan lainnya jangan sungkan ya untuk infokan pada kami di https://www.traveloka.com/contactus . Jangan sampai ketinggalan penawaran menarik lainnya di Traveloka Lifestye Super Apps.",2023-06-07 12:12:10,3.76.0
Pebri _GulTom,sangat baik,5,3.76.0,2023-06-07 10:46:32,"Halo Kak, terima kasih banyak atas ratingnya, semoga Kakak tetap nyaman dan selau setia menjadi pelanggan Traveloka. Yuk Kak pantengin terus Traveloka Lifestyle Super App karna kami selalu berikan promo-promo yg menarik loooh, jangan sampai ketinggalan ya :)",2023-06-07 11:12:07,3.76.0
jack black,bagus,5,3.78.0,2023-06-07 10:41:55,"Hi Kak, senang banget nih dapat rating bagus dari Kakak, terima kasih juga atas feedbacknya! Kenyamanan Kakak adalah prioritas Kami, jika ada pertanyaan lainnya jangan sungkan ya untuk infokan pada kami di https://www.traveloka.com/contactus . Jangan sampai ketinggalan penawaran menarik lainnya di Traveloka Lifestye Super Apps.",2023-06-07 11:12:10,3.78.0
Andryan elco,sangat membantu,5,3.77.1,2023-06-07 09:44:38,"Halo Kak, terima kasih banyak atas ratingnya, semoga Kakak tetap nyaman dan selau setia menjadi pelanggan Traveloka. Yuk Kak pantengin terus Traveloka Lifestyle Super App karna kami selalu berikan promo-promo yg menarik loooh, jangan sampai ketinggalan ya :)",2023-06-07 10:12:14,3.77.1
Azka Dheaarkan,"oke pake banget aplikasiny, tapi kalau bisa lebih mirah lagi harga2nya",5,3.78.0,2023-06-07 09:32:57,"Halo Kak, terima kasih banyak atas ratingnya, semoga Kakak tetap nyaman dan selau setia menjadi pelanggan Traveloka. Yuk Kak pantengin terus Traveloka Lifestyle Super App karna kami selalu berikan promo-promo yg menarik loooh, jangan sampai ketinggalan ya :)",2023-06-07 09:42:08,3.78.0
Erwin Himawan,ok top thanks,5,3.64.0,2023-06-07 09:23:25,Thank you for leaving a good comment to us. Let us know if you have any suggestion for improvement through https://www.traveloka.com/contactus . Stay around for more interesting offers from Traveloka Lifestyle Super App!,2023-06-07 09:42:14,3.64.0
roni dina19,Pertama kali nya pakai Voucher Traveloka 1 malam 2 kamar cuma byr 15.000,5,3.78.0,2023-06-07 09:08:20,"Halo Kak, terima kasih banyak atas ratingnya, semoga Kakak tetap nyaman dan selau setia menjadi pelanggan Traveloka. Yuk Kak pantengin terus Traveloka Lifestyle Super App karna kami selalu berikan promo-promo yg menarik loooh, jangan sampai ketinggalan ya :)",2023-06-07 09:12:06,3.78.0
pungki zulkarnain,Sangatt burukk!! Tranfer lewat virtual akun Saldonya gak masuk!! Hilang saldoku bangsatt,1,3.78.0,2023-06-07 09:01:35,"Hai, Kak Pungki. Mohon maaf atas ketidaknyamanan yang kamu alami. Untuk membantu kami memahami kendala kamu, mohon bantuannya untuk menyampaikan detail kendala kamu melalui https://www.traveloka.com/id-id/contactus ya. Terima kasih. -PA",2023-06-07 09:14:15,3.78.0
Ahmad Jumadi,"Makan duit saya yg tak iklas, haram hukumnya, kebijakan menang sepihak, awas tertipu lg",1,3.78.0,2023-06-07 08:59:25,"Hai, Ahmad. Mohon maaf atas pengalaman yang kamu alami. Jika saat ini kamu ada kendala terkait pemesanan di Traveloka, kamu bisa menghubungi kami melalui https://www.traveloka.com/contactus. Terima kasih.-TK",2023-06-07 09:16:45,3.78.0
Orina Sports,ok,5,3.78.0,2023-06-07 08:59:16,Thank you for leaving a good comment to us. Let us know if you have any suggestion for improvement through https://www.traveloka.com/contactus . Stay around for more interesting offers from Traveloka Lifestyle Super App!,2023-06-07 09:12:15,3.78.0
Ari Santoso,Siip,5,3.78.0,2023-06-07 08:07:23,"Hi, we are so grateful to get a lot of support from you. Hope you continue to enjoy our offers. If you have any feedback or suggestions, let us know on https://www.traveloka.com/contactus, our customer service would love to serve you in 24 hours. Thank you!",2023-06-07 08:12:10,3.78.0
mira listiani,"Programernya tolol, aplikasi kebanyakan popup, bikin lieur...ribet",1,3.78.0,2023-06-07 08:04:59,"Hai Mira. Maaf buat kamu tidak nyaman. Supaya kami bisa membantu lebih lanjut kendala kamu, mohon dapat menghubungi kami melalui link https://www.traveloka.com/id-id/contactus. Terima kasih. -RM",2023-06-07 08:14:54,3.78.0
Robintua Purba,Bagus,5,3.77.1,2023-06-07 07:46:44,"Hi Kak, terima kasih atas feedbacknya, semoga Kakak tetap setia dengan Traveloka. Jika ada pertanyaan lain bisa langsung infokan pada kami di https://www.traveloka.com/contactus ya, Kak. Pantau terus Traveloka Lifestyle Super App untuk penawaran spesial lainnya!",2023-06-07 08:12:14,3.77.1
Bayu Mahendra,Terpercaya dan Mudah digunakan,4,3.78.0,2023-06-07 07:22:41,"Halo Kak, terima kasih banyak atas ratingnya, semoga Kakak tetap nyaman dan selau setia menjadi pelanggan Traveloka. Yuk Kak pantengin terus Traveloka Lifestyle Super App karna kami selalu berikan promo-promo yg menarik loooh, jangan sampai ketinggalan ya :)",2023-06-07 07:42:08,3.78.0
yuni taria,sangat mudah di gunakan. pembayaran juga mudah di lakukan,5,3.78.0,2023-06-07 07:19:29,"Hi Kak, senang banget nih dapat rating bagus dari Kakak, terima kasih juga atas feedbacknya! Kenyamanan Kakak adalah prioritas Kami, jika ada pertanyaan lainnya jangan sungkan ya untuk infokan pada kami di https://www.traveloka.com/contactus . Jangan sampai ketinggalan penawaran menarik lainnya di Traveloka Lifestye Super Apps.",2023-06-07 07:42:11,3.78.0
ADYANANTO N,ok,5,3.78.0,2023-06-07 07:14:54,Thank you for leaving a good comment to us. Let us know if you have any suggestion for improvement through https://www.traveloka.com/contactus . Stay around for more interesting offers from Traveloka Lifestyle Super App!,2023-06-07 07:42:13,3.78.0
Alex Tanjung,bgus bg,5,3.76.0,2023-06-07 06:29:09,"Halo, XXX. Terima kasih atas feedback kamu, jangan sungkan untuk hubungi kami ya jika mempunyai pertanyaan. Kakak bisa hubungi kami melalui https://www.traveloka.com/id-id/contactus ya. Terima kasih. -PA",2023-06-07 06:51:40,3.76.0
Dedek Soekarta,oke,5,3.77.1,2023-06-07 06:23:56,"Halo, Dedek. Terima kasih atas penilaiannya dan telah memilih Traveloka sebagai partner perjalanan kamu. Terima kasih. -SC",2023-06-07 06:49:22,3.77.1
Irfan Nasution,mantap,5,3.78.0,2023-06-07 06:03:38,"Halo Kak, terima kasih banyak atas ratingnya, semoga Kakak tetap nyaman dan selau setia menjadi pelanggan Traveloka. Yuk Kak pantengin terus Traveloka Lifestyle Super App karna kami selalu berikan promo-promo yg menarik loooh, jangan sampai ketinggalan ya :)",2023-06-07 06:12:06,3.78.0
DwinoerC301286 Cahyo,good,4,3.78.0,2023-06-07 05:53:55,"Hi, we are so grateful to get a lot of support from you. Hope you continue to enjoy our offers. If you have any feedback or suggestions, let us know on https://www.traveloka.com/contactus, our customer service would love to serve you in 24 hours. Thank you!",2023-06-07 06:12:09,3.78.0
Sukamto Bedor,like,4,3.78.0,2023-06-07 05:51:52,Thank you for leaving a good comment to us. Let us know if you have any suggestion for improvement through https://www.traveloka.com/contactus . Stay around for more interesting offers from Traveloka Lifestyle Super App!,2023-06-07 06:12:12,3.78.0
Muhammad Yasin Yusuf,sangat membantu,5,3.78.0,2023-06-07 05:22:00,"Halo Kak, terima kasih banyak atas ratingnya, semoga Kakak tetap nyaman dan selau setia menjadi pelanggan Traveloka. Yuk Kak pantengin terus Traveloka Lifestyle Super App karna kami selalu berikan promo-promo yg menarik loooh, jangan sampai ketinggalan ya :)",2023-06-07 05:42:06,3.78.0
Mang Salim,mantap traveloka,5,3.78.0,2023-06-07 04:36:22,"Halo Kak, terima kasih banyak atas ratingnya, semoga Kakak tetap nyaman dan selau setia menjadi pelanggan Traveloka. Yuk Kak pantengin terus Traveloka Lifestyle Super App karna kami selalu berikan promo-promo yg menarik loooh, jangan sampai ketinggalan ya :)",2023-06-07 04:42:08,3.78.0
Siti Zahronah,sangat membantu,5,3.78.0,2023-06-07 04:10:01,"Halo Kak, terima kasih banyak atas ratingnya, semoga Kakak tetap nyaman dan selau setia menjadi pelanggan Traveloka. Yuk Kak pantengin terus Traveloka Lifestyle Super App karna kami selalu berikan promo-promo yg menarik loooh, jangan sampai ketinggalan ya :)",2023-06-07 04:12:16,3.78.0
Basiruddin Official,"Lalu bagaimana dengan pesanan tiket pesawat saya, yang saya sudah bayar tapi tiket tidak ada. Apakah ini pelayanan terbaik Baik traveloka. Terimakasih traveloka semoga sukses menipu orang berikutnya.",1,,2023-06-07 04:01:17,"Hai, Basiruddin. Maaf buat kamu tidak nyaman. Agar dapat kami bantu lebih lanjut, mohon dapat menghubungi kami melalui link https://www.traveloka.com/id-id/contactus dengan memberikan nomor pesanan Travelokanya. Terima kasih. -RM",2023-06-07 04:17:28,
Nasrul Arifin,ok,5,3.78.0,2023-06-07 03:58:25,Thank you for leaving a good comment to us. Let us know if you have any suggestion for improvement through https://www.traveloka.com/contactus . Stay around for more interesting offers from Traveloka Lifestyle Super App!,2023-06-07 04:12:23,3.78.0
Salman Basyaeb,terbaik,5,3.78.0,2023-06-07 03:28:34,"Halo Kak, terima kasih banyak atas ratingnya, semoga Kakak tetap nyaman dan selau setia menjadi pelanggan Traveloka. Yuk Kak pantengin terus Traveloka Lifestyle Super App karna kami selalu berikan promo-promo yg menarik loooh, jangan sampai ketinggalan ya :)",2023-06-07 03:42:05,3.78.0
Aiwa Nugrah,Makin banyak voucher nya 👍,5,,2023-06-07 03:23:47,"Hi Kak, senang banget nih dapat rating bagus dari Kakak, terima kasih juga atas feedbacknya! Kenyamanan Kakak adalah prioritas Kami, jika ada pertanyaan lainnya jangan sungkan ya untuk infokan pada kami di https://www.traveloka.com/contactus . Jangan sampai ketinggalan penawaran menarik lainnya di Traveloka Lifestye Super Apps.",2023-06-07 03:42:09,
akbar mahardhika,"keren banget, it just works, I have a great time using this app as a service",5,3.78.0,2023-06-07 03:14:20,Thank you for leaving a good comment to us. Let us know if you have any suggestion for improvement through https://www.traveloka.com/contactus . Stay around for more interesting offers from Traveloka Lifestyle Super App!,2023-06-07 03:42:13,3.78.0
Reny Henggraini,"ok travelloka,, the best",5,3.72.0,2023-06-07 02:27:02,"Hi, thank you very much for the positive review! Please feel free to contact us at https://www.traveloka.com/contactus we're more than happy to assist you and Stay tuned for more exciting offers on Traveloka Lifestyle Super App.",2023-06-07 02:42:06,3.72.0
Eko Yulianto,sangat membantu sekali,5,3.76.0,2023-06-07 01:34:51,"Halo Kak, terima kasih banyak atas ratingnya, semoga Kakak tetap nyaman dan selau setia menjadi pelanggan Traveloka. Yuk Kak pantengin terus Traveloka Lifestyle Super App karna kami selalu berikan promo-promo yg menarik loooh, jangan sampai ketinggalan ya :)",2023-06-07 01:42:08,3.76.0
Zul Suyuti,cepat tangkaa,5,3.28.0,2023-06-07 01:04:07,"Halo Kak, terima kasih banyak atas ratingnya, semoga Kakak tetap nyaman dan selau setia menjadi pelanggan Traveloka. Yuk Kak pantengin terus Traveloka Lifestyle Super App karna kami selalu berikan promo-promo yg menarik loooh, jangan sampai ketinggalan ya :)",2023-06-07 01:12:06,3.28.0
Hari Dika,bgus bgt,5,3.78.0,2023-06-06 22:47:48,"Halo Kak, terima kasih banyak atas ratingnya, semoga Kakak tetap nyaman dan selau setia menjadi pelanggan Traveloka. Yuk Kak pantengin terus Traveloka Lifestyle Super App karna kami selalu berikan promo-promo yg menarik loooh, jangan sampai ketinggalan ya :)",2023-06-06 23:12:06,3.78.0
Muhammad Alif 30,ok,4,3.76.0,2023-06-06 17:48:24,"Hi, thank you very much for the positive review! Please feel free to contact us at https://www.traveloka.com/contactus we're more than happy to assist you and Stay tuned for more exciting offers on Traveloka Lifestyle Super App.",2023-06-06 18:12:07,3.76.0
kumbara putra,bagus,5,3.78.0,2023-06-06 17:44:22,"Hi Kak, senang banget nih dapat rating bagus dari Kakak, terima kasih juga atas feedbacknya! Kenyamanan Kakak adalah prioritas Kami, jika ada pertanyaan lainnya jangan sungkan ya untuk infokan pada kami di https://www.traveloka.com/contactus . Jangan sampai ketinggalan penawaran menarik lainnya di Traveloka Lifestye Super Apps.",2023-06-06 18:12:10,3.78.0
subardi aseng,"waktu pembayaran Via transfer HARUSNYA 24JAM, iya kalau yg mau beli tiket orang kota dimana-mana ada ATM. Kalau jauh dari kota ga ada ATM trus gimana, sulit kan.? tolong diperbaiki",4,3.78.0,2023-06-06 17:14:48,"Hai Subardi, terima kasih atas masukan yang kamu berikan Kak. Terkait pembayaran, kamu bisa menggunakan metode pembayaran lain yang tersedia yang dapat memudahkan kamu untuk melakukan pembayaran Kak. Jika kamu mengelami kendal kamu bisa infokan ke kami melalui link https://www.traveloka.com/id-id/contactus Kak. Terima kasih. -AH",2023-06-06 17:46:48,3.78.0
Aris Krisyanto,selalu sukses tuk traveloka ya👍👍👍😘😘😘,5,3.78.0,2023-06-06 16:32:28,"Halo Kak, terima kasih banyak atas ratingnya, semoga Kakak tetap nyaman dan selau setia menjadi pelanggan Traveloka. Yuk Kak pantengin terus Traveloka Lifestyle Super App karna kami selalu berikan promo-promo yg menarik loooh, jangan sampai ketinggalan ya :)",2023-06-06 16:42:06,3.78.0
Rahmi Putri,keren,5,3.78.0,2023-06-06 16:14:07,"Hi Kak, senang banget nih dapat rating bagus dari Kakak, terima kasih juga atas feedbacknya! Kenyamanan Kakak adalah prioritas Kami, jika ada pertanyaan lainnya jangan sungkan ya untuk infokan pada kami di https://www.traveloka.com/contactus . Jangan sampai ketinggalan penawaran menarik lainnya di Traveloka Lifestye Super Apps.",2023-06-06 16:42:08,3.78.0
Irwansyah87 Limbeng,baik,5,3.72.0,2023-06-06 14:48:31,"Halo Kak, terima kasih banyak atas ratingnya, semoga Kakak tetap nyaman dan selau setia menjadi pelanggan Traveloka. Yuk Kak pantengin terus Traveloka Lifestyle Super App karna kami selalu berikan promo-promo yg menarik loooh, jangan sampai ketinggalan ya :)",2023-06-06 15:12:08,3.72.0
Sofia Husen,smg selalu optimal utk pelayan publik,5,3.46.0,2023-06-06 14:45:17,"Hi Kak, senang banget nih dapat rating bagus dari Kakak, terima kasih juga atas feedbacknya! Kenyamanan Kakak adalah prioritas Kami, jika ada pertanyaan lainnya jangan sungkan ya untuk infokan pada kami di https://www.traveloka.com/contactus . Jangan sampai ketinggalan penawaran menarik lainnya di Traveloka Lifestye Super Apps.",2023-06-06 15:12:11,3.46.0
Ujang Sunarya,sangat membantu,5,3.77.1,2023-06-06 14:09:15,"Halo Kak, terima kasih banyak atas ratingnya, semoga Kakak tetap nyaman dan selau setia menjadi pelanggan Traveloka. Yuk Kak pantengin terus Traveloka Lifestyle Super App karna kami selalu berikan promo-promo yg menarik loooh, jangan sampai ketinggalan ya :)",2023-06-06 14:12:08,3.77.1
alya mora noor fajrina,"Kak ini gmna point nya bisa masuk ya kak, saya udh beli tiket kereta api tiket hotel dan tiket travel tpi poin nya gak ada yg masuk kak",5,3.78.0,2023-06-06 14:07:23,"Hai, Alya. Pada dasarnya untuk poin akan diterima 7 hari setelah tanggal keberangkatan atau check in kamu ya. Mohon lakukan pengecekan pada aplikasi Traveloka kamu. Terima kasih. -RU",2023-06-06 14:16:20,3.78.0
Filly Ksp,mantap,5,3.78.0,2023-06-06 14:06:24,"Hi Kak, senang banget nih dapat rating bagus dari Kakak, terima kasih juga atas feedbacknya! Kenyamanan Kakak adalah prioritas Kami, jika ada pertanyaan lainnya jangan sungkan ya untuk infokan pada kami di https://www.traveloka.com/contactus . Jangan sampai ketinggalan penawaran menarik lainnya di Traveloka Lifestye Super Apps.",2023-06-06 14:12:11,3.78.0
Enoh Rizal,Mantap,3,,2023-06-06 12:59:36,"Makasih sudah menjadi pelanggan setia Traveloka ya, Rizal :). -OR",2023-06-06 13:16:18,
Dharmayanti Ramandei,saya sdh bayar sebelum waktunya tapi dibilang waktu habis.,1,3.77.1,2023-06-06 12:48:24,"Hai, Dharmayanti. Mohon maaf ya sudah membuatmu tidak nyaman. Untuk membantu kendala kamu, mohon hubungi kami melalui tautan ini https://www.traveloka.com/contactus. Terima kasih. -SM",2023-06-06 13:13:29,3.77.1
Bara Riky,"Baru update, lgi minta update. Update aplikasi terus. Klo blm fix jngan di share. Biar update 2 bulan sekali lah.",2,3.77.1,2023-06-06 12:34:11,"Halo, Bara. Terima kasih telah menggunakan Traveloka dan mohon maaf atas ketidaknyamanan yang dialami. Mohon bantuannya untuk menginformasikan screenshot pesan error yang kamu dapatkan melalui https://www.traveloka.com/contactus agar kami dapat melakukan investigasi lebih lanjut. Terima kasih. -RU",2023-06-06 12:45:03,3.77.1
Cecep Saepul,Traveloka jaya jaya jaya,5,3.78.0,2023-06-06 12:26:41,Hai Cecep. Makasih buat rating yang kamu berikan! Mimin tunggu pesanan kamu selanjutnya di Traveloka :) -RM,2023-06-07 03:18:42,3.78.0
chrismanto saurdot,"mudah dalam pembelian tiket, semoga semua berjalan dengan baik",5,3.78.0,2023-06-06 12:23:10,"Halo Kak, terima kasih banyak atas ratingnya, semoga Kakak tetap nyaman dan selau setia menjadi pelanggan Traveloka. Yuk Kak pantengin terus Traveloka Lifestyle Super App karna kami selalu berikan promo-promo yg menarik loooh, jangan sampai ketinggalan ya :)",2023-06-06 12:42:08,3.78.0
Taufik Sopian,biar mencari harga yg sesuai kantong kita,5,3.77.1,2023-06-06 12:16:31,"Hi Kak, senang banget nih dapat rating bagus dari Kakak, terima kasih juga atas feedbacknya! Kenyamanan Kakak adalah prioritas Kami, jika ada pertanyaan lainnya jangan sungkan ya untuk infokan pada kami di https://www.traveloka.com/contactus . Jangan sampai ketinggalan penawaran menarik lainnya di Traveloka Lifestye Super Apps.",2023-06-06 12:42:11,3.77.1
Indah Sari,"Terima kasih Traveloka, ini sangat membantu sekali",5,3.78.0,2023-06-06 11:43:56,"Halo Kak, terima kasih banyak atas ratingnya, semoga Kakak tetap nyaman dan selau setia menjadi pelanggan Traveloka. Yuk Kak pantengin terus Traveloka Lifestyle Super App karna kami selalu berikan promo-promo yg menarik loooh, jangan sampai ketinggalan ya :)",2023-06-06 12:12:06,3.78.0
Taufiq,cepat,3,3.76.0,2023-06-06 11:40:31,"Hai, Kak Taufiq. Terima kasih atas reviewnya. Semoga kedepannya kami bisa dapat bintang 5 dari kamu ya Kak. -RU",2023-06-06 11:48:08,3.76.0
Putrawanto Mayungallo,"UI designnya buat bingung, dari segi pelayanannya terlalu lambat tidak sesuai dengan moto (2 reschedule yang dilakukan dalam kurun waktu 6 bulan tidak ada yang beres) Tolong di benahi seluruh aspek yang ada, baik dari segi desain aplikasi agar lebih mudah dan nyaman di gunakan dan dari sistem pelayanan",2,3.28.0,2023-06-06 11:23:23,"Hai, Putrawanto. Mohon maaf untuk ketidaknyamanan yang kamu alami. Masukan dari kamu sangat kami terima dengan baik untuk dijadikan bahan evaluasi ke depannya. Kalau ada kendala, jangan ragu untuk hubungi customer service Traveloka melalui laman https://www.traveloka.com/contactus. Terima kasih. -AM",2023-06-06 11:44:50,3.28.0
Firda Ayu,membantu,5,3.78.0,2023-06-06 11:13:25,"Hi Kak, senang banget nih dapat rating bagus dari Kakak, terima kasih juga atas feedbacknya! Kenyamanan Kakak adalah prioritas Kami, jika ada pertanyaan lainnya jangan sungkan ya untuk infokan pada kami di https://www.traveloka.com/contactus . Jangan sampai ketinggalan penawaran menarik lainnya di Traveloka Lifestye Super Apps.",2023-06-06 11:42:16,3.78.0
Ricky wilarso,ok,5,3.78.0,2023-06-06 10:50:04,"Hi, we are so grateful to get a lot of support from you. Hope you continue to enjoy our offers. If you have any feedback or suggestions, let us know on https://www.traveloka.com/contactus, our customer service would love to serve you in 24 hours. Thank you!",2023-06-06 11:12:09,3.78.0
Titi Kurniawati,mantap,5,3.78.0,2023-06-06 10:10:47,"Halo Kak, terima kasih banyak atas ratingnya, semoga Kakak tetap nyaman dan selau setia menjadi pelanggan Traveloka. Yuk Kak pantengin terus Traveloka Lifestyle Super App karna kami selalu berikan promo-promo yg menarik loooh, jangan sampai ketinggalan ya :)",2023-06-06 10:12:07,3.78.0
Guspira Ardilla,salah satu apk favorit,5,3.78.0,2023-06-06 10:08:02,"Hi Kak, senang banget nih dapat rating bagus dari Kakak, terima kasih juga atas feedbacknya! Kenyamanan Kakak adalah prioritas Kami, jika ada pertanyaan lainnya jangan sungkan ya untuk infokan pada kami di https://www.traveloka.com/contactus . Jangan sampai ketinggalan penawaran menarik lainnya di Traveloka Lifestye Super Apps.",2023-06-06 10:12:09,3.78.0
siti Mahmudah,baik,5,3.75.0,2023-06-06 08:12:53,"Halo Kak, terima kasih banyak atas ratingnya, semoga Kakak tetap nyaman dan selau setia menjadi pelanggan Traveloka. Yuk Kak pantengin terus Traveloka Lifestyle Super App karna kami selalu berikan promo-promo yg menarik loooh, jangan sampai ketinggalan ya :)",2023-06-06 08:42:08,3.75.0
vivi kencana,Buat refund sulit ..verifikasi g dikirim2 via wa ..trus waktu habis,3,,2023-06-06 07:50:00,"Hai, Vivi. Maaf banget ya buat kendala yang terjadi. Terkait kendala pengajuan refund kamu, mohon dibantu infokan nomor pemesanan dan detail kendala melalui link https://www.traveloka.com/id-id/contactus ya, kami akan bantu cek lebih lanjut. Terima kasih. -RF",2023-06-06 08:14:23,
Agung Malaka,bagus dan mudah bertransaksi,5,3.77.1,2023-06-06 07:46:57,"Halo Kak, terima kasih banyak atas ratingnya, semoga Kakak tetap nyaman dan selau setia menjadi pelanggan Traveloka. Yuk Kak pantengin terus Traveloka Lifestyle Super App karna kami selalu berikan promo-promo yg menarik loooh, jangan sampai ketinggalan ya :)",2023-06-06 08:12:08,3.77.1
Transmart Bubutan Juntion Surabaya,aplikasi Bagus banget sangat membantu pengguna Nya,5,3.78.0,2023-06-06 06:15:30,"Halo Kak, terima kasih banyak atas ratingnya, semoga Kakak tetap nyaman dan selau setia menjadi pelanggan Traveloka. Yuk Kak pantengin terus Traveloka Lifestyle Super App karna kami selalu berikan promo-promo yg menarik loooh, jangan sampai ketinggalan ya :)",2023-06-06 06:42:07,3.78.0
Manalu Risky,"sangat membantu, terimakasih banyak.",5,3.78.0,2023-06-06 05:54:43,"Halo Kak, terima kasih banyak atas ratingnya, semoga Kakak tetap nyaman dan selau setia menjadi pelanggan Traveloka. Yuk Kak pantengin terus Traveloka Lifestyle Super App karna kami selalu berikan promo-promo yg menarik loooh, jangan sampai ketinggalan ya :)",2023-06-06 06:12:06,3.78.0
Rina Al hawwa,"Tolong donk untuk pengembalian dana jangan lamaaa.. Kita bayar pake duit,duitnya perlu lagi buat beli tiket baru,,ini maskapai seenaknya aja cancel penerbangan..refund lamaaa",2,3.72.0,2023-06-06 05:30:24,"Hai, Rina. Mohon maaf atas ketidaknyamanannya. Mohon bantuannya untuk menginfokan nomor pesanan kamu melalui https://www.traveloka.com/id-id/contactus agar kami dapat bantu cek lebih lanjut. Terima kasih. -SY",2023-06-06 05:49:05,3.72.0
anang anisa,sangat membantu,5,3.78.0,2023-06-06 05:16:04,"Halo Kak, terima kasih banyak atas ratingnya, semoga Kakak tetap nyaman dan selau setia menjadi pelanggan Traveloka. Yuk Kak pantengin terus Traveloka Lifestyle Super App karna kami selalu berikan promo-promo yg menarik loooh, jangan sampai ketinggalan ya :)",2023-06-06 05:42:06,3.78.0
Achmad Dasuki,harga terbaik,5,3.72.0,2023-06-06 04:51:02,"Halo Kak, terima kasih banyak atas ratingnya, semoga Kakak tetap nyaman dan selau setia menjadi pelanggan Traveloka. Yuk Kak pantengin terus Traveloka Lifestyle Super App karna kami selalu berikan promo-promo yg menarik loooh, jangan sampai ketinggalan ya :)",2023-06-06 05:12:06,3.72.0
Denys Surya,Virtual Number nya jadi ga bisa padahal sebelum nya bisa bertransaksi dengan lancar pembayaran juga ga pernah telat. Aneh nih aplikasi nya. Kalau emang ga boleh belanja di luar aplikasi ya jangan diadain. Dah mau bangkrut aja pake banyak gaya Pantes kalah saing sama sebelah yg jor2an diskon nya.,1,,2023-06-06 04:40:07,"Hai Denys. Maaf buat kamu tidak nyaman. Untuk dapat membantu lebih lanjut kendala kamu, mohon hubungi kami melalui link https://www.traveloka.com/id-id/contactus atau bisa langsung hubungi akun IG Traveloka PayLater https://www.instagram.com/travelokapaylater/ jika membutuhkan bantuan soal PayLater. Terima kasih. -RM",2023-06-06 04:46:12,
Aries Septrianto,cakep bikin mudah,5,3.78.0,2023-06-06 04:37:14,"Hi Kak, senang banget nih dapat rating bagus dari Kakak, terima kasih juga atas feedbacknya! Kenyamanan Kakak adalah prioritas Kami, jika ada pertanyaan lainnya jangan sungkan ya untuk infokan pada kami di https://www.traveloka.com/contactus . Jangan sampai ketinggalan penawaran menarik lainnya di Traveloka Lifestye Super Apps.",2023-06-06 04:42:12,3.78.0
Khairul A,keren,4,3.78.0,2023-06-06 04:15:07,"Halo Kak, terima kasih banyak atas ratingnya, semoga Kakak tetap nyaman dan selau setia menjadi pelanggan Traveloka. Yuk Kak pantengin terus Traveloka Lifestyle Super App karna kami selalu berikan promo-promo yg menarik loooh, jangan sampai ketinggalan ya :)",2023-06-06 04:42:18,3.78.0
Dwi Nita,baik,5,3.78.0,2023-06-06 03:58:32,"Hi Kak, senang banget nih dapat rating bagus dari Kakak, terima kasih juga atas feedbacknya! Kenyamanan Kakak adalah prioritas Kami, jika ada pertanyaan lainnya jangan sungkan ya untuk infokan pada kami di https://www.traveloka.com/contactus . Jangan sampai ketinggalan penawaran menarik lainnya di Traveloka Lifestye Super Apps.",2023-06-06 04:12:09,3.78.0
raja BUMI,"Pilihan pembayaran BRI selalu dalam maintenance, kapan diperbaiki nya 🤦🏽🤦🏽🤦🏽",2,3.78.0,2023-06-06 03:47:58,Halo Kak. Mohon maaf atas ketidaknyamanan yang kamu alami. Untuk metode pembayaran yang sedang tidak tersedia mengikuti update dari pihak bank ya. Kamu bisa cek secara berkala ketersediaannya atau menggunakan metode pembayaran lain yang tersedia. Terima kasih. -MZ,2023-06-06 04:14:56,3.78.0
Iin Asmuzirin,ok,5,3.78.0,2023-06-06 03:10:44,"Hi, thank you very much for the positive review! Please feel free to contact us at https://www.traveloka.com/contactus we're more than happy to assist you and Stay tuned for more exciting offers on Traveloka Lifestyle Super App.",2023-06-06 03:12:06,3.78.0
Frangky Lieber,good,5,3.78.0,2023-06-06 02:48:04,"Hi, we are so grateful to get a lot of support from you. Hope you continue to enjoy our offers. If you have any feedback or suggestions, let us know on https://www.traveloka.com/contactus, our customer service would love to serve you in 24 hours. Thank you!",2023-06-06 03:12:09,3.78.0
Bonardo Sormin,good service,5,3.78.0,2023-06-06 02:41:07,"Hi, thank you very much for the positive review! Please feel free to contact us at https://www.traveloka.com/contactus we're more than happy to assist you and Stay tuned for more exciting offers on Traveloka Lifestyle Super App.",2023-06-06 02:42:07,3.78.0
khulaifi olay,mudah dan aman,5,3.78.0,2023-06-06 02:35:30,"Hi Kak, senang banget nih dapat rating bagus dari Kakak, terima kasih juga atas feedbacknya! Kenyamanan Kakak adalah prioritas Kami, jika ada pertanyaan lainnya jangan sungkan ya untuk infokan pada kami di https://www.traveloka.com/contactus . Jangan sampai ketinggalan penawaran menarik lainnya di Traveloka Lifestye Super Apps.",2023-06-06 02:42:10,3.78.0
Bryan Gerry,"sangat jelek, saya lagi booking tiba2 harga langsung berubah",1,3.78.0,2023-06-06 02:14:36,"Hai Bryan. Mohon maaf atas ketidaknyamanan yang kamu alami. Terkait dengan harga yang muncul di aplikasi Traveloka mengikuti update harga dari pihak penyedia. Harga yang dibayarkan adalah harga yang muncul di halaman pembayaran kamu. Jika butuh bantuan, kamu bisa menghubungi kami melalui https://www.traveloka.com/id-id/contactus. Terima kasih. -MZ",2023-06-06 02:45:18,3.78.0
gatot kartiko101,Perjalanan jadi banyak kemudahan. Terima kasih.,5,3.77.1,2023-06-06 01:45:32,"Halo Kak, terima kasih banyak atas ratingnya, semoga Kakak tetap nyaman dan selau setia menjadi pelanggan Traveloka. Yuk Kak pantengin terus Traveloka Lifestyle Super App karna kami selalu berikan promo-promo yg menarik loooh, jangan sampai ketinggalan ya :)",2023-06-06 02:12:05,3.77.1
Rully Rochdiana,Recommended,5,3.78.0,2023-06-06 01:35:54,"Hi, thank you very much for the positive review! Please feel free to contact us at https://www.traveloka.com/contactus we're more than happy to assist you and Stay tuned for more exciting offers on Traveloka Lifestyle Super App.",2023-06-06 01:42:05,3.78.0
Nia Incim,bagus,5,3.78.0,2023-06-06 01:30:01,"Hi Kak, senang banget nih dapat rating bagus dari Kakak, terima kasih juga atas feedbacknya! Kenyamanan Kakak adalah prioritas Kami, jika ada pertanyaan lainnya jangan sungkan ya untuk infokan pada kami di https://www.traveloka.com/contactus . Jangan sampai ketinggalan penawaran menarik lainnya di Traveloka Lifestye Super Apps.",2023-06-06 01:42:08,3.78.0
Ahmad Suharto,sangat membantu,5,3.78.0,2023-06-06 01:18:23,"Hi Kak, terima kasih atas feedbacknya, semoga Kakak tetap setia dengan Traveloka. Jika ada pertanyaan lain bisa langsung infokan pada kami di https://www.traveloka.com/contactus ya, Kak. Pantau terus Traveloka Lifestyle Super App untuk penawaran spesial lainnya!",2023-06-06 01:42:11,3.78.0
Yanto Supriyanto,Tetap ok by traveloka Hotel +ticket lebih seru,5,3.77.1,2023-06-06 00:41:15,"Halo Kak, terima kasih banyak atas ratingnya, semoga Kakak tetap nyaman dan selau setia menjadi pelanggan Traveloka. Yuk Kak pantengin terus Traveloka Lifestyle Super App karna kami selalu berikan promo-promo yg menarik loooh, jangan sampai ketinggalan ya :)",2023-06-06 00:42:06,3.77.1
Adhy Pharocak,sangat menbantu,5,3.56.1,2023-06-05 22:38:02,"Halo Kak, terima kasih banyak atas ratingnya, semoga Kakak tetap nyaman dan selau setia menjadi pelanggan Traveloka. Yuk Kak pantengin terus Traveloka Lifestyle Super App karna kami selalu berikan promo-promo yg menarik loooh, jangan sampai ketinggalan ya :)",2023-06-05 22:42:06,3.56.1
Wiwik Yunita,"proses pemesanan cepat, proses reschedule mudah dan cepat",5,3.78.0,2023-06-05 16:33:29,"Halo Kak, terima kasih banyak atas ratingnya, semoga Kakak tetap nyaman dan selau setia menjadi pelanggan Traveloka. Yuk Kak pantengin terus Traveloka Lifestyle Super App karna kami selalu berikan promo-promo yg menarik loooh, jangan sampai ketinggalan ya :)",2023-06-05 16:42:07,3.78.0
Ayyy Savira,"Ini traaveloka kenapa lelet bgt ya menanggapi masalah serius menurut gw , jadi gw transfer salah nominal tapi udah kirim bukti gak dibales2 udah nunggu 30 menit",4,3.78.0,2023-06-05 16:25:55,"Hai Kak Savira, maaaf banget kendala verifikasi pembayaran pesanan kamu. Untuk memudahkan mimin bantu cek status pembayarannya, boleh kamu infoin nomor pesanan dan bukti bayarnya melalui https://www.traveloka.com/id-id/contactus. Terima kasih -DZ",2023-06-05 16:48:11,3.78.0
Eliza Lupita Sari,"Traveloka kebanyakan potong refund, baru juga di tf dan di refund karena keperluan mendesak, auto dipotong banyak. Mengsedih",1,,2023-06-05 15:21:59,Hai Kak Eliza. Mohon maaf atas ketidaknyamanannya. Pada dasarnya untuk kebijakan refund sepenuhnya akan mengikuti kebijakan yang berlaku dari pihak penyedia layanan Kak. Mohon untuk sampaikan keluhan kamu secara detail melalui https://www.traveloka.com/id-id/contactus. Supaya kami dapat membantu permasalahan kamu. Terima kasih. -DA,2023-06-05 15:44:22,
Agusti Ahmad,bagus sekali dan sangat membantu,5,3.78.0,2023-06-05 14:36:23,"Halo Kak, terima kasih banyak atas ratingnya, semoga Kakak tetap nyaman dan selau setia menjadi pelanggan Traveloka. Yuk Kak pantengin terus Traveloka Lifestyle Super App karna kami selalu berikan promo-promo yg menarik loooh, jangan sampai ketinggalan ya :)",2023-06-05 14:42:06,3.78.0
Sri bahana Bahana,good,5,3.77.1,2023-06-05 14:33:13,"Hi, we are so grateful to get a lot of support from you. Hope you continue to enjoy our offers. If you have any feedback or suggestions, let us know on https://www.traveloka.com/contactus, our customer service would love to serve you in 24 hours. Thank you!",2023-06-05 14:42:09,3.77.1
Dina Prasangka,ok,5,3.76.0,2023-06-05 14:19:28,Thank you for leaving a good comment to us. Let us know if you have any suggestion for improvement through https://www.traveloka.com/contactus . Stay around for more interesting offers from Traveloka Lifestyle Super App!,2023-06-05 14:42:13,3.76.0
Firman Jangka,saya sangat suka dengan pelayanan traveloka,5,3.78.0,2023-06-05 13:40:50,"Halo Kak, terima kasih banyak atas ratingnya, semoga Kakak tetap nyaman dan selau setia menjadi pelanggan Traveloka. Yuk Kak pantengin terus Traveloka Lifestyle Super App karna kami selalu berikan promo-promo yg menarik loooh, jangan sampai ketinggalan ya :)",2023-06-05 13:42:07,3.78.0
Ardiles Rante,okayy ini apss,5,3.78.0,2023-06-05 12:54:18,"Halo Kak, terima kasih banyak atas ratingnya, semoga Kakak tetap nyaman dan selau setia menjadi pelanggan Traveloka. Yuk Kak pantengin terus Traveloka Lifestyle Super App karna kami selalu berikan promo-promo yg menarik loooh, jangan sampai ketinggalan ya :)",2023-06-05 13:12:06,3.78.0
Anderson Silalahi,Sangat menyenangkan,5,3.77.1,2023-06-05 12:35:54,"Halo Kak, terima kasih banyak atas ratingnya, semoga Kakak tetap nyaman dan selau setia menjadi pelanggan Traveloka. Yuk Kak pantengin terus Traveloka Lifestyle Super App karna kami selalu berikan promo-promo yg menarik loooh, jangan sampai ketinggalan ya :)",2023-06-05 12:42:06,3.77.1
WandiH Efendi,Ok,5,,2023-06-05 12:15:32,"Hi, we are so grateful to get a lot of support from you. Hope you continue to enjoy our offers. If you have any feedback or suggestions, let us know on https://www.traveloka.com/contactus, our customer service would love to serve you in 24 hours. Thank you!",2023-06-05 12:42:09,
Aruan Aruan,Mantap,5,3.78.0,2023-06-05 12:04:39,"Halo Kak, terima kasih banyak atas ratingnya, semoga Kakak tetap nyaman dan selau setia menjadi pelanggan Traveloka. Yuk Kak pantengin terus Traveloka Lifestyle Super App karna kami selalu berikan promo-promo yg menarik loooh, jangan sampai ketinggalan ya :)",2023-06-05 12:12:06,3.78.0
Jamaludin Khoir,mantap pelayanan dengan Traveloka terpwrcaya,5,3.37.0,2023-06-05 11:58:54,"Hi Kak, senang banget nih dapat rating bagus dari Kakak, terima kasih juga atas feedbacknya! Kenyamanan Kakak adalah prioritas Kami, jika ada pertanyaan lainnya jangan sungkan ya untuk infokan pada kami di https://www.traveloka.com/contactus . Jangan sampai ketinggalan penawaran menarik lainnya di Traveloka Lifestye Super Apps.",2023-06-05 12:12:10,3.37.0
Andhika Satria,mantap,5,3.78.0,2023-06-05 11:52:19,"Hi Kak, terima kasih atas feedbacknya, semoga Kakak tetap setia dengan Traveloka. Jika ada pertanyaan lain bisa langsung infokan pada kami di https://www.traveloka.com/contactus ya, Kak. Pantau terus Traveloka Lifestyle Super App untuk penawaran spesial lainnya!",2023-06-05 12:12:12,3.78.0
Iron Ruteng,Sangat mengesankan,5,3.77.1,2023-06-05 11:47:16,"Halo Kak, terima kasih banyak atas ratingnya, semoga Kakak tetap nyaman dan selau setia menjadi pelanggan Traveloka. Yuk Kak pantengin terus Traveloka Lifestyle Super App karna kami selalu berikan promo-promo yg menarik loooh, jangan sampai ketinggalan ya :)",2023-06-05 12:12:14,3.77.1
Dj _Djabar,baik,5,3.78.0,2023-06-05 11:23:47,"Halo Kak, terima kasih banyak atas ratingnya, semoga Kakak tetap nyaman dan selau setia menjadi pelanggan Traveloka. Yuk Kak pantengin terus Traveloka Lifestyle Super App karna kami selalu berikan promo-promo yg menarik loooh, jangan sampai ketinggalan ya :)",2023-06-05 11:42:07,3.78.0
Naskah nur Azizah,"Saya tidak bisa memasukkan data diri penumpang, padahal sebelumnya bisa",3,3.77.1,2023-06-05 11:13:56,"Hai Kak Naskah, maaf banget kalau ada kendala saat pemesanannya. Untuk memudahkan mimin bantu cek, boleh kamu kirimkan screenshot kendala tersebut melalui https://www.traveloka.com/id-id/contactus. Terima kasih -DZ",2023-06-05 11:46:17,3.77.1
Asep Mahmudin,top,5,3.76.0,2023-06-05 10:38:27,"Hi, thank you very much for the positive review! Please feel free to contact us at https://www.traveloka.com/contactus we're more than happy to assist you and Stay tuned for more exciting offers on Traveloka Lifestyle Super App.",2023-06-05 10:42:06,3.76.0
Abang Bullah,"Transaksi Mudah, Kepastian Berangkat Aman. Terimakasih Traveloka",5,3.78.0,2023-06-05 10:22:36,"Hi Kak, terima kasih atas feedbacknya, semoga Kakak tetap setia dengan Traveloka. Jika ada pertanyaan lain bisa langsung infokan pada kami di https://www.traveloka.com/contactus ya, Kak. Pantau terus Traveloka Lifestyle Super App untuk penawaran spesial lainnya!",2023-06-05 10:42:13,3.78.0
Anggi Digdo,aplikasi yg memudahkan,5,3.56.1,2023-06-05 10:11:35,"Halo Kak, terima kasih banyak atas ratingnya, semoga Kakak tetap nyaman dan selau setia menjadi pelanggan Traveloka. Yuk Kak pantengin terus Traveloka Lifestyle Super App karna kami selalu berikan promo-promo yg menarik loooh, jangan sampai ketinggalan ya :)",2023-06-05 10:12:06,3.56.1
Rifqi Hidayatullah,mantap,4,3.71.1,2023-06-05 09:39:38,"Hi Kak, senang banget nih dapat rating bagus dari Kakak, terima kasih juga atas feedbacknya! Kenyamanan Kakak adalah prioritas Kami, jika ada pertanyaan lainnya jangan sungkan ya untuk infokan pada kami di https://www.traveloka.com/contactus . Jangan sampai ketinggalan penawaran menarik lainnya di Traveloka Lifestye Super Apps.",2023-06-05 09:42:12,3.71.1
FERRY MARZUKI KWEE (DIDI),sangat2 membantu.bravo traveloka,5,3.78.0,2023-06-05 09:24:36,"Hi Kak, senang banget nih dapat rating bagus dari Kakak, terima kasih juga atas feedbacknya! Kenyamanan Kakak adalah prioritas Kami, jika ada pertanyaan lainnya jangan sungkan ya untuk infokan pada kami di https://www.traveloka.com/contactus . Jangan sampai ketinggalan penawaran menarik lainnya di Traveloka Lifestye Super Apps.",2023-06-05 09:42:22,3.78.0
Ahmad Jamaludin,Bokupturengn'sder,5,,2023-06-05 09:08:58,"Halo Ahmad. Jika ada pertanyaan atau kendala pesanan kamu di Traveloka, silakan menghubungi kami melalui https://www.traveloka.com/id-id/contactus. Terima kasih. -MZ",2023-06-05 09:16:02,
Faris Zein,keren membantu bgt buat yg suka travelling..keren pokoknya playanannya.....,5,3.76.0,2023-06-05 08:14:56,"Halo Kak, terima kasih banyak atas ratingnya, semoga Kakak tetap nyaman dan selau setia menjadi pelanggan Traveloka. Yuk Kak pantengin terus Traveloka Lifestyle Super App karna kami selalu berikan promo-promo yg menarik loooh, jangan sampai ketinggalan ya :)",2023-06-05 08:42:18,3.76.0
Hizkia Tri Putra,B J B,3,3.75.0,2023-06-05 08:08:13,"Hai Hizkia. Makasih buat rating yang kamu berikan ya! Jika ada pertanyaan seputar Traveloka, kamu bisa hubungi kami melalui link https://www.traveloka.com/id-id/contactus. Terima kasih. -RM",2023-06-05 08:14:18,3.75.0
Athaariq “Thor” Ardhiansyah,"Notifikasi promo tidak bisa dimatikan, kebanyakan kirim spam ke email. Edit: ga efek, jelas ini bukan bug, tapi disengaja",1,3.78.0,2023-06-05 07:41:08,"Hai, Kak Athaariq. Maaf banget sudah buat kamu gak nyaman. Untuk menonaktifkan notifikasi yang muncul, kamu bisa coba atur dari pengaturan handphone kamu ya Kak. Terima kasih. -RZ",2023-05-31 19:21:05,3.78.0
Wahyu 078,masih pertama kali coba kalau tanpa kendala siap bintang lima,4,3.78.0,2023-06-05 07:26:58,"Halo Kak, terima kasih banyak atas ratingnya, semoga Kakak tetap nyaman dan selau setia menjadi pelanggan Traveloka. Yuk Kak pantengin terus Traveloka Lifestyle Super App karna kami selalu berikan promo-promo yg menarik loooh, jangan sampai ketinggalan ya :)",2023-06-05 07:42:07,3.78.0
Bibi Hazrah,bagus,5,3.69.0,2023-06-05 07:12:22,"Hi Kak, senang banget nih dapat rating bagus dari Kakak, terima kasih juga atas feedbacknya! Kenyamanan Kakak adalah prioritas Kami, jika ada pertanyaan lainnya jangan sungkan ya untuk infokan pada kami di https://www.traveloka.com/contactus . Jangan sampai ketinggalan penawaran menarik lainnya di Traveloka Lifestye Super Apps.",2023-06-05 07:42:10,3.69.0
Saiqa Aqiqah,Payah setelah update malah ngebug. Tolong diperbaiki,1,3.78.0,2023-06-05 07:07:35,"Hai, Kak Saiqa. Mohon maaf atas ketidaknyamanan yang dialami. Untuk membantu kami melakukan investigasi lebih lanjut, mohon bantuannya untuk menginformasikan kembali detailnya melalui https://www.traveloka.com/contactus. Terima kasih. -RU",2023-06-05 07:17:01,3.78.0
Alvhito Linthin,Mantap 👍,5,3.56.1,2023-06-05 06:44:29,"Hi Kak, senang banget nih dapat rating bagus dari Kakak, terima kasih juga atas feedbacknya! Kenyamanan Kakak adalah prioritas Kami, jika ada pertanyaan lainnya jangan sungkan ya untuk infokan pada kami di https://www.traveloka.com/contactus . Jangan sampai ketinggalan penawaran menarik lainnya di Traveloka Lifestye Super Apps.",2023-06-05 07:12:13,3.56.1
Raden Siti Jubaedah,Traveloka sangat membantu dan mudah transaksi dimana saja,5,3.77.1,2023-06-05 06:05:46,"Halo Kak, terima kasih banyak atas ratingnya, semoga Kakak tetap nyaman dan selau setia menjadi pelanggan Traveloka. Yuk Kak pantengin terus Traveloka Lifestyle Super App karna kami selalu berikan promo-promo yg menarik loooh, jangan sampai ketinggalan ya :)",2023-06-05 06:12:06,3.77.1
Abraham .T. Senduk,Good,5,3.77.1,2023-06-05 05:54:26,"Hi, we are so grateful to get a lot of support from you. Hope you continue to enjoy our offers. If you have any feedback or suggestions, let us know on https://www.traveloka.com/contactus, our customer service would love to serve you in 24 hours. Thank you!",2023-06-05 06:12:08,3.77.1
Katiman Katiman,mantap,5,3.78.0,2023-06-05 05:22:51,"Hi Kak, senang banget nih dapat rating bagus dari Kakak, terima kasih juga atas feedbacknya! Kenyamanan Kakak adalah prioritas Kami, jika ada pertanyaan lainnya jangan sungkan ya untuk infokan pada kami di https://www.traveloka.com/contactus . Jangan sampai ketinggalan penawaran menarik lainnya di Traveloka Lifestye Super Apps.",2023-06-05 05:42:12,3.78.0
Muhamad Daud,ok matab teruslah bebenah utk menjadi yg lebih baik lagi ok,5,3.78.0,2023-06-05 05:19:58,"Hi Kak, terima kasih atas feedbacknya, semoga Kakak tetap setia dengan Traveloka. Jika ada pertanyaan lain bisa langsung infokan pada kami di https://www.traveloka.com/contactus ya, Kak. Pantau terus Traveloka Lifestyle Super App untuk penawaran spesial lainnya!",2023-06-05 05:42:15,3.78.0
Abu Daud,Lambat,5,3.78.0,2023-06-05 05:11:06,"Halo Kak, terima kasih banyak atas ratingnya, semoga Kakak tetap nyaman dan selau setia menjadi pelanggan Traveloka. Yuk Kak pantengin terus Traveloka Lifestyle Super App karna kami selalu berikan promo-promo yg menarik loooh, jangan sampai ketinggalan ya :)",2023-06-05 05:12:09,3.78.0
Obot Den,sangat memuaskan,5,3.78.0,2023-06-05 05:00:00,"Hi Kak, senang banget nih dapat rating bagus dari Kakak, terima kasih juga atas feedbacknya! Kenyamanan Kakak adalah prioritas Kami, jika ada pertanyaan lainnya jangan sungkan ya untuk infokan pada kami di https://www.traveloka.com/contactus . Jangan sampai ketinggalan penawaran menarik lainnya di Traveloka Lifestye Super Apps.",2023-06-05 05:12:11,3.78.0
021_ MOCH HISBULLOH DAFFATUR ROHMAN,"Kenapa refund saya sudah lebih 5 hari kerja tidak dikembalikan, gk berkah kamu",1,3.78.0,2023-06-05 04:54:39,"Halo, Kak Hisbulloh. Proses refund untuk masing-masing maskapai memiliki kebijakan yang berbeda-beda. Silakan menghubungi kembali melalui https://www.traveloka.com/id-id/contactus untuk pengecekan lebih lanjut. Terima kasih. -SC",2023-06-05 05:18:51,3.78.0
Muhammad Wahyudin,mudah,4,3.76.0,2023-06-05 04:33:10,"Hi Kak, senang banget nih dapat rating bagus dari Kakak, terima kasih juga atas feedbacknya! Kenyamanan Kakak adalah prioritas Kami, jika ada pertanyaan lainnya jangan sungkan ya untuk infokan pada kami di https://www.traveloka.com/contactus . Jangan sampai ketinggalan penawaran menarik lainnya di Traveloka Lifestye Super Apps.",2023-06-05 04:42:11,3.76.0
Zyahira Azzahra,sangat baik,5,3.78.0,2023-06-05 04:32:17,"Hi Kak, terima kasih atas feedbacknya, semoga Kakak tetap setia dengan Traveloka. Jika ada pertanyaan lain bisa langsung infokan pada kami di https://www.traveloka.com/contactus ya, Kak. Pantau terus Traveloka Lifestyle Super App untuk penawaran spesial lainnya!",2023-06-05 04:42:14,3.78.0
Ocep Suprayuddin,membantu,5,3.78.0,2023-06-05 04:27:49,"Halo Kak, terima kasih banyak atas ratingnya, semoga Kakak tetap nyaman dan selau setia menjadi pelanggan Traveloka. Yuk Kak pantengin terus Traveloka Lifestyle Super App karna kami selalu berikan promo-promo yg menarik loooh, jangan sampai ketinggalan ya :)",2023-06-05 04:42:17,3.78.0
Mr,respon aplikasi cepat dan sangat baik,5,3.78.0,2023-06-05 04:24:59,"Hi Kak, senang banget nih dapat rating bagus dari Kakak, terima kasih juga atas feedbacknya! Kenyamanan Kakak adalah prioritas Kami, jika ada pertanyaan lainnya jangan sungkan ya untuk infokan pada kami di https://www.traveloka.com/contactus . Jangan sampai ketinggalan penawaran menarik lainnya di Traveloka Lifestye Super Apps.",2023-06-05 04:42:20,3.78.0
Sobat Jawae,sangat puas.,5,3.78.0,2023-06-05 03:54:16,"Halo Kak, terima kasih banyak atas ratingnya, semoga Kakak tetap nyaman dan selau setia menjadi pelanggan Traveloka. Yuk Kak pantengin terus Traveloka Lifestyle Super App karna kami selalu berikan promo-promo yg menarik loooh, jangan sampai ketinggalan ya :)",2023-06-05 04:12:07,3.78.0
Rumah Rempah-rempah,mantap terjamin dan top,4,3.78.0,2023-06-05 03:05:07,"Hi Kak, senang banget nih dapat rating bagus dari Kakak, terima kasih juga atas feedbacknya! Kenyamanan Kakak adalah prioritas Kami, jika ada pertanyaan lainnya jangan sungkan ya untuk infokan pada kami di https://www.traveloka.com/contactus . Jangan sampai ketinggalan penawaran menarik lainnya di Traveloka Lifestye Super Apps.",2023-06-05 03:12:11,3.78.0
I NYOMAN ADUM PRATAMA YOGA,Masalah harga terlalu lama muncul,5,,2023-06-05 02:29:22,"Halo I Nyoman. Terkait kendala kamu, mohon pastikan internet kamu dalam keadaan stabil. Kamu juga bisa coba cek harga melalui website Traveloka ya. Jika ada pertanyaan lebih lanjut, silakan menghubungi kami melalui https://www.traveloka.com/id-id/contactus. Terima kasih. -MZ",2023-06-05 02:44:48,
ryan handoko,mantab,5,3.78.0,2023-06-05 02:14:10,"Halo Kak, terima kasih banyak atas ratingnya, semoga Kakak tetap nyaman dan selau setia menjadi pelanggan Traveloka. Yuk Kak pantengin terus Traveloka Lifestyle Super App karna kami selalu berikan promo-promo yg menarik loooh, jangan sampai ketinggalan ya :)",2023-06-05 02:42:09,3.78.0
Raden Fajar,"Cepat, Singkat, mudah...",5,3.78.0,2023-06-05 02:02:23,"Halo Kak, terima kasih banyak atas ratingnya, semoga Kakak tetap nyaman dan selau setia menjadi pelanggan Traveloka. Yuk Kak pantengin terus Traveloka Lifestyle Super App karna kami selalu berikan promo-promo yg menarik loooh, jangan sampai ketinggalan ya :)",2023-06-05 02:12:07,3.78.0
Oka Novari,sangat membantu,5,3.78.0,2023-06-05 00:23:48,"Halo Kak, terima kasih banyak atas ratingnya, semoga Kakak tetap nyaman dan selau setia menjadi pelanggan Traveloka. Yuk Kak pantengin terus Traveloka Lifestyle Super App karna kami selalu berikan promo-promo yg menarik loooh, jangan sampai ketinggalan ya :)",2023-06-05 00:42:07,3.78.0
Guss ViL gio,ok,5,3.78.0,2023-06-04 23:37:10,"Hi, thank you very much for the positive review! Please feel free to contact us at https://www.traveloka.com/contactus we're more than happy to assist you and Stay tuned for more exciting offers on Traveloka Lifestyle Super App.",2023-06-04 23:42:07,3.78.0
Suadi Karim,traveloka...muantaaap,5,3.78.0,2023-06-04 20:54:34,"Halo Kak, terima kasih banyak atas ratingnya, semoga Kakak tetap nyaman dan selau setia menjadi pelanggan Traveloka. Yuk Kak pantengin terus Traveloka Lifestyle Super App karna kami selalu berikan promo-promo yg menarik loooh, jangan sampai ketinggalan ya :)",2023-06-04 21:12:06,3.78.0
Ahmad Rifai,"Untuk Developer Traveloka. Traveloka : Book Tiket & Hotel Sangat Bermanfaat, Terus Tingkatkan Fitur Dan Kualitas Di Dalam Aplikasi.",5,3.78.0,2023-06-04 19:13:05,"Halo Kak, terima kasih banyak atas ratingnya, semoga Kakak tetap nyaman dan selau setia menjadi pelanggan Traveloka. Yuk Kak pantengin terus Traveloka Lifestyle Super App karna kami selalu berikan promo-promo yg menarik loooh, jangan sampai ketinggalan ya :)",2023-06-04 19:42:06,3.78.0
Hengki fernando ginting,ok,5,3.78.0,2023-06-04 18:53:12,"Hi, thank you very much for the positive review! Please feel free to contact us at https://www.traveloka.com/contactus we're more than happy to assist you and Stay tuned for more exciting offers on Traveloka Lifestyle Super App.",2023-06-04 19:12:07,3.78.0
Abi Alief Mansur,aplikasi yg bermanfaat,5,3.76.0,2023-06-04 14:56:25,"Halo Kak, terima kasih banyak atas ratingnya, semoga Kakak tetap nyaman dan selau setia menjadi pelanggan Traveloka. Yuk Kak pantengin terus Traveloka Lifestyle Super App karna kami selalu berikan promo-promo yg menarik loooh, jangan sampai ketinggalan ya :)",2023-06-04 15:12:07,3.76.0
Gresti Jung,bagus,5,3.76.0,2023-06-04 14:41:24,"Halo Kak, terima kasih banyak atas ratingnya, semoga Kakak tetap nyaman dan selau setia menjadi pelanggan Traveloka. Yuk Kak pantengin terus Traveloka Lifestyle Super App karna kami selalu berikan promo-promo yg menarik loooh, jangan sampai ketinggalan ya :)",2023-06-04 14:42:07,3.76.0
Tandi Studio (4277studio),bagus sekali,5,3.78.0,2023-06-04 13:51:52,"Halo Kak, terima kasih banyak atas ratingnya, semoga Kakak tetap nyaman dan selau setia menjadi pelanggan Traveloka. Yuk Kak pantengin terus Traveloka Lifestyle Super App karna kami selalu berikan promo-promo yg menarik loooh, jangan sampai ketinggalan ya :)",2023-06-04 14:12:06,3.78.0
057_ Chelsi Aufa Maharani,baik,5,3.78.0,2023-06-04 13:17:32,"Halo Kak, terima kasih banyak atas ratingnya, semoga Kakak tetap nyaman dan selau setia menjadi pelanggan Traveloka. Yuk Kak pantengin terus Traveloka Lifestyle Super App karna kami selalu berikan promo-promo yg menarik loooh, jangan sampai ketinggalan ya :)",2023-06-04 13:42:08,3.78.0
Doel Saman,Apaanih...ga jelasss,1,,2023-06-04 12:43:07,"Hai Saman, maaf ya sudah membuatmu kecewa. Dipastikan untuk kenyamanan pengguna Traveloka, kami akan perbaiki & tingkatkan performa Traveloka. Kalau kamu memiliki kendala, mohon hubungi kami melalui tautan ini https://www.traveloka.com/id-id/contactus. Terima kasih. -NT",2023-06-04 13:14:44,
silfia dewi,ok,5,3.78.0,2023-06-04 12:02:32,"Hi, thank you very much for the positive review! Please feel free to contact us at https://www.traveloka.com/contactus we're more than happy to assist you and Stay tuned for more exciting offers on Traveloka Lifestyle Super App.",2023-06-04 12:12:06,3.78.0
Glen Sugeng,bagus,4,3.77.1,2023-06-04 12:01:15,"Hi Kak, senang banget nih dapat rating bagus dari Kakak, terima kasih juga atas feedbacknya! Kenyamanan Kakak adalah prioritas Kami, jika ada pertanyaan lainnya jangan sungkan ya untuk infokan pada kami di https://www.traveloka.com/contactus . Jangan sampai ketinggalan penawaran menarik lainnya di Traveloka Lifestye Super Apps.",2023-06-04 12:12:09,3.77.1
Andriati Condro Arsetyo Itjen Kemendikbud,lengkap dan sangat oke,5,3.78.0,2023-06-04 11:47:35,"Hi Kak, terima kasih atas feedbacknya, semoga Kakak tetap setia dengan Traveloka. Jika ada pertanyaan lain bisa langsung infokan pada kami di https://www.traveloka.com/contactus ya, Kak. Pantau terus Traveloka Lifestyle Super App untuk penawaran spesial lainnya!",2023-06-04 12:12:12,3.78.0
Achmad Fausi,"Traveloka sangat buruk, masa kit pengajuan refund di tolak dengan alasan sudah di check in ? Padahal tidak perna check in dan pengajuan 6 jam sebelum keberangkatan, sama pihak Traveloka di suru menghubungi pihak Lion,tetapi ternyata yang Uda melakukan checkin dari pihak Traveloka nya sendiri biar tidak ngembalika uangnya , pelayanannya buruk sangat buruk Permainnya sangat jelek",1,3.78.0,2023-06-04 11:34:37,"Hai, Kak Achmad. Mohon maaf atas pengalaman yang kamu alami. Pada dasarnya Traveloka tidak bisa melakukan check-in secara sepihak. Untuk lakukan pengecekan lebih lanjut, kamu bisa menghubungi kami melalui https://www.traveloka.com/contactus. Terima kasih.-TK",2023-06-04 11:50:44,3.78.0
Capitano #32,good,5,3.78.0,2023-06-04 11:24:37,"Hi, thank you very much for the positive review! Please feel free to contact us at https://www.traveloka.com/contactus we're more than happy to assist you and Stay tuned for more exciting offers on Traveloka Lifestyle Super App.",2023-06-04 11:42:08,3.78.0
Dahliana 42,"Saya kesulitan untuk melakukan pembayaran tagihan paylatter karena metode pembayaran tdk bisa d klik/d pilih,, akhirnya kena denda,,,",3,3.77.1,2023-06-04 11:15:11,"Hai Dahliana, pada dasarnya jika kamu terkendala pada penggunaan ataupun pembayaran PayLater, Kakak bisa hubungi langsung ke akun IG PayLater Traveloka https://www.instagram.com/travelokapaylater/ ya. Makasih. -AK
",2023-06-04 11:46:51,3.77.1
David Leonardo,mantap,5,3.78.0,2023-06-04 10:03:24,"Halo Kak, terima kasih banyak atas ratingnya, semoga Kakak tetap nyaman dan selau setia menjadi pelanggan Traveloka. Yuk Kak pantengin terus Traveloka Lifestyle Super App karna kami selalu berikan promo-promo yg menarik loooh, jangan sampai ketinggalan ya :)",2023-06-04 10:12:07,3.78.0
Dion Nekad,Puas,5,3.78.0,2023-06-04 09:17:04,"Hai, Dion. Terima kasih untuk review dan bintang 5 yang kamu berikan ya, mimin senang banget deh lihatnya hehehe. Sehat dan sukses selalu buat kamu serta keluarga. Mimin tunggu pesanan kamu selanjutnya :) -AM",2023-06-04 09:42:49,3.78.0
YAYASAN ISLAM AR RITHAH,mudah,5,3.76.0,2023-06-04 09:12:30,"Halo Kak, terima kasih banyak atas ratingnya, semoga Kakak tetap nyaman dan selau setia menjadi pelanggan Traveloka. Yuk Kak pantengin terus Traveloka Lifestyle Super App karna kami selalu berikan promo-promo yg menarik loooh, jangan sampai ketinggalan ya :)",2023-06-04 09:42:08,3.76.0
Herry Pranata,Jangan pernah mau beli tiket bus di Traveloka ga jelas ga ada yang bisa respon jika di luar kota di situ ada nomor telepon nya tapi ga respon,1,3.77.1,2023-06-04 09:00:53,"Hai, Kak Herry. Mohon maaf atas ketidaknyamanannya. Mohon untuk sampaikan keluhan kamu secara detail melalui https://www.traveloka.com/id-id/contactus. Supaya kami dapat membantu permasalahan kamu. Terima kasih. -DA",2023-06-04 09:14:09,3.77.1
Gunawan Awan,The best,5,,2023-06-04 08:34:32,"Hi, thank you very much for the positive review! Please feel free to contact us at https://www.traveloka.com/contactus we're more than happy to assist you and Stay tuned for more exciting offers on Traveloka Lifestyle Super App.",2023-06-04 08:42:09,
Ags Supriyanto,Jossss,5,3.78.0,2023-06-04 06:32:01,"Hi, thank you very much for the positive review! Please feel free to contact us at https://www.traveloka.com/contactus we're more than happy to assist you and Stay tuned for more exciting offers on Traveloka Lifestyle Super App.",2023-06-04 06:42:08,3.78.0
Raihan Ganteng,good job,5,3.78.0,2023-06-04 06:27:08,"Hi, we are so grateful to get a lot of support from you. Hope you continue to enjoy our offers. If you have any feedback or suggestions, let us know on https://www.traveloka.com/contactus, our customer service would love to serve you in 24 hours. Thank you!",2023-06-04 06:42:12,3.78.0
Diki Yandi93,good,5,3.78.0,2023-06-04 05:51:01,"Hi, thank you very much for the positive review! Please feel free to contact us at https://www.traveloka.com/contactus we're more than happy to assist you and Stay tuned for more exciting offers on Traveloka Lifestyle Super App.",2023-06-04 06:12:07,3.78.0
Febriansyah Achmad Hidayat,"Mantap Traveloka terus berkembang dan berinovasi baik aplikasi, service dsb. Ditunggu ya!",5,,2023-06-04 05:48:04,"Hi Kak, senang banget nih dapat rating bagus dari Kakak, terima kasih juga atas feedbacknya! Kenyamanan Kakak adalah prioritas Kami, jika ada pertanyaan lainnya jangan sungkan ya untuk infokan pada kami di https://www.traveloka.com/contactus . Jangan sampai ketinggalan penawaran menarik lainnya di Traveloka Lifestye Super Apps.",2023-06-04 06:12:10,
ANGGI ANGGRIAWAN,kerreen,5,3.78.0,2023-06-04 05:29:01,"Hai kak, senangnya mendapat bintang lima dari kamu, terima kasih atas apresiasinya, semoga kaka tetap nyaman dan selau setia menjadi pelanggan Traveloka, yuk ka pantengin terus traveloka karna kami selalu berikan promo promo yg menarik loooh, jangan sampai ketinggalan ya. -DA",2023-06-04 05:43:04,3.78.0
Arnold seafarer,"Aplikasi Buruk, Terlalu Ribet Mutar sana Sini Dalam Pengembalian Dana Refund yang Seharus nya Menjadi Hak Yang Punya Dana.",1,3.78.0,2023-06-04 05:06:13,"Hai, Arnold. Mohon maaf atas pengalaman yang kamu alami. Pada dasarnya untuk proses pengembalian dana akan menyesuaikan kebijakan dari pihak penyedia jasa yang kamu pesan. Jika kamu memiliki pertanyaan lebih lanjut, silakan menghubungi kami melalui https://www.traveloka.com/contactus. Terima kasih.-TK",2023-06-04 05:13:50,3.78.0
Suhaimi Emi,mantap,5,3.77.1,2023-06-04 04:29:34,"Halo Kak, terima kasih banyak atas ratingnya, semoga Kakak tetap nyaman dan selau setia menjadi pelanggan Traveloka. Yuk Kak pantengin terus Traveloka Lifestyle Super App karna kami selalu berikan promo-promo yg menarik loooh, jangan sampai ketinggalan ya :)",2023-06-04 04:42:12,3.77.1
KheyAzz Official,good,5,3.78.0,2023-06-04 04:06:48,"Hi, we are so grateful to get a lot of support from you. Hope you continue to enjoy our offers. If you have any feedback or suggestions, let us know on https://www.traveloka.com/contactus, our customer service would love to serve you in 24 hours. Thank you!",2023-06-04 04:12:14,3.78.0
Juliper Simarmata,ok,5,3.78.0,2023-06-04 03:37:43,"Hi, thank you very much for the positive review! Please feel free to contact us at https://www.traveloka.com/contactus we're more than happy to assist you and Stay tuned for more exciting offers on Traveloka Lifestyle Super App.",2023-06-04 03:42:06,3.78.0
Agus 99,Cara menghubungi CS nya gimana yang lasum direspon misalnya ada masalah ???,1,3.78.0,2023-06-04 03:21:52,"Hai, Agus. Jika saat ini kamu memiliki pertanyaan atau mengalami kendala, silakan menghubungi kami melalui https://www.traveloka.com/contactus. Terima kasih.-TK",2023-06-04 03:43:15,3.78.0
Achmad Hadi,ok,5,3.78.0,2023-06-04 02:47:46,"Hi, thank you very much for the positive review! Please feel free to contact us at https://www.traveloka.com/contactus we're more than happy to assist you and Stay tuned for more exciting offers on Traveloka Lifestyle Super App.",2023-06-04 03:12:06,3.78.0
Yuli Anti,mantap,5,3.76.0,2023-06-04 02:47:23,"Hi Kak, senang banget nih dapat rating bagus dari Kakak, terima kasih juga atas feedbacknya! Kenyamanan Kakak adalah prioritas Kami, jika ada pertanyaan lainnya jangan sungkan ya untuk infokan pada kami di https://www.traveloka.com/contactus . Jangan sampai ketinggalan penawaran menarik lainnya di Traveloka Lifestye Super Apps.",2023-06-04 03:12:10,3.76.0
Irawan Dony,bagus . tingkatkan..,5,3.78.0,2023-06-04 02:46:46,"Hi Kak, terima kasih atas feedbacknya, semoga Kakak tetap setia dengan Traveloka. Jika ada pertanyaan lain bisa langsung infokan pada kami di https://www.traveloka.com/contactus ya, Kak. Pantau terus Traveloka Lifestyle Super App untuk penawaran spesial lainnya!",2023-06-04 03:12:13,3.78.0
Depan Belakang,Traveloka mantab,5,3.76.0,2023-06-04 02:46:31,"Halo Kak, terima kasih banyak atas ratingnya, semoga Kakak tetap nyaman dan selau setia menjadi pelanggan Traveloka. Yuk Kak pantengin terus Traveloka Lifestyle Super App karna kami selalu berikan promo-promo yg menarik loooh, jangan sampai ketinggalan ya :)",2023-06-04 03:12:15,3.76.0
MOCH SYAFI'I,Tidak kaleng-kaleng,5,3.78.0,2023-06-04 01:58:03,"Halo Kak, terima kasih banyak atas ratingnya, semoga Kakak tetap nyaman dan selau setia menjadi pelanggan Traveloka. Yuk Kak pantengin terus Traveloka Lifestyle Super App karna kami selalu berikan promo-promo yg menarik loooh, jangan sampai ketinggalan ya :)",2023-06-04 02:12:06,3.78.0
Rahmadian Situmeang,user friendly,5,3.78.0,2023-06-04 00:10:26,"Hi, thank you very much for the positive review! Please feel free to contact us at https://www.traveloka.com/contactus we're more than happy to assist you and Stay tuned for more exciting offers on Traveloka Lifestyle Super App.",2023-06-04 00:12:07,3.78.0
Budi Aprilia,Dev.. Tambah metode pembayaran pake aplikasi pembayaran yang gampang.. Oakai apk uangku ribet...,2,,2023-06-03 23:22:18,Hai Budi. Terima kasih buat masukannya ya Kak. Semoga kedepannya Traveloka menyediakan metode pembayaran yang Kakak inginkan. Terima kasih juga udah menjadi pelanggan setia Traveloka ya. :) -KK,2023-06-03 23:44:44,
Doni Hasriono,mempermudah,5,3.78.0,2023-06-03 22:31:38,"Halo Kak, terima kasih banyak atas ratingnya, semoga Kakak tetap nyaman dan selau setia menjadi pelanggan Traveloka. Yuk Kak pantengin terus Traveloka Lifestyle Super App karna kami selalu berikan promo-promo yg menarik loooh, jangan sampai ketinggalan ya :)",2023-06-03 22:42:07,3.78.0
Fajar Nurrochman,nice,5,3.77.1,2023-06-03 21:36:08,"Hi, thank you very much for the positive review! Please feel free to contact us at https://www.traveloka.com/contactus we're more than happy to assist you and Stay tuned for more exciting offers on Traveloka Lifestyle Super App.",2023-06-03 21:42:07,3.77.1
Topan Topan,bgus,5,3.56.1,2023-06-03 16:14:33,"Hai, Topan. Terima kasih atas penilaian dan feedback dari kamu, kami akan terus meningkatkan kepuasan para pengguna. Jika ada pertanyaan lainnya jangan sungkan ya untuk infokan pada kami di https://www.traveloka.com/contactus. Jangan sampai ketinggalan juga penawaran menarik lainnya di Traveloka Lifestye Super Apps. Terima kasih. -KK",2023-06-03 16:45:37,3.56.1
Nugroho Abdillah,sangat memudahkan dan membantu konsumen menentukan pilihan menginap sesuai hotel yg diinginkan,5,3.78.0,2023-06-03 16:04:03,"Halo Kak, terima kasih banyak atas ratingnya, semoga Kakak tetap nyaman dan selau setia menjadi pelanggan Traveloka. Yuk Kak pantengin terus Traveloka Lifestyle Super App karna kami selalu berikan promo-promo yg menarik loooh, jangan sampai ketinggalan ya :)",2023-06-03 16:12:08,3.78.0
Lovely Ivanka,omg,5,,2023-06-03 15:17:08,"Hi, thank you very much for the positive review! Please feel free to contact us at https://www.traveloka.com/contactus we're more than happy to assist you and Stay tuned for more exciting offers on Traveloka Lifestyle Super App.",2023-06-03 15:42:06,
Muhammad Rifki,mantap,5,3.77.1,2023-06-03 14:19:58,"Halo Kak, terima kasih banyak atas ratingnya, semoga Kakak tetap nyaman dan selau setia menjadi pelanggan Traveloka. Yuk Kak pantengin terus Traveloka Lifestyle Super App karna kami selalu berikan promo-promo yg menarik loooh, jangan sampai ketinggalan ya :)",2023-06-03 14:42:11,3.77.1
tri margono,Ok sangat membantu untuk mencari tiket,5,,2023-06-03 14:08:12,"Halo Kak, terima kasih banyak atas ratingnya, semoga Kakak tetap nyaman dan selau setia menjadi pelanggan Traveloka. Yuk Kak pantengin terus Traveloka Lifestyle Super App karna kami selalu berikan promo-promo yg menarik loooh, jangan sampai ketinggalan ya :)",2023-06-03 14:12:06,
Dwi S,mntab,3,3.72.0,2023-06-03 14:02:21,Makasih ya Kak Dwi sudah setia bersama Traveloka :)) -DZ,2023-06-03 14:15:41,3.72.0
Benyamin Sinabariba,Mantap,5,3.57.0,2023-06-03 13:48:41,"Hi Kak, senang banget nih dapat rating bagus dari Kakak, terima kasih juga atas feedbacknya! Kenyamanan Kakak adalah prioritas Kami, jika ada pertanyaan lainnya jangan sungkan ya untuk infokan pada kami di https://www.traveloka.com/contactus . Jangan sampai ketinggalan penawaran menarik lainnya di Traveloka Lifestye Super Apps.",2023-06-03 14:12:11,3.57.0
Dwi Juni Muhammad Sabur,"Aplikasi perjalanan dan penginapan yg baik, karena selain banyak promo discount harga juga tepat dalam memberikan refund dana kepada konsumen.",5,3.77.1,2023-06-03 13:23:02,"Halo Kak, terima kasih banyak atas ratingnya, semoga Kakak tetap nyaman dan selau setia menjadi pelanggan Traveloka. Yuk Kak pantengin terus Traveloka Lifestyle Super App karna kami selalu berikan promo-promo yg menarik loooh, jangan sampai ketinggalan ya :)",2023-06-03 13:42:10,3.77.1
Oland yoe,good,5,3.78.0,2023-06-03 12:55:21,"Hi, thank you very much for the positive review! Please feel free to contact us at https://www.traveloka.com/contactus we're more than happy to assist you and Stay tuned for more exciting offers on Traveloka Lifestyle Super App.",2023-06-03 13:12:07,3.78.0
Shinely,"Berat bgt ni aplikasi,loadingnya lama.Kebanyakan vitur yg ga diperlukan deh,terakhit pake tahun kemarin masih enak tuh,tp sekarang ga bgt ini ada fitur explore segala terus menu utama ga di tampilin didepan,cuman ada pilihan pesawat sama hotel doang.Pas mau nyari bis,loadingnya lama bgt ga muncul sama sekali heran padahal sinyal lancar buat aplikasi lain jg oke.",2,,2023-06-03 12:51:41,Hai Kak. Mohon maaf atas ketidaknyamanannya. Mohon untuk sampaikan keluhan kamu secara detail melalui https://www.traveloka.com/id-id/contactus. Supaya kami dapat membantu permasalahan kamu. Terima kasih. -DA,2023-06-03 13:15:10,
lidiasusanti Channel,"lebih mudah,simple dalam transaksi apapun selain tiket dan hotel",5,3.72.0,2023-06-03 12:40:50,"Halo Kak, terima kasih banyak atas ratingnya, semoga Kakak tetap nyaman dan selau setia menjadi pelanggan Traveloka. Yuk Kak pantengin terus Traveloka Lifestyle Super App karna kami selalu berikan promo-promo yg menarik loooh, jangan sampai ketinggalan ya :)",2023-06-03 12:42:07,3.72.0
Caswito Wito,Buruk,1,,2023-06-03 11:58:40,"Hai, Kak Caswito. Maaf banget jika kamu mengalami pengalaman yang tidak mengenakkan. Agar mimin bisa bantu lebih lanjut, mohon disampaikan detailnya melalui https://www.traveloka.com/contactus ya. Kami sangat ingin membantu menyelesaikan permasalahan kamu. Terima kasih 🙏 -RU",2023-06-03 12:14:19,
Pradelya Waluyo,mantap,5,3.78.0,2023-06-03 11:31:56,"Halo Kak, terima kasih banyak atas ratingnya, semoga Kakak tetap nyaman dan selau setia menjadi pelanggan Traveloka. Yuk Kak pantengin terus Traveloka Lifestyle Super App karna kami selalu berikan promo-promo yg menarik loooh, jangan sampai ketinggalan ya :)",2023-06-03 11:42:07,3.78.0
DINdra DI,memudahkan....thanks Travelloka,5,3.78.0,2023-06-03 11:13:42,"Hi Kak, terima kasih atas feedbacknya, semoga Kakak tetap setia dengan Traveloka. Jika ada pertanyaan lain bisa langsung infokan pada kami di https://www.traveloka.com/contactus ya, Kak. Pantau terus Traveloka Lifestyle Super App untuk penawaran spesial lainnya!",2023-06-03 11:42:14,3.78.0
Malik NF,Tiap hape beda harga padahal untuk tiket yang sama dihari yang sama jam sama kenapa bisa beda min min?,1,3.78.0,2023-06-03 10:46:27,"Hai, Malik. Harga yang tertera di Traveloka bersifat fluktuatif atau bisa berubah-ubah sesuai dengan kebijakan dari maskapai ya. Yuk cek secara berkala untuk mendapatkan harga yang kamu inginkan. Kamu juga bisa update aplikasi menjadi versi terbaru terlebih dahulu untuk mendapatkan harga ter-update dari maskapai. Terima kasih. -AM",2023-06-03 11:17:30,3.78.0
Angga Prima,CS nya gajelas,1,3.77.1,2023-06-03 10:42:34,"Hai, Angga. Mohon maaf sebelumnya. Untuk membantu kami memahami kendala kamu, mohon bantuannya untuk menyampaikan kendala kamu melalui https://www.traveloka.com/contactus agar kami dapat bantu cek lebih lanjut. Terima kasih. -VK",2023-06-03 11:14:24,3.77.1
Nur annisa Sekar arum,"Syg bgt untuk hotel / apartnya , tipu² di ket ada kolam renang nyatanya tdk. Mengecewakan sekali.",1,3.78.0,2023-06-03 09:12:20,"Halo, Kak Nur. Mohon maaf atas ketidaknyamanan yang dialami. Saat ini kami belum menemukan komunikasi Kakak ke tim CS kami, untuk membantu lebih lanjut, mohon bantuannya untuk menginformasikan kembali kendala kakak beserta nomor pesanan melalui https://www.traveloka.com//contactus. Terima kasih 🙏 -RU",2023-06-03 09:44:54,3.78.0
Aad,terimakasih respon pelayanan sangat baik dengan harga sesuai dan amanah,5,3.78.0,2023-06-03 08:58:39,"Halo Kak, terima kasih banyak atas ratingnya, semoga Kakak tetap nyaman dan selau setia menjadi pelanggan Traveloka. Yuk Kak pantengin terus Traveloka Lifestyle Super App karna kami selalu berikan promo-promo yg menarik loooh, jangan sampai ketinggalan ya :)",2023-06-03 09:12:05,3.78.0
kusmana aja,sangat mudah,5,3.72.0,2023-06-03 07:45:08,"Halo Kak, terima kasih banyak atas ratingnya, semoga Kakak tetap nyaman dan selau setia menjadi pelanggan Traveloka. Yuk Kak pantengin terus Traveloka Lifestyle Super App karna kami selalu berikan promo-promo yg menarik loooh, jangan sampai ketinggalan ya :)",2023-06-03 08:12:06,3.72.0
Kristanto Bekti,simple dan efisien,5,,2023-06-03 05:09:57,"Halo Kak, terima kasih banyak atas ratingnya, semoga Kakak tetap nyaman dan selau setia menjadi pelanggan Traveloka. Yuk Kak pantengin terus Traveloka Lifestyle Super App karna kami selalu berikan promo-promo yg menarik loooh, jangan sampai ketinggalan ya :)",2023-06-03 05:12:06,
IyaN Sogelaka,"Good, and Simpel way.",5,3.78.0,2023-06-03 04:50:30,"Hi, thank you very much for the positive review! Please feel free to contact us at https://www.traveloka.com/contactus we're more than happy to assist you and Stay tuned for more exciting offers on Traveloka Lifestyle Super App.",2023-06-03 05:12:15,3.78.0
sugab cindil,cepat memuaskan,5,3.57.0,2023-06-03 04:24:56,"Halo Kak, terima kasih banyak atas ratingnya, semoga Kakak tetap nyaman dan selau setia menjadi pelanggan Traveloka. Yuk Kak pantengin terus Traveloka Lifestyle Super App karna kami selalu berikan promo-promo yg menarik loooh, jangan sampai ketinggalan ya :)",2023-06-03 04:42:07,3.57.0
Lysa Morina,Mudah.. banyak diskon.. dimana saja bisa..,5,3.78.0,2023-06-03 04:17:29,"Hi Kak, senang banget nih dapat rating bagus dari Kakak, terima kasih juga atas feedbacknya! Kenyamanan Kakak adalah prioritas Kami, jika ada pertanyaan lainnya jangan sungkan ya untuk infokan pada kami di https://www.traveloka.com/contactus . Jangan sampai ketinggalan penawaran menarik lainnya di Traveloka Lifestye Super Apps.",2023-06-03 04:42:10,3.78.0
Tole Borland,puas,5,3.77.1,2023-06-03 03:57:11,"Hai Tole, senangnya mendapat bintang lima dari kamu, terima kasih atas apresiasinya, semoga kamu tetap nyaman dan selalu setia menjadi pelanggan Traveloka. Yuk pantengin terus Traveloka karena kami selalu berikan promo-promo yang menarik, jangan sampai ketinggalan ya :) -RF",2023-06-03 04:15:09,3.77.1
Aurel Seran,Aplikasi ini Traveloka sangat membantu dan memudahkan untuk pesan tiket di sini .. terima kasih 🙏,4,,2023-06-03 03:54:11,"Hi Kak, senang banget nih dapat rating bagus dari Kakak, terima kasih juga atas feedbacknya! Kenyamanan Kakak adalah prioritas Kami, jika ada pertanyaan lainnya jangan sungkan ya untuk infokan pada kami di https://www.traveloka.com/contactus . Jangan sampai ketinggalan penawaran menarik lainnya di Traveloka Lifestye Super Apps.",2023-06-03 04:12:11,
Bang Solikhun,memudahkan spa pun yg mengadakan perjalanan... terima kasih atas pelayanannya. smg makin sukses...aamiin,5,3.78.0,2023-06-03 03:53:10,"Hi Kak, terima kasih atas feedbacknya, semoga Kakak tetap setia dengan Traveloka. Jika ada pertanyaan lain bisa langsung infokan pada kami di https://www.traveloka.com/contactus ya, Kak. Pantau terus Traveloka Lifestyle Super App untuk penawaran spesial lainnya!",2023-06-03 04:12:13,3.78.0
Siti Aminah,oke banget go to,5,3.77.1,2023-06-03 03:49:22,"Hai Siti, senangnya mendapat bintang lima dari kamu, terima kasih atas apresiasinya, semoga kamu tetap nyaman dan selalu setia menjadi pelanggan Traveloka. Yuk pantengin terus Traveloka karena kami selalu berikan promo-promo yang menarik, jangan sampai ketinggalan ya :) -RF",2023-06-03 04:14:12,3.77.1
Hafidz kids channel,promo..promo tambah donk min,5,3.78.0,2023-06-03 03:39:16,"Halo Kak, terima kasih banyak atas ratingnya, semoga Kakak tetap nyaman dan selau setia menjadi pelanggan Traveloka. Yuk Kak pantengin terus Traveloka Lifestyle Super App karna kami selalu berikan promo-promo yg menarik loooh, jangan sampai ketinggalan ya :)",2023-06-03 03:42:06,3.78.0
Samirun Run,mantuuullll..,5,3.78.0,2023-06-03 03:33:06,"Hai, Samirun. Terima kasih untuk review dan bintang 5 yang kamu berikan ya, mimin senang banget deh lihatnya hehehe. Sehat dan sukses selalu buat kamu serta keluarga. Mimin tunggu pesanan kamu selanjutnya :) -AM
",2023-06-03 03:46:06,3.78.0
Sf Barito,mantap co,5,3.77.1,2023-06-03 03:05:44,"Hai kak, senangnya mendapat bintang lima dari kamu, terima kasih atas apresiasinya, semoga kamu tetap nyaman dan selalu setia menjadi pelanggan Traveloka. Yuk pantengin terus Traveloka karena kami selalu berikan promo-promo yang menarik, jangan sampai ketinggalan ya :) -RF",2023-06-03 03:14:42,3.77.1
devi mariani,"Saya minta kejelasan kenapa limit paylater saya JD turun setelah di-update...ini sistem yg eror apa aplikasinya yg aba2.saya minta dikembalikan kembali limit paylater saya seperti semula,secepatnya,parah bgt sistemnya Traveloka, kalau sistemnya seperti ini gmn BS berkembang perusahaan yg ada castumer pada kabur semua,JD tolong dicek kembali akun saya dan secepatnya limit dikembalikan kesemula",1,3.78.0,2023-06-03 01:51:26,"Hai, Devi. Maaf ya buat kendala yang terjadi. Penurunan limit PayLater pada umumnya dipengaruhi oleh history pembelian kamu dengan PayLater. Biar mimin bisa bantu cek lebih lanjut, mohon dibantu infokan alamat e-mail, nomor telepon dan nama lengkap yang terdaftar di PayLater kamu lewat link https://www.traveloka.com/contactus ya. Terima kasih. -RF",2023-06-03 02:16:29,3.78.0
Neji Freitas,Bagus,5,3.77.1,2023-06-03 01:18:34,"Halo Kak, terima kasih banyak atas ratingnya, semoga Kakak tetap nyaman dan selau setia menjadi pelanggan Traveloka. Yuk Kak pantengin terus Traveloka Lifestyle Super App karna kami selalu berikan promo-promo yg menarik loooh, jangan sampai ketinggalan ya :)",2023-06-03 01:42:13,3.77.1
Ismail Hasan7890,bagus sesuai,5,3.77.1,2023-06-03 01:17:57,"Hi Kak, senang banget nih dapat rating bagus dari Kakak, terima kasih juga atas feedbacknya! Kenyamanan Kakak adalah prioritas Kami, jika ada pertanyaan lainnya jangan sungkan ya untuk infokan pada kami di https://www.traveloka.com/contactus . Jangan sampai ketinggalan penawaran menarik lainnya di Traveloka Lifestye Super Apps.",2023-06-03 01:42:16,3.77.1
Saifullah,good,5,3.78.0,2023-06-03 00:27:51,"Hi, thank you very much for the positive review! Please feel free to contact us at https://www.traveloka.com/contactus we're more than happy to assist you and Stay tuned for more exciting offers on Traveloka Lifestyle Super App.",2023-06-03 00:42:07,3.78.0
komang satriawan,"Aplikasi bagus dan sangat membantu, hanya saja ada tambahan2 konten lain yg membuat menjadi kurang nyaman. Antara lain, berbagai macam Asuransi, ketika sudah memilih penerbangan, salah satu Asuransi langsung terpilih juga. Jika tidak jeli, akan merugikan Konsumen/calon penumpang. Kalau Asuransi bagus dan mudah dlm claim sih ga masalah. Saya punya pengalaman sendiri, rajin pke Asuransi perjalanan, namun begitu ada keterlambatan maskapai, klaim nya sangat rumit, tidak semudah pendaftaran.",5,3.78.0,2023-06-02 22:36:01,"Halo Kak, terima kasih banyak atas ratingnya, semoga Kakak tetap nyaman dan selau setia menjadi pelanggan Traveloka. Yuk Kak pantengin terus Traveloka Lifestyle Super App karna kami selalu berikan promo-promo yg menarik loooh, jangan sampai ketinggalan ya :)",2023-06-02 22:42:06,3.78.0
Marthen Tanone,Sangat mengecewakan dan sangat tidak baik aplikasinya,1,,2023-06-02 19:41:02,"Hai, Kak. Mohon maaf sudah membuat kamu nggak nyaman. Agar kami bisa bantu lebih lanjut, silakan menghubungi kami melalui email ke cs@traveloka.com. Terima kasih. -RZ",2023-06-02 19:48:41,
Teddy Kurniawan,ganti nomor hp saja susah hapus Saja aplikasi g jelas ini,1,3.77.1,2023-06-02 18:01:24,"Halo Teddy, mohon maaf banget terkait hal ini ya. Boleh infokan email dan nomor ponsel kamu via tautan ini https://www.traveloka.com/id-id/contactus supaya kami bantu lebih lanjut ya Kak. Terima kasih. -OR",2023-06-02 18:13:21,3.77.1
Bram Putra,ok,5,3.77.1,2023-06-02 17:27:56,"Hi, thank you very much for the positive review! Please feel free to contact us at https://www.traveloka.com/contactus we're more than happy to assist you and Stay tuned for more exciting offers on Traveloka Lifestyle Super App.",2023-06-02 17:42:08,3.77.1
Joko Joko,Ada pilihan reschedule(ubah jadwal pemberangkatan).tpi stelah di pilih tdk ada jadwal penerbangan di tgl yg mau kita ubah.stlh pake akun lain ada jadwal pemberangkatan sesuai tgl dan tjuan yg mau kita tuju.jd kita di pksanya utk membatalkan pemberangkatan dan itu di potong kurang lbih 300rb dr hrg tiket.balek uangnya jangka wktu 3 bln.jd reschedule di Traveloka itu hanya pajangan/menipu knsumen aja,1,3.77.1,2023-06-02 16:10:56,"Hai, Joko. Mohon maaf atas ketidaknyamanannya. Apabila kamu mengalami kendala pengajuan reschedule, silakan diinformasikan detail pesanan kamu melalui email di cs@traveloka.com. Nantinya kami akan lakukan pengecekan lebih lanjut. Terima kasih. -IN",2023-06-02 16:16:12,3.77.1
Nasrul Wahyudin,sangat membantu,5,3.28.0,2023-06-02 15:52:34,"Halo Kak, terima kasih banyak atas ratingnya, semoga Kakak tetap nyaman dan selau setia menjadi pelanggan Traveloka. Yuk Kak pantengin terus Traveloka Lifestyle Super App karna kami selalu berikan promo-promo yg menarik loooh, jangan sampai ketinggalan ya :)",2023-06-02 16:12:07,3.28.0
Ali van Hartono,numero uno,5,3.77.1,2023-06-02 15:14:38,"Hi, Ali. Thank you for your feedback. If you have any questions, don't hesitate to contact us. And please contact us by tapping the chat icon at the top right of your Traveloka application main page, via email at cs@traveloka.com or at phone number 08041500308. Thank you. -IN",2023-06-02 15:44:09,3.77.1
Aswan Sahdi,Terima kasih sangat membantu sekali perjalanan kemana saja Travoloka,5,3.71.1,2023-06-02 14:47:31,"Halo Kak, terima kasih banyak atas ratingnya, semoga Kakak tetap nyaman dan selau setia menjadi pelanggan Traveloka. Yuk Kak pantengin terus Traveloka Lifestyle Super App karna kami selalu berikan promo-promo yg menarik loooh, jangan sampai ketinggalan ya :)",2023-06-02 15:12:07,3.71.1
Fahrul Ronsi,Kenapa gak ad bioskop lgi kk,3,3.78.0,2023-06-02 14:31:59,"Hai Fahrul. Sebagai strategi bisnis dan prioritas perusahaan maka kami menghentikan layanan Movies dari penyedia CGV sejak tanggal 6 Februari 2023. Oleh karena itu, layanan Movies dari penyedia CGV tidak lagi dapat ditemukan dan dipesan melalui Traveloka. Kami juga akan memastikan keputusan ini tidak akan mempengaruhi bisnis kami. Terima kasih. -DA",2023-06-02 14:49:18,3.78.0
reinhard hotlas,Good Aplikasi,5,3.78.0,2023-06-02 13:41:09,"Halo Kak, terima kasih banyak atas ratingnya, semoga Kakak tetap nyaman dan selau setia menjadi pelanggan Traveloka. Yuk Kak pantengin terus Traveloka Lifestyle Super App karna kami selalu berikan promo-promo yg menarik loooh, jangan sampai ketinggalan ya :)",2023-06-02 13:42:06,3.78.0
Dina fitra,mantap,5,3.77.1,2023-06-02 13:27:23,"Hi Kak, senang banget nih dapat rating bagus dari Kakak, terima kasih juga atas feedbacknya! Kenyamanan Kakak adalah prioritas Kami, jika ada pertanyaan lainnya jangan sungkan ya untuk infokan pada kami di https://www.traveloka.com/contactus . Jangan sampai ketinggalan penawaran menarik lainnya di Traveloka Lifestye Super Apps.",2023-06-02 13:42:08,3.77.1
Husni Tamrin,Ok,5,,2023-06-02 13:06:46,"Hi, thank you very much for the positive review! Please feel free to contact us at https://www.traveloka.com/contactus we're more than happy to assist you and Stay tuned for more exciting offers on Traveloka Lifestyle Super App.",2023-06-02 13:12:07,
Khusnun Usthadhul,👍,3,3.78.0,2023-06-02 12:25:51,"Hai Khusnun, terima kasih sudah menggunakan Traveloka. Jika ada pertanyaan atau kendala yang bisa kami bantu, silakan hubungi kami melalui https://www.traveloka.com/id-id/contactus ya. Terima kasih. -NA",2023-06-02 12:47:49,3.78.0
Permata,mudah dan lengkap promo mantap,5,3.78.0,2023-06-02 12:24:26,"Halo Kak, terima kasih banyak atas ratingnya, semoga Kakak tetap nyaman dan selau setia menjadi pelanggan Traveloka. Yuk Kak pantengin terus Traveloka Lifestyle Super App karna kami selalu berikan promo-promo yg menarik loooh, jangan sampai ketinggalan ya :)",2023-06-02 12:42:08,3.78.0
Erwin Mahyuddin,mantab,5,3.77.1,2023-06-02 12:10:07,"Hi Kak, terima kasih atas feedbacknya, semoga Kakak tetap setia dengan Traveloka. Jika ada pertanyaan lain bisa langsung infokan pada kami di https://www.traveloka.com/contactus ya, Kak. Pantau terus Traveloka Lifestyle Super App untuk penawaran spesial lainnya!",2023-06-02 12:12:17,3.77.1
Agus Fitriyanto,sangat membatu dlm pemesana hotel sesuai kebutuhan,5,3.76.0,2023-06-02 11:53:13,"Halo Kak, terima kasih banyak atas ratingnya, semoga Kakak tetap nyaman dan selau setia menjadi pelanggan Traveloka. Yuk Kak pantengin terus Traveloka Lifestyle Super App karna kami selalu berikan promo-promo yg menarik loooh, jangan sampai ketinggalan ya :)",2023-06-02 12:12:20,3.76.0
Fredi Wanimbo,mntap,5,3.77.1,2023-06-02 11:35:34,"Halo Kak, terima kasih banyak atas ratingnya, semoga Kakak tetap nyaman dan selau setia menjadi pelanggan Traveloka. Yuk Kak pantengin terus Traveloka Lifestyle Super App karna kami selalu berikan promo-promo yg menarik loooh, jangan sampai ketinggalan ya :)",2023-06-02 11:42:06,3.77.1
Handayani Titik,Aku mau cari tiket pesawat saudi bln romandhon 2024,3,,2023-06-02 11:33:07,"Hai Handayani, kamu bisa cari tiket Pesawat pada aplikasi Traveloka dengan input detail pesanan sesuai dengan yang kamu mau. Jika ada pertanyaan atau kendala yang bisa kami bantu, silakan hubungi kami melalui https://www.traveloka.com/id-id/contactus ya. Terima kasih. -NA",2023-05-31 10:13:37,
Kanti Ismawati,1x pesen hotel sampai sana fiktif..hotel palsu 1x pesen hotel lg sampai sana suruh bayar lagi atau suruh nambah 1 x pesen bus ga bisa dibantu reschedule padahal tanggal belum terlewat,1,3.76.0,2023-06-02 11:31:35,"Hai Kanti, mohon maaf atas kendala yang kamu alami. Untuk dapat kami bantu pengecekan mengenai kendala kamu silakan infokan nomor pesanan kamu kepada kami melalui https://www.traveloka.com/id-id/contactus ya. Terima kasih. -NA",2023-06-02 11:45:01,3.76.0
Apson Tuage,sangat puas,5,3.77.1,2023-06-02 11:03:50,"Halo Kak, terima kasih banyak atas ratingnya, semoga Kakak tetap nyaman dan selau setia menjadi pelanggan Traveloka. Yuk Kak pantengin terus Traveloka Lifestyle Super App karna kami selalu berikan promo-promo yg menarik loooh, jangan sampai ketinggalan ya :)",2023-06-02 11:12:06,3.77.1
Leman Tonnaha,Sip lh,5,3.78.0,2023-06-02 08:21:55,"Halo Kak, terima kasih banyak atas ratingnya, semoga Kakak tetap nyaman dan selau setia menjadi pelanggan Traveloka. Yuk Kak pantengin terus Traveloka Lifestyle Super App karna kami selalu berikan promo-promo yg menarik loooh, jangan sampai ketinggalan ya :)",2023-06-02 08:42:07,3.78.0
Hendra Panjaitan,Sangat berguna,5,3.77.1,2023-06-02 08:01:51,"Halo Kak, terima kasih banyak atas ratingnya, semoga Kakak tetap nyaman dan selau setia menjadi pelanggan Traveloka. Yuk Kak pantengin terus Traveloka Lifestyle Super App karna kami selalu berikan promo-promo yg menarik loooh, jangan sampai ketinggalan ya :)",2023-06-02 08:12:07,3.77.1
Lati Wahidah,sangat membantu,5,3.76.0,2023-06-02 07:43:31,"Hi Kak, senang banget nih dapat rating bagus dari Kakak, terima kasih juga atas feedbacknya! Kenyamanan Kakak adalah prioritas Kami, jika ada pertanyaan lainnya jangan sungkan ya untuk infokan pada kami di https://www.traveloka.com/contactus . Jangan sampai ketinggalan penawaran menarik lainnya di Traveloka Lifestye Super Apps.",2023-06-02 08:12:09,3.76.0
chepi tirtana,👍👍,5,3.77.1,2023-06-02 07:41:54,"Hai, Kak Chepi. Senang banget dapat bintang lima dari Kakak, terima kasih atas apresiasinya. Semoga pengalaman Kakak bersama Traveloka selalu menyenangkan :) -RU",2023-06-02 08:14:57,3.77.1
FraNz SangPetualang,good,5,3.78.0,2023-06-02 07:40:07,"Hi, we are so grateful to get a lot of support from you. Hope you continue to enjoy our offers. If you have any feedback or suggestions, let us know on https://www.traveloka.com/contactus, our customer service would love to serve you in 24 hours. Thank you!",2023-06-02 07:42:11,3.78.0
oesay oesay,oke,4,3.78.0,2023-06-02 07:17:02,"Hai Kak, senang sekali menerima bintang 4 dari kamu, terima kasih juga atas feedbacknya, Kenyamanan Kakak adalah prioritas Kami semoga kedepannya kami bisa dapat bintang 5 dari kamu ya ka :) -DA",2023-06-02 07:44:32,3.78.0
Al Qosasi,cepat dan gak bertele mantap,5,3.77.1,2023-06-02 07:14:05,"Halo Kak, terima kasih banyak atas ratingnya, semoga Kakak tetap nyaman dan selau setia menjadi pelanggan Traveloka. Yuk Kak pantengin terus Traveloka Lifestyle Super App karna kami selalu berikan promo-promo yg menarik loooh, jangan sampai ketinggalan ya :)",2023-06-02 07:42:17,3.77.1
mita aja,traveloka please dong hapus uangku di e wallet nya makan banyak korban tau. klk udh uang gk trusted lg yaudah hapus aja,2,,2023-06-02 06:52:13,"Hai Mita, mohon maaf sudah buat kamu ga nyaman ya. Untuk dapat kami bantu cek silakan hubungi kami melalui https://www.traveloka.com/id-id/contactus ya. Terima kasih. -NA",2023-06-02 07:13:53,
Kk Marike,aman nyaman yerpercaya,5,3.78.0,2023-06-02 06:29:00,"Halo Kak, terima kasih banyak atas ratingnya, semoga Kakak tetap nyaman dan selau setia menjadi pelanggan Traveloka. Yuk Kak pantengin terus Traveloka Lifestyle Super App karna kami selalu berikan promo-promo yg menarik loooh, jangan sampai ketinggalan ya :)",2023-06-02 06:42:07,3.78.0
Anty Channel,"Belum pernah pakai, tapi in syaa Allah amanah",5,3.6.0,2023-06-02 06:11:57,"Halo Kak, terima kasih banyak atas ratingnya, semoga Kakak tetap nyaman dan selau setia menjadi pelanggan Traveloka. Yuk Kak pantengin terus Traveloka Lifestyle Super App karna kami selalu berikan promo-promo yg menarik loooh, jangan sampai ketinggalan ya :)",2023-06-02 06:42:15,3.6.0
Lamhot Siregar,mantap,5,3.77.1,2023-06-02 05:28:01,"Halo Kak, terima kasih banyak atas ratingnya, semoga Kakak tetap nyaman dan selau setia menjadi pelanggan Traveloka. Yuk Kak pantengin terus Traveloka Lifestyle Super App karna kami selalu berikan promo-promo yg menarik loooh, jangan sampai ketinggalan ya :)",2023-06-02 05:42:12,3.77.1
Queen Na11,Eror truss,2,3.77.1,2023-06-02 05:06:36,"Hai, Kak. Mohon maaf atas ketidaknyamanannya. Untuk membantu kami memahami kendala kamu, mohon bantuannya untuk menyampaikan kendala kamu beserta foto/screenshot bukti kendalanya melalui https://www.traveloka.com/id-id/contactus agar kami dapat bantu cek lebih lanjut. Terima kasih. -SY",2023-06-02 05:14:05,3.77.1
Aldo Rado07,"Kenapa setelah update, jadi sering keluar sendiri saat membuka aplikasi nya",3,3.77.1,2023-06-02 04:51:38,"Hai, Aldo. Mohon maaf atas ketidaknyamanannya. Dipastikan untuk kenyamanan pengguna Traveloka, kami akan perbaiki dan tingkatkan performa Traveloka. Pastikan jaringan kamu stabil dan jika kamu masih terkendala, mohon hubungi kami melalui tautan ini https://www.traveloka.com/contactus. Terima kasih. -SM",2023-06-02 05:17:48,3.77.1
Jelly Djababu,👍,5,3.77.1,2023-06-02 04:42:50,"Hai Kak, terima kasih sudah menggunakan Traveloka dan rating yang kamu berikan. Jika ada pertanyaan atau kendala yang bisa kami bantu, silakan hubungi kami melalui https://www.traveloka.com/id-id/contactus ya. Terima kasih. -NA",2023-06-02 05:14:24,3.77.1
LIMA MENIT BERMANFAAT,mantap,5,3.77.1,2023-06-02 04:41:43,"Halo Kak, terima kasih banyak atas ratingnya, semoga Kakak tetap nyaman dan selau setia menjadi pelanggan Traveloka. Yuk Kak pantengin terus Traveloka Lifestyle Super App karna kami selalu berikan promo-promo yg menarik loooh, jangan sampai ketinggalan ya :)",2023-06-02 04:42:07,3.77.1
Hendra Agustya,Tidak bisa meng download aplikasi traveloka selalu coba lagi dan selalu error.,5,,2023-06-02 04:06:32,"Hai Hendra. Mohon maaf atas ketidaknyamanan yang kamu alami. Terkait kendala kamu, mohon pastikan koneksi internet kamu stabil dan storage masih tersedia ya. Jika butuh bantuan lebih lanjut, silakan menghubungi kami melalui https://www.traveloka.com/id-id/contactus. Terima kasih. -MZ",2023-06-02 04:18:47,
Jempol polan,"Sampai saat ini aplikasi traveloka gak bisa log in, Setiap buka pasti diminta konfirmasi WA atau SMS, tapi kode gak dikirim. WA dan SMS tidak dikirim, sinyal HP bisa nerima yg lain hny dari traveloka gak fungsi",2,3.78.0,2023-06-02 03:47:02,"Hai, Kak. Mohon maaf sebelumnya. Untuk membantu kami memahami kendala login kamu, mohon bantuannya untuk menyampaikan kendala kamu melalui https://www.traveloka.com/contactus agar kami dapat bantu cek lebih lanjut. Terima kasih. -VK",2023-06-02 04:15:02,3.78.0
Dave Raweyai,sangat membantu dlm pencarian hotel maupun pesawat,5,3.77.1,2023-06-02 03:41:17,"Halo Kak, terima kasih banyak atas ratingnya, semoga Kakak tetap nyaman dan selau setia menjadi pelanggan Traveloka. Yuk Kak pantengin terus Traveloka Lifestyle Super App karna kami selalu berikan promo-promo yg menarik loooh, jangan sampai ketinggalan ya :)",2023-06-02 03:42:06,3.77.1
Tiara audita Candra,this app perfect for travelling,4,3.77.1,2023-06-02 02:49:57,"Hi, we are so grateful to get a lot of support from you. Hope you continue to enjoy our offers. If you have any feedback or suggestions, let us know on https://www.traveloka.com/contactus, our customer service would love to serve you in 24 hours. Thank you!",2023-06-02 03:12:09,3.77.1
fervar costa,sll ok,5,3.77.1,2023-06-02 02:43:24,Thank you for leaving a good comment to us. Let us know if you have any suggestion for improvement through https://www.traveloka.com/contactus . Stay around for more interesting offers from Traveloka Lifestyle Super App!,2023-06-02 03:12:12,3.77.1
Yans Bast,Kami pengguna traveloka kenapa iklan selalu mengganggu aktifitas kami puas layanan traveloka . KECEWA KAMI DI GANGGU IKLAN NYA,1,,2023-06-02 02:23:12,"Halo Kak. Mohon maaf buat kamu tidak nyaman. Kami sarankan kamu untuk non-aktifkan iklan yang muncul. Silakan klik titik tiga di pojok kanan atas pada halaman browser kamu, lalu masuk ke menu ""setelan"" dan pilih ""setelan situs"" dan klik non-aktifkan pop up dan pengalihan ya. Terima kasih. -MZ",2023-06-02 02:43:37,
Mokhamad Toha,👍 terima kasih saya,5,3.77.1,2023-06-02 01:33:22,"Halo Kak, terima kasih banyak atas ratingnya, semoga Kakak tetap nyaman dan selau setia menjadi pelanggan Traveloka. Yuk Kak pantengin terus Traveloka Lifestyle Super App karna kami selalu berikan promo-promo yg menarik loooh, jangan sampai ketinggalan ya :)",2023-06-02 01:42:06,3.77.1
Bambang Nurdiansyah,sangat membantu,5,3.77.1,2023-06-02 00:28:11,"Halo Kak, terima kasih banyak atas ratingnya, semoga Kakak tetap nyaman dan selau setia menjadi pelanggan Traveloka. Yuk Kak pantengin terus Traveloka Lifestyle Super App karna kami selalu berikan promo-promo yg menarik loooh, jangan sampai ketinggalan ya :)",2023-06-02 00:42:06,3.77.1
Cesario Tarigan,sangat membantu,5,3.74.0,2023-06-02 00:20:32,"Hi Kak, senang banget nih dapat rating bagus dari Kakak, terima kasih juga atas feedbacknya! Kenyamanan Kakak adalah prioritas Kami, jika ada pertanyaan lainnya jangan sungkan ya untuk infokan pada kami di https://www.traveloka.com/contactus . Jangan sampai ketinggalan penawaran menarik lainnya di Traveloka Lifestye Super Apps.",2023-06-02 00:42:10,3.74.0
MR. SANHIFA Channel,g pake ribet.... tx,5,3.77.1,2023-06-02 00:14:49,"Hi Kak, terima kasih atas feedbacknya, semoga Kakak tetap setia dengan Traveloka. Jika ada pertanyaan lain bisa langsung infokan pada kami di https://www.traveloka.com/contactus ya, Kak. Pantau terus Traveloka Lifestyle Super App untuk penawaran spesial lainnya!",2023-06-02 00:42:13,3.77.1
Mustakim Takim,Sangat membantu klo mau bepergian ..,5,3.77.1,2023-06-01 22:36:28,"Halo Kak, terima kasih banyak atas ratingnya, semoga Kakak tetap nyaman dan selau setia menjadi pelanggan Traveloka. Yuk Kak pantengin terus Traveloka Lifestyle Super App karna kami selalu berikan promo-promo yg menarik loooh, jangan sampai ketinggalan ya :)",2023-06-01 22:42:10,3.77.1
Anggie Noell,Setiap pesan 2 pesanan slalu yg 1 nya e tiket tertunda. Tolong di perbaiki,2,3.77.1,2023-06-01 20:40:26,"Hai, Kak Anggie. Mohon maaf sudah membuat kamu nggak nyaman. Terima kasih juga atas perhatian dan sarannya. Kami akan menyampaikan hal tersebut ke manajemen kami mengenai saran yang kamu sampaikan demi kenyamanan pelanggan setia kami dalam melakukan pemesanan di masa yang akan datang. -RZ",2023-06-01 20:47:21,3.77.1
Roby Nur Alamsyah,"good, tapi sayang paylater belum bisa di gunakan",3,3.77.1,2023-06-01 17:41:08,"Hai, Roby. Maaf sebelumnya ya. Apabila kamu ada kendala perihal akun PayLater. Silakan menghubungi kami melalui email di cs@traveloka.com dengan menginfokan detail akun PayLater kamu. Nantinya kami akan lakukan pengecekan lebih lanjut. Terima kasih. -IN",2023-06-01 17:46:14,3.77.1
Zicco Putratama,tetap semangat,5,3.77.1,2023-06-01 16:20:23,"Halo Kak, terima kasih banyak atas ratingnya, semoga Kakak tetap nyaman dan selau setia menjadi pelanggan Traveloka. Yuk Kak pantengin terus Traveloka Lifestyle Super App karna kami selalu berikan promo-promo yg menarik loooh, jangan sampai ketinggalan ya :)",2023-06-01 16:42:08,3.77.1
Arya Sukamdan Yamin,"Parah, udah trf tp hotel atau kamarnya penuh, lantas dananya gak lsg kembali malah d suruh nunggu 3-5 hari kerja",1,,2023-06-01 16:13:44,"Hai, Arya. Mohon maaf atas ketidaknyamanannya. Untuk proses refund akan membutuhkan waktu. Apabila proses refund kamu adalah transfer, mohon untuk ditunggu dalam waktu 2-5 hari kerja ya. Terima kasih. -IN",2023-06-01 16:45:15,
Mika Mei,kwalitas pertahankan,5,3.77.1,2023-06-01 15:41:37,"Halo Kak, terima kasih banyak atas ratingnya, semoga Kakak tetap nyaman dan selau setia menjadi pelanggan Traveloka. Yuk Kak pantengin terus Traveloka Lifestyle Super App karna kami selalu berikan promo-promo yg menarik loooh, jangan sampai ketinggalan ya :)",2023-06-01 15:42:07,3.77.1
Frenly Tatarang,Aplikasinya menbantu,5,3.77.1,2023-06-01 14:37:30,"Halo Kak, terima kasih banyak atas ratingnya, semoga Kakak tetap nyaman dan selau setia menjadi pelanggan Traveloka. Yuk Kak pantengin terus Traveloka Lifestyle Super App karna kami selalu berikan promo-promo yg menarik loooh, jangan sampai ketinggalan ya :)",2023-06-01 14:42:07,3.77.1
ade rahmat,ok,5,3.76.0,2023-06-01 14:35:01,"Hi, we are so grateful to get a lot of support from you. Hope you continue to enjoy our offers. If you have any feedback or suggestions, let us know on https://www.traveloka.com/contactus, our customer service would love to serve you in 24 hours. Thank you!",2023-06-01 14:42:10,3.76.0
Ayu ashari,ok banget,5,3.77.1,2023-06-01 14:22:50,"Makasih sudah menjadi pelanggan setia Traveloka, Ayu :). -OR",2023-06-01 14:49:58,3.77.1
Achmad Fay,keren,5,3.77.1,2023-06-01 14:16:03,"Hi Kak, terima kasih atas feedbacknya, semoga Kakak tetap setia dengan Traveloka. Jika ada pertanyaan lain bisa langsung infokan pada kami di https://www.traveloka.com/contactus ya, Kak. Pantau terus Traveloka Lifestyle Super App untuk penawaran spesial lainnya!",2023-06-01 14:42:13,3.77.1
pandi hendarta,baik,5,3.77.1,2023-06-01 13:48:07,"Halo Kak, terima kasih banyak atas ratingnya, semoga Kakak tetap nyaman dan selau setia menjadi pelanggan Traveloka. Yuk Kak pantengin terus Traveloka Lifestyle Super App karna kami selalu berikan promo-promo yg menarik loooh, jangan sampai ketinggalan ya :)",2023-06-01 14:12:07,3.77.1
Rahmat Hidayattulloh,Sekarang fitur pembelian bioskop sudah ga ada ya?,1,3.77.1,2023-06-01 13:44:20,"Halo Rahmat, makasih atas antusias kamu ya. Kami menghentikan layanan Movies dari penyedia CGV sejak tanggal 6 Februari 2023 pada pukul 00:00. Oleh karena itu, layanan Movies dari penyedia CGV tidak lagi dapat ditemukan dan dipesan melalui Traveloka ya. Terima kasih. -OR",2023-06-01 14:14:54,3.77.1
dede suherman,Is the best,5,3.77.1,2023-06-01 13:41:02,"Hi, thank you very much for the positive review! Please feel free to contact us at https://www.traveloka.com/contactus we're more than happy to assist you and Stay tuned for more exciting offers on Traveloka Lifestyle Super App.",2023-06-01 13:42:08,3.77.1
Muhtar Utha,Mantap lah,5,3.77.1,2023-06-01 13:33:33,"Hi Kak, terima kasih atas feedbacknya, semoga Kakak tetap setia dengan Traveloka. Jika ada pertanyaan lain bisa langsung infokan pada kami di https://www.traveloka.com/contactus ya, Kak. Pantau terus Traveloka Lifestyle Super App untuk penawaran spesial lainnya!",2023-06-01 13:42:14,3.77.1
Diki Awaludin,Harga nya cepet sekali berubah jd mahal,1,3.77.1,2023-06-01 13:19:18,"Hai Diki, pada dasarnya untuk harga tiket yang ingin kamu pesan pada dasarnya mengikuti harga tiket terupdate. Kamu juga bisa gunakan kode promo yang tertera pada link promo berikut : https://www.traveloka.com/id-id/promotion Terima kasih. -AK",2023-06-01 13:46:25,3.77.1
zuhrafal Fikri Mumtaz,Waduh kenapa ya gabisa pake bca mobile dalam metode pembayarannya?,2,,2023-06-01 12:48:42,"Hai Zuhrafal, untuk melakukan pembayaran pesanan kamu, kamu bisa pilih menu transfer biasa ya. Jika masih terkendala dalam pembayaran, kamu bisa hubungi kami melalui https://www.traveloka.com/id-id/contactus ya. Terima kasih. -NA",2023-06-01 13:13:40,
roby canopus,ok,5,3.77.1,2023-06-01 12:07:07,"Hi, thank you very much for the positive review! Please feel free to contact us at https://www.traveloka.com/contactus we're more than happy to assist you and Stay tuned for more exciting offers on Traveloka Lifestyle Super App.",2023-06-01 12:12:06,3.77.1
a. jayadi,"Akun paylater sy ga diapa apain tiba tiba di blok, ga akan maju traveloka, sama aja mempermainkan konsumen. Alasan ada transaksi mencurigakan,, orang ga transaksi apapun, emang ga bisa apa dicek sistem. #teamterkaiteror",1,3.77.1,2023-06-01 11:31:16,"Hai Jayadi, mohon maaf atas ketidaknyamanannya. Terkait dengan penutupan akun bisa dikarenakan beberapa faktor. Untuk dapat kami bantu pengecekan silakan hubungi kami melalui https://www.traveloka.com/id-id/contactus ya. Terima kasih. -NA",2023-06-01 11:45:38,3.77.1
Guntur Putra,Coba hilangkan indomaret dari pilihan pembayaran karna sering offline,5,3.77.1,2023-06-01 11:00:35,"Terima kasih untuk saran dan masukkannya Kak Guntur, kedepannya kami akan meningkatkan metode pembayaran yang dapat kami gunakan untuk melakukan pembayaran pesanan ya Kak. Terima kasih. -AK",2023-06-01 11:14:40,3.77.1
Dicky Duta Ginayanda,"metode pembayaran kurang lengkap, dan kurang intruksi untuk pembayaran",4,3.77.1,2023-06-01 10:57:55,"Terima kasih untuk saran dan masukkannya, saran kamu mimin tampung terlebih dahulu untuk meningkatkan pelayanan kami ya Kak. -AK",2023-06-01 11:17:13,3.77.1
Fauziyah Khairunnisa,Oke,5,,2023-06-01 10:55:04,"Hai, Fauziyah. Terima kasih untuk review dan bintang 5 yang kamu berikan ya, mimin senang banget deh lihatnya hehehe. Sehat dan sukses selalu buat kamu serta keluarga. Mimin tunggu pesanan kamu selanjutnya :) -AM",2023-06-01 11:14:09,
Andre Setiawan Oen,keep improve,5,3.77.1,2023-06-01 10:53:18,"Hi, thank you very much for the positive review! Please feel free to contact us at https://www.traveloka.com/contactus we're more than happy to assist you and Stay tuned for more exciting offers on Traveloka Lifestyle Super App.",2023-06-01 11:12:09,3.77.1
Admiral Akbar,Uda mau bayar tapi di persulit pembayaran kode pembayaran tidak keluar selalu keluar di menu awal terus gimana mau bayar apa di sengaja biar kenak denda telat pembayaran!!!!!,1,3.77.1,2023-06-01 10:31:15,"Hi Kak, senang banget nih dapat rating bagus dari Kakak, terima kasih juga atas feedbacknya! Kenyamanan Kakak adalah prioritas Kami, jika ada pertanyaan lainnya jangan sungkan ya untuk infokan pada kami di https://www.traveloka.com/contactus . Jangan sampai ketinggalan penawaran menarik lainnya di Traveloka Lifestye Super Apps.",2023-05-11 23:42:10,3.77.1
Kusnanto Nugroho,Yuk bisa reschdule saya kasih bintang 5 lagi,1,3.49.1,2023-06-01 10:28:32,"Hai Kusnanto, kalau kamu memiliki kendala ataupun pertanyaan perihal pemesanan pada aplikasi Traveloka kamu dengan melampirkan bukti screenshot kendala dan nomor pesanan Traveloka kamu melalui email kami di cs@traveloka.com. Terima kasih. -AK",2023-06-01 10:43:39,3.49.1
Ghazian Dzakidelandra,Traveloka eats kok ga bisa di buka padahal sudah update terus tolong dong di perbaiki kalau ga bisa perbaiki hapus aja Traveloka eats nya,1,3.77.1,2023-06-01 10:23:36,"Hai Ghazian, mohon maaf atas ketidaknyamanannya. Kami infokan bahwa layanan Traveloka Eats dan Send telah dihentikan sebagai bagian dari strategi dan prioritas bisnis kami pada tanggal 31 Oktober 2022. Jika ada pertanyaan atau kendala yang bisa kami bantu, silakan hubungi kami melalui https://www.traveloka.com/id-id/contactus ya. Terima kasih. -NA",2023-06-01 10:46:28,3.77.1
Boro Kokok,cepat murah keren,5,3.76.0,2023-06-01 10:08:33,"Halo Kak, terima kasih banyak atas ratingnya, semoga Kakak tetap nyaman dan selau setia menjadi pelanggan Traveloka. Yuk Kak pantengin terus Traveloka Lifestyle Super App karna kami selalu berikan promo-promo yg menarik loooh, jangan sampai ketinggalan ya :)",2023-06-01 10:12:07,3.76.0
Agus Leo Sumadia,Aplikasi utama kl bepergian 😁,5,3.78.0,2023-06-01 09:52:54,"Hi Kak, senang banget nih dapat rating bagus dari Kakak, terima kasih juga atas feedbacknya! Kenyamanan Kakak adalah prioritas Kami, jika ada pertanyaan lainnya jangan sungkan ya untuk infokan pada kami di https://www.traveloka.com/contactus . Jangan sampai ketinggalan penawaran menarik lainnya di Traveloka Lifestye Super Apps.",2023-06-01 10:12:10,3.78.0
agus darmawan,ok,5,3.78.0,2023-06-01 09:37:10,"Hi, thank you very much for the positive review! Please feel free to contact us at https://www.traveloka.com/contactus we're more than happy to assist you and Stay tuned for more exciting offers on Traveloka Lifestyle Super App.",2023-06-01 09:42:23,3.78.0
SITI RAHAYU,Kereeen,5,3.77.1,2023-06-01 08:49:02,"Hi Kak, terima kasih atas feedbacknya, semoga Kakak tetap setia dengan Traveloka. Jika ada pertanyaan lain bisa langsung infokan pada kami di https://www.traveloka.com/contactus ya, Kak. Pantau terus Traveloka Lifestyle Super App untuk penawaran spesial lainnya!",2023-06-01 09:12:14,3.77.1
Fajar Sidik,"Kenapa update perubahan jam penerbangan tidak terupdate di aplikasi traveloka dan tidak ada pemberitahuan. Pemberitahuan via WA itu sangat rentan terhadap scammer, jadi saran saya setiap perubahan/update harusnya langsung bisa di aplikasi.",1,,2023-06-01 07:57:57,"Halo Fajar, mohon maaf banget terkait hal ini ya. Boleh infokan rincian kendala yang dialami dan infokan juga nomor pesanannya via tautan ini https://www.traveloka.com/id-id/contactus supaya kami cek lebih lanjut ya Kak. Terima kasih. -OR",2023-06-01 08:14:27,
Bagus Arif wibowo,keren abis,5,,2023-06-01 07:52:53,"Terima kasih ya kak untuk penilaian kamu Kak Bagus, jangan lupa selalu pesan menggunakan aplikasi Traveloka untuk menjadi teman liburan kamu dan jangan ragu menghubungi kami melalui alamat email kami di cs@traveloka.com jika mendapati kendala terkait pemesanan kamu ya kak. Terima kasih -AK",2023-06-01 08:13:03,
Mr Julianto,baik,5,3.77.1,2023-06-01 07:40:53,"Makasih sudah menjadi pelanggan setia Traveloka, Kak Julianto :). -OR",2023-06-01 07:44:04,3.77.1
Muhammad Rivai,ok,5,3.77.1,2023-06-01 07:27:14,"Terima kasih ya kak untuk penilaian kamu Kak Rivai, jangan lupa selalu pesan menggunakan aplikasi Traveloka untuk menjadi teman liburan kamu dan jangan ragu menghubungi kami melalui alamat email kami di cs@traveloka.com jika mendapati kendala terkait pemesanan kamu ya kak. Terima kasih -AK",2023-06-01 07:43:54,3.77.1
devi nuraini,cepat bagus pelayanan nya 👍👍,5,3.77.1,2023-06-01 06:43:39,"Hai Devi. Terima kasih banyak atas ratingnya, semoga kamu tetap nyaman dan selalu setia menjadi pelanggan Traveloka. Yuk Kak pantengin terus Traveloka Lifestyle Super App karna kami selalu berikan promo-promo yang menarik. Jangan sampai ketinggalan ya. :) -NT",2023-06-01 07:28:35,3.77.1
Nitia Gumiarti,"Tolong dong traveloka ,,, jangan asal main naik turun limit seenaknyaa... anda itu kan butuh nasabah kecuali kalau saya bayarnya ga lancar... sisa limit masih ada tiba tiba seenaknya diturunin.. trs jadi 0 ,pdhl bayar lancar ga ada tunggakan.. anda ini NIAT GA NGASIH LIMIT KE NASABAH?? sebel bgt gw berasa dimaenin sama nih aplikasi.. saya itu justru nasabah tanggung jawab..sering pakai juga.. lah ini naik turunin limit seenaknya. kecewa saya lama lama ga akan saya pake lagi jg nih bikin kapok",1,3.77.1,2023-06-01 06:32:19,"Hai, Nitia. Maaf ya buat kendala yang terjadi. Pada dasarnya untuk kenaikan limit PayLater dipengaruhi oleh pembelian yang kamu lakukan. Boleh dibantu infokan alamat e-mail, nomor telepon dan nama lengkap yang terdaftar di akun PayLater melalui link https://www.traveloka.com/id-id/contactus agar kami bisa bantu cek lebih lanjut. Terima kasih. -RF",2023-06-01 06:47:41,3.77.1
Agus Tantowi,lancar,4,3.77.1,2023-06-01 06:30:07,"Halo Kak, terima kasih banyak atas ratingnya, semoga Kakak tetap nyaman dan selau setia menjadi pelanggan Traveloka. Yuk Kak pantengin terus Traveloka Lifestyle Super App karna kami selalu berikan promo-promo yg menarik loooh, jangan sampai ketinggalan ya :)",2023-06-01 06:42:08,3.77.1
Rauziah Irau,"Meleset, payleter g disetujui padahal udh langganan",1,,2023-06-01 06:12:42,"Hai, Rauziah. Untuk disetujui atau tidaknya pendaftaran PayLater merupakan kebijakan penuh dari tim analis PayLater Traveloka ya. Kalau ada hal yang ingin kamu tanyakan, silakan klik link https://www.traveloka.com/id-id/contactus agar kami bisa bantu cek lebih lanjut. Terima kasih. -RF",2023-06-01 06:48:40,
Ettanya Ganes,"Ketika pesan tiket harga tertera 800ribuan ketika mengisi bagian pembayaran langsung tertulis ""harga tiket telah berubah"".. sudah sy coba 20x seperti itu terus.. ini bug aplikasi atau sengaja prank calon konsumen..",1,3.77.1,2023-06-01 06:08:39,"Hai, Ganes. Harga yang tertera di Traveloka bersifat fluktuatif sesuai dengan kebijakan maskapai ya. Yuk cek berkala untuk mendapatkan harga yang kamu inginkan. Jangan lupa pantau terus promo yang sedang berlangsung atau kamu bisa aktifkan fitur Price Alerts untuk mendapatkan harga yang sesuai dengan keinginan kamu. Terima kasih. -AM",2023-06-01 06:15:18,3.77.1
susi delfianti,"Dengan traveloka semua jadi mudah ,sukses dan maju selalu Traveloka",5,3.77.1,2023-06-01 06:00:49,"Halo Kak, terima kasih banyak atas ratingnya, semoga Kakak tetap nyaman dan selau setia menjadi pelanggan Traveloka. Yuk Kak pantengin terus Traveloka Lifestyle Super App karna kami selalu berikan promo-promo yg menarik loooh, jangan sampai ketinggalan ya :)",2023-06-01 06:12:06,3.77.1
Geogeo Geoffrey,"Otp nya gak jelas,salah terus",1,3.58.0,2023-06-01 05:57:53,"Hai Kak, mohon maaf sudah buat kamu ga nyaman. Supaya bisa kami bantu cek mengenai kendala OTP kamu, silakan hubungi kami melalui https://www.traveloka.com/id-id/contactus ya. Terima kasih. -NA",2023-06-01 06:14:35,3.58.0
Muhamad Afif,"Saya sangat kecewa dengan layanan Traveloka, waktu keberangkatan dengan di bandara tidak sesuai dan mengakibatkan tiket saya hangus, tidak jadi berangkat, khususnya Citilink saya sangat kecewa, sangat kecewa.. Apakah tidak ada keringanan kembali bagi saya.",1,3.77.1,2023-06-01 05:55:07,"Hai, Afif. Maaf banget ya buat kendala yang terjadi. Boleh dibantu infokan nomor pemesanan dan detail kendala tersebut melalui link https://www.traveloka.com/contactus ya. Kami akan berusaha untuk membantu kendala kamu. Terima kasih. -RF",2023-06-01 06:14:36,3.77.1
Ressa Bhara,sangat baik,5,3.77.1,2023-06-01 05:00:46,"Halo Kak, terima kasih banyak atas ratingnya, semoga Kakak tetap nyaman dan selau setia menjadi pelanggan Traveloka. Yuk Kak pantengin terus Traveloka Lifestyle Super App karna kami selalu berikan promo-promo yg menarik loooh, jangan sampai ketinggalan ya :)",2023-06-01 05:12:09,3.77.1
Yudo Adrian,Selalu pakai traveloka,5,3.77.1,2023-06-01 04:52:20,"Hi Kak, senang banget nih dapat rating bagus dari Kakak, terima kasih juga atas feedbacknya! Kenyamanan Kakak adalah prioritas Kami, jika ada pertanyaan lainnya jangan sungkan ya untuk infokan pada kami di https://www.traveloka.com/contactus . Jangan sampai ketinggalan penawaran menarik lainnya di Traveloka Lifestye Super Apps.",2023-06-01 05:12:12,3.77.1
Galih Raka,lumayaan,4,3.77.1,2023-06-01 04:43:48,"Hai Galih, terima kasih sudah menggunakan Traveloka. Jika ada pertanyaan atau kendala yang bisa kami bantu, silakan hubungi kami melalui https://www.traveloka.com/id-id/contactus ya. Terima kasih. -NA",2023-06-01 05:27:26,3.77.1
Tohari Banyuwangi,terbantu skli,5,3.77.1,2023-06-01 03:29:53,"Halo Kak, terima kasih banyak atas ratingnya, semoga Kakak tetap nyaman dan selau setia menjadi pelanggan Traveloka. Yuk Kak pantengin terus Traveloka Lifestyle Super App karna kami selalu berikan promo-promo yg menarik loooh, jangan sampai ketinggalan ya :)",2023-06-01 03:42:07,3.77.1
marlys lys,ok,5,3.78.0,2023-06-01 02:53:44,"Hi, thank you very much for the positive review! Please feel free to contact us at https://www.traveloka.com/contactus we're more than happy to assist you and Stay tuned for more exciting offers on Traveloka Lifestyle Super App.",2023-06-01 03:12:06,3.78.0
Dira JR,"saya melakukan transaksi pembayaran hotel pada tanggal 29 mei 2023 dgn paylater,tapi langsung 1x pembayaran tanpa mengambil pencicilan.. tapi di sistim saya tertera pencicilan 12 bulan.. kalian sebagai admin ingin berbuat curang apa gimana? saya tidak terima..",1,,2023-06-01 02:36:22,"Hai Dira. Maag buat kamu tidak nyaman. Untuk dapat kami bantu cek lebih lanjut, mohon hubungi kami melalui link https://www.traveloka.com/id-id/contactus atau juga bisa hubungi langsung akun IG Traveloka PayLater https://www.instagram.com/travelokapaylater/ jika membutuhkan bantuan soal PayLater. Terima kasih. -RM",2023-06-01 02:44:44,
Deliyanti Deliyanti,makasih,5,3.32.0,2023-06-01 02:29:36,"Hi Kak, senang banget nih dapat rating bagus dari Kakak, terima kasih juga atas feedbacknya! Kenyamanan Kakak adalah prioritas Kami, jika ada pertanyaan lainnya jangan sungkan ya untuk infokan pada kami di https://www.traveloka.com/contactus . Jangan sampai ketinggalan penawaran menarik lainnya di Traveloka Lifestye Super Apps.",2023-06-01 02:42:11,3.32.0
Sport Live,thanks Traveloka,5,3.77.1,2023-06-01 01:55:21,"Hi, thank you very much for the positive review! Please feel free to contact us at https://www.traveloka.com/contactus we're more than happy to assist you and Stay tuned for more exciting offers on Traveloka Lifestyle Super App.",2023-06-01 02:12:20,3.77.1
heru yunanda,Aplikasi sangat jelek. Mnta bukakan akun yg dibekukan ga ada respon Klian. Harus nlvn berbayar yg sangat mahal dan bertele tele,1,3.78.0,2023-06-01 01:47:27,"Halo Heru. Mohon maaf atas ketidaknyamanan kamu. Terkait laporan kamu, silakan menghubungi kami melalui https://www.traveloka.com/id-id/contactus untuk pengecekan lebih lanjut. Terima kasih. -MZ",2023-06-01 02:16:34,3.78.0
Mohamad Ichsan,cepat,4,3.77.1,2023-06-01 01:45:27,"Hi Kak, senang banget nih dapat rating bagus dari Kakak, terima kasih juga atas feedbacknya! Kenyamanan Kakak adalah prioritas Kami, jika ada pertanyaan lainnya jangan sungkan ya untuk infokan pada kami di https://www.traveloka.com/contactus . Jangan sampai ketinggalan penawaran menarik lainnya di Traveloka Lifestye Super Apps.",2023-06-01 02:12:24,3.77.1
Sepri Kamalo,sangat puas,5,3.56.1,2023-06-01 01:16:33,"Halo Kak, terima kasih banyak atas ratingnya, semoga Kakak tetap nyaman dan selau setia menjadi pelanggan Traveloka. Yuk Kak pantengin terus Traveloka Lifestyle Super App karna kami selalu berikan promo-promo yg menarik loooh, jangan sampai ketinggalan ya :)",2023-06-01 01:42:08,3.56.1
Irawan Maja,bagus,5,3.77.1,2023-06-01 01:00:33,"Halo Kak, terima kasih banyak atas ratingnya, semoga Kakak tetap nyaman dan selau setia menjadi pelanggan Traveloka. Yuk Kak pantengin terus Traveloka Lifestyle Super App karna kami selalu berikan promo-promo yg menarik loooh, jangan sampai ketinggalan ya :)",2023-06-01 01:12:08,3.77.1
Dedi Purnomo,mantap,4,3.77.1,2023-06-01 00:56:18,"Hi Kak, senang banget nih dapat rating bagus dari Kakak, terima kasih juga atas feedbacknya! Kenyamanan Kakak adalah prioritas Kami, jika ada pertanyaan lainnya jangan sungkan ya untuk infokan pada kami di https://www.traveloka.com/contactus . Jangan sampai ketinggalan penawaran menarik lainnya di Traveloka Lifestye Super Apps.",2023-06-01 01:12:11,3.77.1
Shafa Goda,good,5,3.76.0,2023-05-31 23:54:51,"Hi, thank you very much for the positive review! Please feel free to contact us at https://www.traveloka.com/contactus we're more than happy to assist you and Stay tuned for more exciting offers on Traveloka Lifestyle Super App.",2023-06-01 00:12:07,3.76.0
edo all rojak,proses cepat,5,3.77.1,2023-05-31 23:32:21,"Halo Kak, terima kasih banyak atas ratingnya, semoga Kakak tetap nyaman dan selau setia menjadi pelanggan Traveloka. Yuk Kak pantengin terus Traveloka Lifestyle Super App karna kami selalu berikan promo-promo yg menarik loooh, jangan sampai ketinggalan ya :)",2023-05-31 23:42:07,3.77.1
Bay Rendy,mantapppp,5,3.57.0,2023-05-31 23:04:05,"Halo Kak, terima kasih banyak atas ratingnya, semoga Kakak tetap nyaman dan selau setia menjadi pelanggan Traveloka. Yuk Kak pantengin terus Traveloka Lifestyle Super App karna kami selalu berikan promo-promo yg menarik loooh, jangan sampai ketinggalan ya :)",2023-05-31 23:12:11,3.57.0
Dedi Kurniawan,good op,5,3.77.1,2023-05-31 21:31:20,"Hi, Dedi. Thank you for your feedback. If you have any questions, don't hesitate to contact us. And please contact us by tapping the chat icon at the top right of your Traveloka application main page, via email at cs@traveloka.com or at phone number 08041500308. Thank you. -IN",2023-05-31 21:43:56,3.77.1
agus ismail,mantap,5,3.78.0,2023-05-31 21:21:24,"Halo Kak, terima kasih banyak atas ratingnya, semoga Kakak tetap nyaman dan selau setia menjadi pelanggan Traveloka. Yuk Kak pantengin terus Traveloka Lifestyle Super App karna kami selalu berikan promo-promo yg menarik loooh, jangan sampai ketinggalan ya :)",2023-05-31 21:42:08,3.78.0
M. Arif,Always be sukses for You,5,,2023-05-31 21:09:03,"Hi, thank you very much for the positive review! Please feel free to contact us at https://www.traveloka.com/contactus we're more than happy to assist you and Stay tuned for more exciting offers on Traveloka Lifestyle Super App.",2023-05-31 21:12:07,
Muhammad Ramadhani,Untuk nominal tidak melebih tapi tiap pakay Paylater tidak bsa,1,,2023-05-31 16:20:01,"Hai Kak Ramadhani, pastikan nominal pesanan kamu tidak melebihi limit PayLater yang didapatkan. Untuk memudahkan mimin bantu cek, silakan kamu sampaikan email dan nomor PayLater kamu melalui https://www.traveloka.com/id-id/contactus. Terima kasih -DZ",2023-05-31 16:14:38,
Muhammad Arif gunawan,Oke,5,,2023-05-31 16:03:25,"Hai, Arif. Terima kasih atas penilaian dan feedback dari kamu, kami akan terus meningkatkan kepuasan para pengguna. Jika ada pertanyaan lainnya jangan sungkan ya untuk infokan pada kami di https://www.traveloka.com/contactus. Jangan sampai ketinggalan penawaran menarik lainnya di Traveloka Lifestye Super Apps. Terima kasih. -KK",2023-05-31 16:14:42,
Rois Syaifudin Zuhri,tambahin transfer ke bank yang lain,5,3.77.1,2023-05-31 15:58:21,"Hai, Kak Rois. Terima kasih atas masukkannya. Tentunya hal tersebut menjadi perhatian dan fokus utama dari pihak manajemen Traveloka, untuk kedepannya kami akan terus meningkatkan dalam memberikan pelayanan yang maksimal dan prima kepada pelanggan-pelanggan setia Traveloka. -RZ",2023-05-31 16:15:12,3.77.1
anggoro pangarso putro,baik,5,3.76.0,2023-05-31 15:51:19,"Halo Kak, terima kasih banyak atas ratingnya, semoga Kakak tetap nyaman dan selau setia menjadi pelanggan Traveloka. Yuk Kak pantengin terus Traveloka Lifestyle Super App karna kami selalu berikan promo-promo yg menarik loooh, jangan sampai ketinggalan ya :)",2023-05-31 16:12:11,3.76.0
tri anggorowati,good,5,3.77.1,2023-05-31 15:37:28,"Hi, thank you very much for the positive review! Please feel free to contact us at https://www.traveloka.com/contactus we're more than happy to assist you and Stay tuned for more exciting offers on Traveloka Lifestyle Super App.",2023-05-31 15:42:10,3.77.1
Mesak Pangrante,sangat membantu,5,3.77.1,2023-05-31 14:51:44,"Halo Kak, terima kasih banyak atas ratingnya, semoga Kakak tetap nyaman dan selau setia menjadi pelanggan Traveloka. Yuk Kak pantengin terus Traveloka Lifestyle Super App karna kami selalu berikan promo-promo yg menarik loooh, jangan sampai ketinggalan ya :)",2023-05-31 15:12:08,3.77.1
meylianty sopha,good,5,3.77.1,2023-05-31 14:09:01,"Hi, thank you very much for the positive review! Please feel free to contact us at https://www.traveloka.com/contactus we're more than happy to assist you and Stay tuned for more exciting offers on Traveloka Lifestyle Super App.",2023-05-31 14:12:15,3.77.1
Fillian josua Matindas,Nicee 👍👍👍,5,3.76.0,2023-05-31 12:31:53,"Hi, thank you very much for the positive review! Please feel free to contact us at https://www.traveloka.com/contactus we're more than happy to assist you and Stay tuned for more exciting offers on Traveloka Lifestyle Super App.",2023-05-31 12:42:07,3.76.0
LKP FOREVER 2.1,Nice one,5,3.76.0,2023-05-31 12:20:45,"Hi, we are so grateful to get a lot of support from you. Hope you continue to enjoy our offers. If you have any feedback or suggestions, let us know on https://www.traveloka.com/contactus, our customer service would love to serve you in 24 hours. Thank you!",2023-05-31 12:42:10,3.76.0
giyatno tgb,baik,5,3.77.1,2023-05-31 12:10:19,"Halo Kak, terima kasih banyak atas ratingnya, semoga Kakak tetap nyaman dan selau setia menjadi pelanggan Traveloka. Yuk Kak pantengin terus Traveloka Lifestyle Super App karna kami selalu berikan promo-promo yg menarik loooh, jangan sampai ketinggalan ya :)",2023-05-31 12:12:05,3.77.1
Rumianti Palopo,Bagus,5,,2023-05-31 11:06:41,"Hai kak, senangnya mendapat bintang lima dari kamu, terima kasih atas apresiasinya, semoga kaka tetap nyaman dan selau setia menjadi pelanggan Traveloka, yuk ka pantengin terus traveloka karna kami selalu berikan promo promo yg menarik loooh, jangan sampai ketinggalan ya. -DA",2023-05-31 11:39:02,
Fitriani Anva,Gajelass mau pembayaran ada aja yg diperbaiki ini udah top up malah gabisa tolonggg saldo saya gmna jadinya,1,,2023-05-31 11:00:05,"Halo Fitriani, mohon maaf banget terkait hal ini ya. Boleh infokan rincian kendala dan lampirkan bukti bayarnya pada tautan ini https://www.traveloka.com/id-id/contactus supaya mimin dicek lebih lanjut ya Kak. Terima kasih. -OR",2023-05-31 11:41:13,
Nrt yusup maulana,mantap,5,3.69.0,2023-05-31 10:56:40,"Hai, Kak Yusup. Senang banget dapat bintang lima dari Kakak, terima kasih atas apresiasinya. Semoga pengalaman Kakak bersama Traveloka selalu menyenangkan :) -RU",2023-05-31 11:40:38,3.69.0
Ronny Setiawati,cukup mudah proses reservasi,5,3.77.1,2023-05-31 10:55:58,"Makasih ya Kak Ronny, sudah setia bersama Traveloka :)) -DZ",2023-05-31 11:39:21,3.77.1
Romel Rahmadi,the best,3,3.76.0,2023-05-31 10:15:42,"Hi, Romel. Thank you for your appreciation. Hope you still be Traveloka's loyal customer. Stay tune and keep on us because we will give more about promos. Don't miss it! :) -RF",2023-05-31 10:46:35,3.76.0
apit kemprit,Bagus sekali,5,3.77.1,2023-05-31 09:31:58,"Halo Kak, terima kasih banyak atas ratingnya, semoga Kakak tetap nyaman dan selau setia menjadi pelanggan Traveloka. Yuk Kak pantengin terus Traveloka Lifestyle Super App karna kami selalu berikan promo-promo yg menarik loooh, jangan sampai ketinggalan ya :)",2023-05-31 09:42:39,3.77.1
Agust Wamo,ok,4,3.77.1,2023-05-31 09:15:12,Thank you for leaving a good comment to us. Let us know if you have any suggestion for improvement through https://www.traveloka.com/contactus . Stay around for more interesting offers from Traveloka Lifestyle Super App!,2023-05-31 09:42:45,3.77.1
lenhad dtt,oke lah,5,3.77.1,2023-05-31 09:15:06,"Halo Kak, terima kasih banyak atas ratingnya, semoga Kakak tetap nyaman dan selau setia menjadi pelanggan Traveloka. Yuk Kak pantengin terus Traveloka Lifestyle Super App karna kami selalu berikan promo-promo yg menarik loooh, jangan sampai ketinggalan ya :)",2023-05-31 09:42:48,3.77.1
ALI JOHANDA,Baik,5,3.77.1,2023-05-31 07:38:19,"Halo Kak, terima kasih banyak atas ratingnya, semoga Kakak tetap nyaman dan selau setia menjadi pelanggan Traveloka. Yuk Kak pantengin terus Traveloka Lifestyle Super App karna kami selalu berikan promo-promo yg menarik loooh, jangan sampai ketinggalan ya :)",2023-05-31 07:42:06,3.77.1
Rama Rachman,trima kasih atas kemudahannya,5,3.77.1,2023-05-31 07:13:18,"Hi Kak, terima kasih atas feedbacknya, semoga Kakak tetap setia dengan Traveloka. Jika ada pertanyaan lain bisa langsung infokan pada kami di https://www.traveloka.com/contactus ya, Kak. Pantau terus Traveloka Lifestyle Super App untuk penawaran spesial lainnya!",2023-05-31 07:42:13,3.77.1
muhammad triaprilianto,proses sangat cepat,4,3.77.1,2023-05-31 07:09:54,"Halo Kak, terima kasih banyak atas ratingnya, semoga Kakak tetap nyaman dan selau setia menjadi pelanggan Traveloka. Yuk Kak pantengin terus Traveloka Lifestyle Super App karna kami selalu berikan promo-promo yg menarik loooh, jangan sampai ketinggalan ya :)",2023-05-31 07:12:12,3.77.1
adetya rakhma bakti,terimakasih,5,3.77.1,2023-05-31 07:07:16,"Hi Kak, senang banget nih dapat rating bagus dari Kakak, terima kasih juga atas feedbacknya! Kenyamanan Kakak adalah prioritas Kami, jika ada pertanyaan lainnya jangan sungkan ya untuk infokan pada kami di https://www.traveloka.com/contactus . Jangan sampai ketinggalan penawaran menarik lainnya di Traveloka Lifestye Super Apps.",2023-05-31 07:12:16,3.77.1
Pdt Daud Handoko Wibowo,luar buasa,5,3.78.0,2023-05-31 06:51:04,Hai Daud. Makasih buat rating yang kamu berikan ya! Mimin tunggu pemesanan kamu selanjutnya di Traveloka :) -RM,2023-05-31 07:13:24,3.78.0
Riyan Siswoyo,nyaman.praktis,5,3.77.1,2023-05-31 06:37:13,"Halo Kak, terima kasih banyak atas ratingnya, semoga Kakak tetap nyaman dan selau setia menjadi pelanggan Traveloka. Yuk Kak pantengin terus Traveloka Lifestyle Super App karna kami selalu berikan promo-promo yg menarik loooh, jangan sampai ketinggalan ya :)",2023-05-31 06:42:07,3.77.1
lubik hartoyo06,Sangat mudah dalam mendapatkan ticket . Tidak perlu ribet cukup tekan semua sudah selesai .,4,3.78.0,2023-05-31 06:25:52,"Hi Kak, senang banget nih dapat rating bagus dari Kakak, terima kasih juga atas feedbacknya! Kenyamanan Kakak adalah prioritas Kami, jika ada pertanyaan lainnya jangan sungkan ya untuk infokan pada kami di https://www.traveloka.com/contactus . Jangan sampai ketinggalan penawaran menarik lainnya di Traveloka Lifestye Super Apps.",2023-05-31 06:42:09,3.78.0
Ivan Afandi,"layanan ok , proses mudah,sangat terbantu apalagi dgn paylatter nya",5,3.20.2,2023-05-31 06:10:23,"Halo Kak, terima kasih banyak atas ratingnya, semoga Kakak tetap nyaman dan selau setia menjadi pelanggan Traveloka. Yuk Kak pantengin terus Traveloka Lifestyle Super App karna kami selalu berikan promo-promo yg menarik loooh, jangan sampai ketinggalan ya :)",2023-05-31 06:12:09,3.20.2
Miduk Simbolon,bagus bangat...,5,3.77.1,2023-05-31 05:56:15,"Hi Kak, terima kasih atas feedbacknya, semoga Kakak tetap setia dengan Traveloka. Jika ada pertanyaan lain bisa langsung infokan pada kami di https://www.traveloka.com/contactus ya, Kak. Pantau terus Traveloka Lifestyle Super App untuk penawaran spesial lainnya!",2023-05-31 06:12:15,3.77.1
James James,Aplikasi yg sgt membantu.... Mksh traveloka,5,3.77.1,2023-05-31 05:06:51,"Hi Kak, senang banget nih dapat rating bagus dari Kakak, terima kasih juga atas feedbacknya! Kenyamanan Kakak adalah prioritas Kami, jika ada pertanyaan lainnya jangan sungkan ya untuk infokan pada kami di https://www.traveloka.com/contactus . Jangan sampai ketinggalan penawaran menarik lainnya di Traveloka Lifestye Super Apps.",2023-05-31 05:12:10,3.77.1
Rudy Irwanto,Sangat membantu sekali. Sangat Bagus.,5,3.77.1,2023-05-31 04:32:56,"Halo Kak, terima kasih banyak atas ratingnya, semoga Kakak tetap nyaman dan selau setia menjadi pelanggan Traveloka. Yuk Kak pantengin terus Traveloka Lifestyle Super App karna kami selalu berikan promo-promo yg menarik loooh, jangan sampai ketinggalan ya :)",2023-05-31 04:42:06,3.77.1
Arief Rahman,Mantul,5,3.77.1,2023-05-31 04:14:03,"Hi Kak, terima kasih atas feedbacknya, semoga Kakak tetap setia dengan Traveloka. Jika ada pertanyaan lain bisa langsung infokan pada kami di https://www.traveloka.com/contactus ya, Kak. Pantau terus Traveloka Lifestyle Super App untuk penawaran spesial lainnya!",2023-05-31 04:42:12,3.77.1
Dwi Priyambodo,cakep,5,3.77.1,2023-05-31 03:54:14,"Halo Kak, terima kasih banyak atas ratingnya, semoga Kakak tetap nyaman dan selau setia menjadi pelanggan Traveloka. Yuk Kak pantengin terus Traveloka Lifestyle Super App karna kami selalu berikan promo-promo yg menarik loooh, jangan sampai ketinggalan ya :)",2023-05-31 04:12:15,3.77.1
Ratna Hscloht,mantap banget promo nya,5,3.77.1,2023-05-31 03:53:41,"Hi Kak, senang banget nih dapat rating bagus dari Kakak, terima kasih juga atas feedbacknya! Kenyamanan Kakak adalah prioritas Kami, jika ada pertanyaan lainnya jangan sungkan ya untuk infokan pada kami di https://www.traveloka.com/contactus . Jangan sampai ketinggalan penawaran menarik lainnya di Traveloka Lifestye Super Apps.",2023-05-31 04:12:18,3.77.1
Budi Susilo,baik sekali,5,3.77.1,2023-05-31 03:18:17,"Halo Kak, terima kasih banyak atas ratingnya, semoga Kakak tetap nyaman dan selau setia menjadi pelanggan Traveloka. Yuk Kak pantengin terus Traveloka Lifestyle Super App karna kami selalu berikan promo-promo yg menarik loooh, jangan sampai ketinggalan ya :)",2023-05-31 03:42:07,3.77.1
Anggi Kurniawan,jos,4,3.77.1,2023-05-31 03:15:52,"Hai, Anggi. Senangnya mendapat bintang lima dari kamu, terima kasih atas apresiasinya, semoga kamu tetap nyaman dan selalu setia menjadi pelanggan Traveloka. Yuk pantengin terus Traveloka karena kami selalu berikan promo-promo yang menarik loooh :) -RF",2023-05-31 04:00:53,3.77.1
Tina Panjaitan,"keren banget sih, bisa dapet reward",5,3.77.1,2023-05-31 02:53:16,"Halo Kak, terima kasih banyak atas ratingnya, semoga Kakak tetap nyaman dan selau setia menjadi pelanggan Traveloka. Yuk Kak pantengin terus Traveloka Lifestyle Super App karna kami selalu berikan promo-promo yg menarik loooh, jangan sampai ketinggalan ya :)",2023-05-31 03:12:08,3.77.1
Matilde Correia,"Setelah update. Malah gak bisa bocking tiket pesawat. Sudah pake tujuan penerbangan pas klik cari harganya, langsung kembali ke beranda semula😴",1,3.77.1,2023-05-31 02:48:32,"Hai, Matilde. Mohon maaf atas ketidaknyamanannya. Untuk membantu kami memahami kendala kamu, mohon bantuannya untuk menginfokan secara detail kendala kamu melalui https://www.traveloka.com/id-id/contactus agar kami dapat bantu cek lebih lanjut. Terima kasih. -SY",2023-05-31 03:17:13,3.77.1
Suwandi Atsal,mantab..,5,3.77.1,2023-05-31 02:37:59,"Halo Kak, terima kasih banyak atas ratingnya, semoga Kakak tetap nyaman dan selau setia menjadi pelanggan Traveloka. Yuk Kak pantengin terus Traveloka Lifestyle Super App karna kami selalu berikan promo-promo yg menarik loooh, jangan sampai ketinggalan ya :)",2023-05-31 02:42:07,3.77.1
Usman amala,bagus,5,3.77.1,2023-05-31 02:01:19,"Halo Kak, terima kasih banyak atas ratingnya, semoga Kakak tetap nyaman dan selau setia menjadi pelanggan Traveloka. Yuk Kak pantengin terus Traveloka Lifestyle Super App karna kami selalu berikan promo-promo yg menarik loooh, jangan sampai ketinggalan ya :)",2023-05-31 02:12:11,3.77.1
Andi Mahdis,sangat membantu untuk perjalanan,5,3.77.1,2023-05-31 01:35:34,"Halo Kak, terima kasih banyak atas ratingnya, semoga Kakak tetap nyaman dan selau setia menjadi pelanggan Traveloka. Yuk Kak pantengin terus Traveloka Lifestyle Super App karna kami selalu berikan promo-promo yg menarik loooh, jangan sampai ketinggalan ya :)",2023-05-31 01:42:06,3.77.1
anggit risti subekti,jossss recommended pesan apapun tanpa ribett,5,3.77.1,2023-05-31 01:33:34,"Hi Kak, senang banget nih dapat rating bagus dari Kakak, terima kasih juga atas feedbacknya! Kenyamanan Kakak adalah prioritas Kami, jika ada pertanyaan lainnya jangan sungkan ya untuk infokan pada kami di https://www.traveloka.com/contactus . Jangan sampai ketinggalan penawaran menarik lainnya di Traveloka Lifestye Super Apps.",2023-05-31 01:42:09,3.77.1
M. Kevin Setiawan,mantap,5,3.77.1,2023-05-31 01:30:40,"Hi Kak, terima kasih atas feedbacknya, semoga Kakak tetap setia dengan Traveloka. Jika ada pertanyaan lain bisa langsung infokan pada kami di https://www.traveloka.com/contactus ya, Kak. Pantau terus Traveloka Lifestyle Super App untuk penawaran spesial lainnya!",2023-05-31 01:42:11,3.77.1
Ade Kurniawan,👍👍👍,5,3.77.1,2023-05-31 00:32:13,"Hai, Ade. Terima kasih banyak atas ratingnya. Semoga kamu tetap nyaman dan selalu setia menjadi pelanggan Traveloka. Yuk pantengin terus Traveloka Lifestyle Super App, karena kami selalu berikan promo-promo yang menarik. Jangan sampai ketinggalan ya :) -WR",2023-05-31 00:47:18,3.77.1
Suningsih Suningsih,Dear Traveloka paylater. Mhn bantuan utk aktifkan paylater saya. Krn sy sdh pesan hotel dua x dengan cash. Saat tdk ada dana paylater bs saya gunakan. Mksh mhn di respon ya 🙏,5,3.76.0,2023-05-31 00:31:20,"Halo Kak, terima kasih banyak atas ratingnya, semoga Kakak tetap nyaman dan selau setia menjadi pelanggan Traveloka. Yuk Kak pantengin terus Traveloka Lifestyle Super App karna kami selalu berikan promo-promo yg menarik loooh, jangan sampai ketinggalan ya :)",2023-05-31 00:42:08,3.76.0
Span Techno,"CAPEK CAPEK MENJAGA TAGIHAN, SKRNG PAS BTUH MALAH GBS AKTIVASI VIRTUAL NUMBER, SLALU COBA LG 24 JAM. PADAHAL LIMIT BESAR PERCUMA.",2,3.77.1,2023-05-31 00:12:59,"Hai, Span. Maaf buat kamu tidak nyaman. Pada dasarnya setelah diaktifkan, Virtual Number akan valid selama 15 menit ya. Kamu juga bisa hubungi langsung akun IG Traveloka PayLater https://www.instagram.com/travelokapaylater/ jika membutuhkan bantuan soal PayLater atau hubungi link https://www.traveloka.com/id-id/contactus. Terima kasih. -RM",2023-05-31 00:47:39,3.77.1
Sudiatmika,enough,4,3.77.1,2023-05-30 23:23:39,"Hi, thank you very much for the positive review! Please feel free to contact us at https://www.traveloka.com/contactus we're more than happy to assist you and Stay tuned for more exciting offers on Traveloka Lifestyle Super App.",2023-05-30 23:42:07,3.77.1
Gallery Ciletuh,"Hallo kak,, yu liburan ke pantai Geopark Ciletuh Sukabumi & menginap di villa ikbhar ciletuh",3,,2023-05-30 19:37:21,Hai Kak. Terima kasih telah menjadikan Traveloka sebagai mitra bisnis kamu. Jika kamu memiliki kendala dalam penggunaan aplikasi Traveloka silakan sampaikan melalui laman ini ya https://www.traveloka.com/contactus. Terima kasih. -NT,2023-05-30 19:45:46,
widya Lestari,"gak pernah sekecewa ini, mau beli tiket aja ribet, dan sistem slalu gagal, data pesanan tidak bisa di isi dan gak tau maksdnya apa please perbaiki apk nya",1,,2023-05-30 18:23:35,"Hai, Widya. Mohon maaf sebelumnya atas ketidaknyamanan yang kamu alami saat melakukan pemesanan. Kamu bisa menghubungi kami dengan menyebutkan detail kendala kamu melalui email di cs@traveloka.com atau pesan di aplikasi Traveloka kamu ya. Terima kasih. -NT",2023-05-30 18:44:22,
asmara yudhi,ok mantap,5,3.30.1,2023-05-30 18:06:37,"Halo Kak, terima kasih banyak atas ratingnya, semoga Kakak tetap nyaman dan selau setia menjadi pelanggan Traveloka. Yuk Kak pantengin terus Traveloka Lifestyle Super App karna kami selalu berikan promo-promo yg menarik loooh, jangan sampai ketinggalan ya :)",2023-05-30 18:12:15,3.30.1
Agus Pranyoto,sangat membantu,5,3.77.1,2023-05-30 17:05:00,"Halo Kak, terima kasih banyak atas ratingnya, semoga Kakak tetap nyaman dan selau setia menjadi pelanggan Traveloka. Yuk Kak pantengin terus Traveloka Lifestyle Super App karna kami selalu berikan promo-promo yg menarik loooh, jangan sampai ketinggalan ya :)",2023-05-30 17:12:07,3.77.1
chan_bigboss (Chan),muwantab👍,5,3.76.0,2023-05-30 15:57:16,"Terima kasih untuk penilaian yang kamu berikan Kak, jangan ragu untuk menghubungi kami jika mendapati kendala ataupun pertanyaan perihal pemesanan pada Traveloka kamu. Kakak bisa menghubungi kami melalui link berikut : https://www.traveloka.com/id-id/contactus Terima kasih. -AK",2023-05-30 16:14:49,3.76.0
Roy Roy hamsir,Bagus,4,,2023-05-30 15:29:08,"Halo Kak, terima kasih banyak atas ratingnya, semoga Kakak tetap nyaman dan selau setia menjadi pelanggan Traveloka. Yuk Kak pantengin terus Traveloka Lifestyle Super App karna kami selalu berikan promo-promo yg menarik loooh, jangan sampai ketinggalan ya :)",2023-05-30 15:42:07,
Aan Kunaefi,sangat efektif,5,3.77.1,2023-05-30 15:25:07,"Hi Kak, senang banget nih dapat rating bagus dari Kakak, terima kasih juga atas feedbacknya! Kenyamanan Kakak adalah prioritas Kami, jika ada pertanyaan lainnya jangan sungkan ya untuk infokan pada kami di https://www.traveloka.com/contactus . Jangan sampai ketinggalan penawaran menarik lainnya di Traveloka Lifestye Super Apps.",2023-05-30 15:42:10,3.77.1
Untung Sawdust,bagus banget,5,3.76.0,2023-05-30 15:05:25,"Halo Kak, terima kasih banyak atas ratingnya, semoga Kakak tetap nyaman dan selau setia menjadi pelanggan Traveloka. Yuk Kak pantengin terus Traveloka Lifestyle Super App karna kami selalu berikan promo-promo yg menarik loooh, jangan sampai ketinggalan ya :)",2023-05-30 15:12:15,3.76.0
Romli Solihin,Okay,4,,2023-05-30 14:17:47,"Hi, thank you very much for the positive review! Please feel free to contact us at https://www.traveloka.com/contactus we're more than happy to assist you and Stay tuned for more exciting offers on Traveloka Lifestyle Super App.",2023-05-30 14:42:12,
Fenny Sakul,sangat memudahkan hidup,5,3.77.1,2023-05-30 14:14:39,"Hi Kak, terima kasih atas feedbacknya, semoga Kakak tetap setia dengan Traveloka. Jika ada pertanyaan lain bisa langsung infokan pada kami di https://www.traveloka.com/contactus ya, Kak. Pantau terus Traveloka Lifestyle Super App untuk penawaran spesial lainnya!",2023-05-30 14:42:18,3.77.1
arip wicaksana,Mau beli tiket bioskop kok tulisan terdapat kendala disistem kami.haduh,1,3.77.1,2023-05-30 14:11:54,"Hai, Arip. Mohon maaf sebelumnya Kak. Kami sudah menghentikan layanan Movies/Bioskop sebagai bagian dari strategi bisnis dan prioritas perusahaan. Jadi untuk saat ini Movies sudah tidak tersedia di Traveloka ya Kak. Terima kasih atas pengertiannya. -IN",2023-05-30 14:46:32,3.77.1
Rizki Danang,josss,5,3.78.0,2023-05-30 13:38:18,"Hai, Kak Rizki. Senang banget dapat bintang lima dari Kakak, terima kasih atas apresiasinya. Semoga pengalaman Kakak bersama Traveloka selalu menyenangkan :) -RU",2023-05-30 13:59:12,3.78.0
Nirwati Amir,"harga yg murah,sangat membantu dn terpercaya..",5,3.77.1,2023-05-30 13:01:33,"Halo Kak, terima kasih banyak atas ratingnya, semoga Kakak tetap nyaman dan selau setia menjadi pelanggan Traveloka. Yuk Kak pantengin terus Traveloka Lifestyle Super App karna kami selalu berikan promo-promo yg menarik loooh, jangan sampai ketinggalan ya :)",2023-05-30 13:12:07,3.77.1
Auri Putro,Respon baliknya cepat.,5,3.77.1,2023-05-30 12:35:07,"Halo Kak, terima kasih banyak atas ratingnya, semoga Kakak tetap nyaman dan selau setia menjadi pelanggan Traveloka. Yuk Kak pantengin terus Traveloka Lifestyle Super App karna kami selalu berikan promo-promo yg menarik loooh, jangan sampai ketinggalan ya :)",2023-05-30 12:42:09,3.77.1
SYAMSUL BAHRI,Bagus,4,3.77.1,2023-05-30 12:29:32,"Hi Kak, senang banget nih dapat rating bagus dari Kakak, terima kasih juga atas feedbacknya! Kenyamanan Kakak adalah prioritas Kami, jika ada pertanyaan lainnya jangan sungkan ya untuk infokan pada kami di https://www.traveloka.com/contactus . Jangan sampai ketinggalan penawaran menarik lainnya di Traveloka Lifestye Super Apps.",2023-05-30 12:42:12,3.77.1
Edy,Harganya selalu murah meriah semoga sukses truss Traveloka.👍🛫,5,,2023-05-30 12:21:55,"Hi Kak, terima kasih atas feedbacknya, semoga Kakak tetap setia dengan Traveloka. Jika ada pertanyaan lain bisa langsung infokan pada kami di https://www.traveloka.com/contactus ya, Kak. Pantau terus Traveloka Lifestyle Super App untuk penawaran spesial lainnya!",2023-05-30 12:42:14,
Succes Tree,Level Diturunkan dengan tidak jelas.. padahal bayar tidak pernah nunggak..kecewa dah !!! Mohon Profesionalitas nya ditingkatkan lbh baik lg !!!,1,3.77.1,2023-05-30 12:07:29,"Hai Kak, mohon maaf atas ketidaknyamanannya. Terkait dengan penurunan level PayLater bisa disebabkan oleh beberapa faktor. Untuk pengecekan lebih lanjut silakan hubungi kami melalui https://www.traveloka.com/id-id/contactus ya. Terima kasih. -NA",2023-05-28 02:44:28,3.77.1
rusbad rusbad,Cepat dan praktis,4,2.14.1,2023-05-30 12:06:00,"Halo Kak, terima kasih banyak atas ratingnya, semoga Kakak tetap nyaman dan selau setia menjadi pelanggan Traveloka. Yuk Kak pantengin terus Traveloka Lifestyle Super App karna kami selalu berikan promo-promo yg menarik loooh, jangan sampai ketinggalan ya :)",2023-05-30 12:12:07,2.14.1
Rio Ilham,"Untuk booking penerbangan sdh bagus, semoga traveloka semakin meningkatkan sistemnya",5,3.54.2,2023-05-30 12:03:34,"Hi Kak, senang banget nih dapat rating bagus dari Kakak, terima kasih juga atas feedbacknya! Kenyamanan Kakak adalah prioritas Kami, jika ada pertanyaan lainnya jangan sungkan ya untuk infokan pada kami di https://www.traveloka.com/contactus . Jangan sampai ketinggalan penawaran menarik lainnya di Traveloka Lifestye Super Apps.",2023-05-30 12:12:09,3.54.2
hengki pratama,ok,5,3.77.1,2023-05-30 11:55:31,Thank you for leaving a good comment to us. Let us know if you have any suggestion for improvement through https://www.traveloka.com/contactus . Stay around for more interesting offers from Traveloka Lifestyle Super App!,2023-05-30 12:12:11,3.77.1
Batik Madrim,Kasih dua bintang dulu..,2,,2023-05-30 11:25:47,"Halo, Kak. Maaf sekali jika ada hal yang membuat Kakak tidak berkenan. Mohon infokan ke kami kendala Kakak melalui https://www.traveloka.com/contactus. Semoga kedepannya kami bisa dapat bintang 5 dari Kakak. Terima kasih. -RU",2023-05-30 11:45:00,
Y TW,ok,4,3.77.1,2023-05-30 10:40:04,"Hi, thank you very much for the positive review! Please feel free to contact us at https://www.traveloka.com/contactus we're more than happy to assist you and Stay tuned for more exciting offers on Traveloka Lifestyle Super App.",2023-05-30 10:42:06,3.77.1
Jeff lapian,mantap,5,3.77.1,2023-05-30 10:19:03,"Hi Kak, terima kasih atas feedbacknya, semoga Kakak tetap setia dengan Traveloka. Jika ada pertanyaan lain bisa langsung infokan pada kami di https://www.traveloka.com/contactus ya, Kak. Pantau terus Traveloka Lifestyle Super App untuk penawaran spesial lainnya!",2023-05-30 10:42:21,3.77.1
Darus Salam,"Aplikasi mengecewakan, sudah boking Tiket pesawat sudah dibayar tapi gak diverifikasi, mana harus nunggu 5 hari kerja buat dana bisa kembali, itupun kalo gak kembali otomatis harus disuruh ke bank lagi bikin repot ini aplikasi",1,3.77.1,2023-05-30 09:19:52,"Hai Kak Daruz, maaf banget kendala verifikasi pembayaran pesanan kamu. Untuk memudahkan mimin bantu cek status refund dari kendala verifikasi pembayarannya, silakan infoin nomor pesanan kamu di https://www.traveloka.com/id-id/contactus. Terima kasih -DZ",2023-05-30 09:53:10,3.77.1
Sri Artini Putu,bagus,4,3.77.1,2023-05-30 09:08:31,"Halo Kak, terima kasih banyak atas ratingnya, semoga Kakak tetap nyaman dan selau setia menjadi pelanggan Traveloka. Yuk Kak pantengin terus Traveloka Lifestyle Super App karna kami selalu berikan promo-promo yg menarik loooh, jangan sampai ketinggalan ya :)",2023-05-30 09:12:09,3.77.1
rudikecek 19,semoga kedepannya semakin ok ....bagi bonus free yg banyak,5,3.69.0,2023-05-30 08:39:12,"Halo Kak, terima kasih banyak atas ratingnya, semoga Kakak tetap nyaman dan selau setia menjadi pelanggan Traveloka. Yuk Kak pantengin terus Traveloka Lifestyle Super App karna kami selalu berikan promo-promo yg menarik loooh, jangan sampai ketinggalan ya :)",2023-05-30 08:42:06,3.69.0
Herwan Jaya,Mantap 👍,5,3.76.0,2023-05-30 08:38:10,"Hi Kak, senang banget nih dapat rating bagus dari Kakak, terima kasih juga atas feedbacknya! Kenyamanan Kakak adalah prioritas Kami, jika ada pertanyaan lainnya jangan sungkan ya untuk infokan pada kami di https://www.traveloka.com/contactus . Jangan sampai ketinggalan penawaran menarik lainnya di Traveloka Lifestye Super Apps.",2023-05-30 08:42:10,3.76.0
Igo Fahriyansyah (Fahri),"No hp dan password salah, padahal sudah saya ganti tetep aja salah",2,3.77.1,2023-05-30 08:36:23,"Halo Fahri, mohon maaf sudah buat kamu ga nyaman mengenai hal tersebut. Untuk promo yang tersedia, kamu bisa cek pada halaman https://www.traveloka.com/id-id/promotion. Jika ada pertanyaan atau kendala yang bisa kami bantu, silakan hubungi kami melalui https://www.traveloka.com/id-id/contactus ya. Terima kasih. -NA",2023-04-16 06:44:08,3.77.1
toto 22juny,"Trimakasih Traveloka, sangat membantu dan semua jadi lebih mudah...",5,3.76.0,2023-05-30 08:22:00,"Hi Kak, terima kasih atas feedbacknya, semoga Kakak tetap setia dengan Traveloka. Jika ada pertanyaan lain bisa langsung infokan pada kami di https://www.traveloka.com/contactus ya, Kak. Pantau terus Traveloka Lifestyle Super App untuk penawaran spesial lainnya!",2023-05-30 08:42:14,3.76.0
Andi suhardi,Sangat membantu sekali..,5,3.77.1,2023-05-30 07:55:43,"Halo Kak, terima kasih banyak atas ratingnya, semoga Kakak tetap nyaman dan selau setia menjadi pelanggan Traveloka. Yuk Kak pantengin terus Traveloka Lifestyle Super App karna kami selalu berikan promo-promo yg menarik loooh, jangan sampai ketinggalan ya :)",2023-05-30 08:12:24,3.77.1
Roberto Pranginangin,mantap,5,3.77.1,2023-05-30 07:38:24,"Halo Kak, terima kasih banyak atas ratingnya, semoga Kakak tetap nyaman dan selau setia menjadi pelanggan Traveloka. Yuk Kak pantengin terus Traveloka Lifestyle Super App karna kami selalu berikan promo-promo yg menarik loooh, jangan sampai ketinggalan ya :)",2023-05-30 07:42:06,3.77.1
ADI VERIY WEDIYANTO,sangat bagus...,5,3.78.0,2023-05-30 07:32:26,"Hi Kak, senang banget nih dapat rating bagus dari Kakak, terima kasih juga atas feedbacknya! Kenyamanan Kakak adalah prioritas Kami, jika ada pertanyaan lainnya jangan sungkan ya untuk infokan pada kami di https://www.traveloka.com/contactus . Jangan sampai ketinggalan penawaran menarik lainnya di Traveloka Lifestye Super Apps.",2023-05-30 07:42:10,3.78.0
Brahmaditya Adit,"tolol anj, verifikasi aja ngulang trs",1,,2023-05-30 07:29:29,"Hai, Kak Brahmaditya. Mimin kurang paham nih yang kamu maksud untuk verifikasi apa. Supaya mimin bisa bantu cek kendala kamu, silakan hubungi CS Traveloka melalui laman https://www.traveloka.com/contactus ya. Terima kasih. -AM",2023-05-30 07:47:40,
Dede Suntoro,mantap,5,3.76.0,2023-05-30 07:19:11,"Hi Kak, terima kasih atas feedbacknya, semoga Kakak tetap setia dengan Traveloka. Jika ada pertanyaan lain bisa langsung infokan pada kami di https://www.traveloka.com/contactus ya, Kak. Pantau terus Traveloka Lifestyle Super App untuk penawaran spesial lainnya!",2023-05-30 07:42:17,3.76.0
Merry Wang,"Sbg penguna traveloka yg sdh bertahun tahun Sebenarny sih nga ada masalah dan termasuk lancar dalam pembelian tiket pesawat maupun hotel.kecewany di cek in online,dulu di traveloka masih bisa cek in online tapi utk skng nga bisa lagi,sdh beberapa kali pesan tapi nga ada juga muncul tulisan yg biasanya ada ""sudah bisa cek in online"" Walaupun waktu penerbangan kurang dari 12 jam ato 10 jam sebelumny Yg muncul hanya tulisan "" e tiket telah terbit "" So sama sekali nga bisa cek in online.",2,3.77.1,2023-05-30 07:15:30,"Hai, Merry. Mohon maaf sebelumnya. Kami mohon maaf atas ketidaknyamanannya, tentunya hal ini menjadi perhatian khusus untuk melakukan evaluasi kembali agar tetap bisa memberikan pelayanan prima kepada pelanggan setia Traveloka. Jika ada kendala lainnya, silakan sampaikan melalui https://www.traveloka.com/contactus. Terima kasih. -VK",2023-05-30 07:48:15,3.77.1
Supriadi Ilyas,mantap,4,3.77.1,2023-05-30 06:15:36,"Halo Kak, terima kasih banyak atas ratingnya, semoga Kakak tetap nyaman dan selau setia menjadi pelanggan Traveloka. Yuk Kak pantengin terus Traveloka Lifestyle Super App karna kami selalu berikan promo-promo yg menarik loooh, jangan sampai ketinggalan ya :)",2023-05-30 06:42:09,3.77.1
Hilman Mubarok,Perdana semoga tidak mengecewakan,5,3.77.1,2023-05-30 04:33:13,"Halo Kak, terima kasih banyak atas ratingnya, semoga Kakak tetap nyaman dan selau setia menjadi pelanggan Traveloka. Yuk Kak pantengin terus Traveloka Lifestyle Super App karna kami selalu berikan promo-promo yg menarik loooh, jangan sampai ketinggalan ya :)",2023-05-30 04:42:07,3.77.1
Kurnia Hk,lebih mudah penggunaannya,5,3.76.0,2023-05-30 04:01:42,"Halo Kak, terima kasih banyak atas ratingnya, semoga Kakak tetap nyaman dan selau setia menjadi pelanggan Traveloka. Yuk Kak pantengin terus Traveloka Lifestyle Super App karna kami selalu berikan promo-promo yg menarik loooh, jangan sampai ketinggalan ya :)",2023-05-30 04:12:13,3.76.0
arif Kiardikaputra,Rame t42et3ewpr3,3,,2023-05-30 03:15:22,"Hai, Kak Arif. Terima kasih sudah bersedia memberikan review ke Traveloka. Kalau ada kendala atau pertanyaan terkait Traveloka, silakan hubungi CS Traveloka melalui laman https://www.traveloka.com/contactus ya. Terima kasih. -AM",2023-05-30 03:45:59,
tulusman zega,Nice,5,3.77.1,2023-05-30 02:40:36,"Hi, thank you very much for the positive review! Please feel free to contact us at https://www.traveloka.com/contactus we're more than happy to assist you and Stay tuned for more exciting offers on Traveloka Lifestyle Super App.",2023-05-30 02:42:07,3.77.1
Leberina Pagawak,👍,4,3.77.1,2023-05-30 01:59:02,"Hai, Leberina. Terima kasih atas ratingnya. Semoga kamu tetap nyaman dan selalu setia menjadi pelanggan Traveloka. Yuk pantengin terus Traveloka Lifestyle Super App, karena kami selalu berikan promo-promo yang menarik. Jangan sampai ketinggalan ya :) -WR",2023-05-30 02:38:26,3.77.1
joko bandono,ok,5,3.77.1,2023-05-30 00:28:01,"Hi, thank you very much for the positive review! Please feel free to contact us at https://www.traveloka.com/contactus we're more than happy to assist you and Stay tuned for more exciting offers on Traveloka Lifestyle Super App.",2023-05-30 00:42:07,3.77.1
Faizal Zulkarnain,mantap gan,5,3.76.0,2023-05-30 00:05:44,"Halo Kak, terima kasih banyak atas ratingnya, semoga Kakak tetap nyaman dan selau setia menjadi pelanggan Traveloka. Yuk Kak pantengin terus Traveloka Lifestyle Super App karna kami selalu berikan promo-promo yg menarik loooh, jangan sampai ketinggalan ya :)",2023-05-30 00:12:08,3.76.0
Sudiyanto Sudiyanto,oke,5,3.77.1,2023-05-29 23:16:45,"Hai Yanto. Terima kasih banyak atas ratingnya, semoga kamu tetap nyaman dan selalu setia menjadi pelanggan Traveloka. Yuk Kak pantengin terus Traveloka Lifestyle Super App karna kami selalu berikan promo-promo yang menarik. Jangan sampai ketinggalan ya. :) -NT",2023-05-29 23:46:17,3.77.1
Fb Printix,tq,5,3.77.1,2023-05-29 23:15:23,"Hi, thank you very much for the positive review! Please feel free to contact us at https://www.traveloka.com/contactus we're more than happy to assist you and Stay tuned for more exciting offers on Traveloka Lifestyle Super App.",2023-05-29 23:42:08,3.77.1
Nu'man AS daud,cepat,5,3.77.1,2023-05-29 22:19:08,"Halo Kak, terima kasih banyak atas ratingnya, semoga Kakak tetap nyaman dan selau setia menjadi pelanggan Traveloka. Yuk Kak pantengin terus Traveloka Lifestyle Super App karna kami selalu berikan promo-promo yg menarik loooh, jangan sampai ketinggalan ya :)",2023-05-29 22:42:07,3.77.1
A J,mudah dan banyak promo,5,3.76.0,2023-05-29 18:58:19,"Halo Kak, terima kasih banyak atas ratingnya, semoga Kakak tetap nyaman dan selau setia menjadi pelanggan Traveloka. Yuk Kak pantengin terus Traveloka Lifestyle Super App karna kami selalu berikan promo-promo yg menarik loooh, jangan sampai ketinggalan ya :)",2023-05-29 19:12:06,3.76.0
Arfan Azhari,Keren aplikasi nya,5,,2023-05-29 16:51:40,"Halo Kak, terima kasih banyak atas ratingnya, semoga Kakak tetap nyaman dan selau setia menjadi pelanggan Traveloka. Yuk Kak pantengin terus Traveloka Lifestyle Super App karna kami selalu berikan promo-promo yg menarik loooh, jangan sampai ketinggalan ya :)",2023-05-29 17:12:12,
Jootje Tambayong,Mantap Traveloka,5,3.77.1,2023-05-29 16:03:47,"Halo Kak, terima kasih banyak atas ratingnya, semoga Kakak tetap nyaman dan selau setia menjadi pelanggan Traveloka. Yuk Kak pantengin terus Traveloka Lifestyle Super App karna kami selalu berikan promo-promo yg menarik loooh, jangan sampai ketinggalan ya :)",2023-05-29 16:12:08,3.77.1
Gofan Salam,aplikasi yang sangat bermanfaat,5,3.77.1,2023-05-29 15:23:29,"Halo Kak, terima kasih banyak atas ratingnya, semoga Kakak tetap nyaman dan selau setia menjadi pelanggan Traveloka. Yuk Kak pantengin terus Traveloka Lifestyle Super App karna kami selalu berikan promo-promo yg menarik loooh, jangan sampai ketinggalan ya :)",2023-05-29 15:42:06,3.77.1
Susan Anas,ok banget,5,3.77.1,2023-05-29 14:45:17,"Hai Anas. Terima kasih banyak atas ratingnya, semoga kamu tetap nyaman dan selalu setia menjadi pelanggan Traveloka. Yuk Kak pantengin terus Traveloka Lifestyle Super App karna kami selalu berikan promo-promo yang menarik. Jangan sampai ketinggalan ya. :) -NT",2023-05-29 15:18:22,3.77.1
Tria Kurniawan Hadi,beri banyak diskon lagi donk untuk prioritas,5,3.31.2,2023-05-29 14:39:57,"Halo Kak, terima kasih banyak atas ratingnya, semoga Kakak tetap nyaman dan selau setia menjadi pelanggan Traveloka. Yuk Kak pantengin terus Traveloka Lifestyle Super App karna kami selalu berikan promo-promo yg menarik loooh, jangan sampai ketinggalan ya :)",2023-05-29 14:42:07,3.31.2
panah anjay,sangat baik,5,3.76.0,2023-05-29 14:34:44,"Hi Kak, senang banget nih dapat rating bagus dari Kakak, terima kasih juga atas feedbacknya! Kenyamanan Kakak adalah prioritas Kami, jika ada pertanyaan lainnya jangan sungkan ya untuk infokan pada kami di https://www.traveloka.com/contactus . Jangan sampai ketinggalan penawaran menarik lainnya di Traveloka Lifestye Super Apps.",2023-05-29 14:42:10,3.76.0
EVO GAMING,Apk sudah bagus dan sangat berguna bagi kalian yg Kurang suka antri apk ini sangat cocok Mesan melalui online nyampe hotel tinggal check in,5,3.75.0,2023-05-29 14:32:13,"Hi Kak, terima kasih atas feedbacknya, semoga Kakak tetap setia dengan Traveloka. Jika ada pertanyaan lain bisa langsung infokan pada kami di https://www.traveloka.com/contactus ya, Kak. Pantau terus Traveloka Lifestyle Super App untuk penawaran spesial lainnya!",2023-05-29 14:42:13,3.75.0
kharisma andy,manteb,5,3.77.1,2023-05-29 14:15:15,"Hai Andy, terima kasih atas feedbacknya, semoga kamu tetap setia dengan Traveloka. Jika ada pertanyaan bisa langsung infokan pada kami di https://www.traveloka.com/contactus ya Kak. Pantau terus Traveloka Lifestyle Super App untuk penawaran spesial lainnya! -AH",2023-05-29 14:45:12,3.77.1
Andy Rio,good,5,3.77.1,2023-05-29 13:08:42,"Hi, thank you very much for the positive review! Please feel free to contact us at https://www.traveloka.com/contactus we're more than happy to assist you and Stay tuned for more exciting offers on Traveloka Lifestyle Super App.",2023-05-29 13:12:06,3.77.1
n n,"Merasa di prank, di awal pengisian data dll harga gk berubah saat klik pembayaran kok tiba2 harga naik gk kira2. Dear castumer, pleaseee jgn percaya klo tiketnya murah !!!!!!",1,3.77.1,2023-05-29 12:48:32,"Hai Kak, mohon maaf sudah membuat kamu tidak nyaman. Pada dasaranya untuk harga bersfiat fluktuatif mengikuti update langsung dari pihak penyedia layanan. Jika kamu masih terkendala, kamu bisa infokan ke mimin melalui link https://www.traveloka.com/id-id/contactus Kak. Terima kasih. -AH",2023-05-29 13:16:15,3.77.1
Restu Halawa,sangat membanntu,5,3.77.1,2023-05-29 12:40:13,"Halo Kak, terima kasih banyak atas ratingnya, semoga Kakak tetap nyaman dan selau setia menjadi pelanggan Traveloka. Yuk Kak pantengin terus Traveloka Lifestyle Super App karna kami selalu berikan promo-promo yg menarik loooh, jangan sampai ketinggalan ya :)",2023-05-29 12:42:06,3.77.1
Omo Wasma,cukup baik,3,3.77.1,2023-05-29 12:31:12,"Hai, Kak Omo. Terima kasih atas ratingnya. Mimin tunggu pesanan kamu ya. Semoga sehat selalu. -RZ",2023-05-29 12:47:38,3.77.1
Bagas Yanuar,Parah gak bisa melakukan pembayaran,1,3.77.1,2023-05-29 12:23:15,"Hai Bagas, mohon maaf atas kendala yang kam alami. Untuk dapat kami cek lebih lanjut kendala pembayaran yang kamu alami. Mohon dapat menginformasikan screenshot kendala yang muncul pada saat kamu melakukan pembayaran melalui link https://www.traveloka.com/id-id/contactus. Terima kasih. -AH",2023-05-29 12:44:26,3.77.1
Yulie Ana,cukup puas...hanya tdk ada promo tiket murah🤭🤭,5,3.77.1,2023-05-29 12:16:54,"Hi Kak, senang banget nih dapat rating bagus dari Kakak, terima kasih juga atas feedbacknya! Kenyamanan Kakak adalah prioritas Kami, jika ada pertanyaan lainnya jangan sungkan ya untuk infokan pada kami di https://www.traveloka.com/contactus . Jangan sampai ketinggalan penawaran menarik lainnya di Traveloka Lifestye Super Apps.",2023-05-29 12:42:10,3.77.1
Maria Ulfa,baik,3,3.77.0,2023-05-29 12:12:57,"Hai, Maria. Terima kasih atas reviewnya, semoga kedepannya kami bisa dapat bintang 5 dari kamu. Terima kasih. -RU",2023-05-29 12:45:54,3.77.0
Fahrudien Solskjaer,bagus... semoga amanah ... dan makin sukses,5,3.77.1,2023-05-29 12:12:03,"Hi Kak, terima kasih atas feedbacknya, semoga Kakak tetap setia dengan Traveloka. Jika ada pertanyaan lain bisa langsung infokan pada kami di https://www.traveloka.com/contactus ya, Kak. Pantau terus Traveloka Lifestyle Super App untuk penawaran spesial lainnya!",2023-05-29 12:42:14,3.77.1
Ronaldo Siregar,easy use,4,3.77.1,2023-05-29 11:24:07,"Hi, thank you very much for the positive review! Please feel free to contact us at https://www.traveloka.com/contactus we're more than happy to assist you and Stay tuned for more exciting offers on Traveloka Lifestyle Super App.",2023-05-29 11:42:06,3.77.1
DEDI SHU,excellent,5,3.77.1,2023-05-29 11:21:00,"Hi, we are so grateful to get a lot of support from you. Hope you continue to enjoy our offers. If you have any feedback or suggestions, let us know on https://www.traveloka.com/contactus, our customer service would love to serve you in 24 hours. Thank you!",2023-05-29 11:42:09,3.77.1
Suryo Purwanto,semoga bermanfaat,5,3.77.1,2023-05-29 10:55:17,"Hi Kak, terima kasih atas feedbacknya, semoga Kakak tetap setia dengan Traveloka. Jika ada pertanyaan lain bisa langsung infokan pada kami di https://www.traveloka.com/contactus ya, Kak. Pantau terus Traveloka Lifestyle Super App untuk penawaran spesial lainnya!",2023-05-29 11:12:14,3.77.1
Santi Yulianti,sangat membantu dan oke bangeut..,5,3.77.1,2023-05-29 09:35:23,"Halo Kak, terima kasih banyak atas ratingnya, semoga Kakak tetap nyaman dan selau setia menjadi pelanggan Traveloka. Yuk Kak pantengin terus Traveloka Lifestyle Super App karna kami selalu berikan promo-promo yg menarik loooh, jangan sampai ketinggalan ya :)",2023-05-29 09:42:10,3.77.1
Abang Faghzi,jos,5,3.77.1,2023-05-29 09:33:31,"Hai Faghzi, terima kasih atas feedbacknya, semoga kamu tetap setia dengan Traveloka. Jika ada pertanyaan bisa langsung infokan pada kami di https://www.traveloka.com/contactus ya Kak. Pantau terus Traveloka Lifestyle Super App untuk penawaran spesial lainnya! -AH",2023-05-29 09:46:22,3.77.1
Yudhistiro Nugroho,"mudah digunakan, sangat membantu",5,3.77.1,2023-05-29 09:13:58,"Hi Kak, senang banget nih dapat rating bagus dari Kakak, terima kasih juga atas feedbacknya! Kenyamanan Kakak adalah prioritas Kami, jika ada pertanyaan lainnya jangan sungkan ya untuk infokan pada kami di https://www.traveloka.com/contactus . Jangan sampai ketinggalan penawaran menarik lainnya di Traveloka Lifestye Super Apps.",2023-05-29 09:42:15,3.77.1
Sukron Klasik,ok,5,3.77.1,2023-05-29 08:47:11,"Hi, thank you very much for the positive review! Please feel free to contact us at https://www.traveloka.com/contactus we're more than happy to assist you and Stay tuned for more exciting offers on Traveloka Lifestyle Super App.",2023-05-29 09:12:22,3.77.1
Nana Chia,mudah dan aman,5,3.56.1,2023-05-29 07:58:11,"Halo Kak, terima kasih banyak atas ratingnya, semoga Kakak tetap nyaman dan selau setia menjadi pelanggan Traveloka. Yuk Kak pantengin terus Traveloka Lifestyle Super App karna kami selalu berikan promo-promo yg menarik loooh, jangan sampai ketinggalan ya :)",2023-05-29 08:12:08,3.56.1
Eni Fariyanti,mantab traveloka,5,3.77.1,2023-05-29 07:24:55,"Halo Kak, terima kasih banyak atas ratingnya, semoga Kakak tetap nyaman dan selau setia menjadi pelanggan Traveloka. Yuk Kak pantengin terus Traveloka Lifestyle Super App karna kami selalu berikan promo-promo yg menarik loooh, jangan sampai ketinggalan ya :)",2023-05-29 07:42:07,3.77.1
sebut saja bagas,tu baa,5,3.77.1,2023-05-29 07:03:03,"Hai, Bagas. Senang sekali mendapat bintang lima dari kamu. Semoga kamu tetap nyaman dan selalu setia menjadi pelanggan Traveloka. Kalau ada pertanyaan seputar produk Traveloka, kamu dapat menghubungi kami melalui https://www.traveloka.com/id-id/contactus. Terima kasih. -OE",2023-05-29 07:13:57,3.77.1
Simon Celly,mohon lebih rapih antara pihak perusahaan travelaka dan hotel...jangan sampai beda harga pas cek in,4,,2023-05-29 05:29:16,"Hai, Simon. Mohon maaf atas ketidaknyamannya. Untuk harga memang bisa berubah-ubah setiap saat mengikuti update langsung dari pihak hotel. Maka dari itu, nantinya kamu bisa cek dengan berkala melalui aplikasi Traveloka untuk informasi harga terupdatenya. Terima kasih. -IN",2023-05-29 05:43:55,
zildhan ardianto,sangat membantu sekali,5,3.77.1,2023-05-29 05:02:49,"Halo Kak, terima kasih banyak atas ratingnya, semoga Kakak tetap nyaman dan selau setia menjadi pelanggan Traveloka. Yuk Kak pantengin terus Traveloka Lifestyle Super App karna kami selalu berikan promo-promo yg menarik loooh, jangan sampai ketinggalan ya :)",2023-05-29 05:12:07,3.77.1
Bunaiyah Sarita,Terus berikan update terbaru spy para pelanggan makin puas dgn layanan Traveloka,5,,2023-05-29 04:53:18,"Hi Kak, senang banget nih dapat rating bagus dari Kakak, terima kasih juga atas feedbacknya! Kenyamanan Kakak adalah prioritas Kami, jika ada pertanyaan lainnya jangan sungkan ya untuk infokan pada kami di https://www.traveloka.com/contactus . Jangan sampai ketinggalan penawaran menarik lainnya di Traveloka Lifestye Super Apps.",2023-05-29 05:12:10,
Hilarius Haristo Kaka,mantap,3,3.77.0,2023-05-29 04:45:06,"Halo, Hilarius. Terima kasih banyak atas ratingnya, semoga Kakak tetap nyaman dan selau setia menjadi pelanggan Traveloka. Yuk Kak pantengin terus Traveloka Lifestyle Super App karna kami selalu berikan promo-promo yg menarik loooh, jangan sampai ketinggalan ya :) -IN",2023-05-29 05:15:59,3.77.0
Alingga Prawita Tristyawan,"pembayaran sulit. tidak ada QRIS, ke gerai terdekat juga sulit. maksimal 2.500.000, lebih dari itu harus 2 kali pembayaran menggunakan BCA atau Mandiri",5,3.77.1,2023-05-29 04:27:19,"Halo Alingga, mohon maaf sudah buat kamu ga nyaman. Untuk dapat kami bantu pengecekan lebih lanjut mengenai kendala yang kamu alami, kamu bisa hubungi kami melalui https://www.traveloka.com/id-id/contactus ya. Terima kasih. -NA",2023-05-29 04:44:53,3.77.1
nita tu,sangat membantu,5,3.77.1,2023-05-29 04:26:05,"Halo Kak, terima kasih banyak atas ratingnya, semoga Kakak tetap nyaman dan selau setia menjadi pelanggan Traveloka. Yuk Kak pantengin terus Traveloka Lifestyle Super App karna kami selalu berikan promo-promo yg menarik loooh, jangan sampai ketinggalan ya :)",2023-05-29 04:42:09,3.77.1
Heri Heriyanto,"cepat akurat, tidak mahal",5,3.77.1,2023-05-29 04:13:12,"Hi Kak, senang banget nih dapat rating bagus dari Kakak, terima kasih juga atas feedbacknya! Kenyamanan Kakak adalah prioritas Kami, jika ada pertanyaan lainnya jangan sungkan ya untuk infokan pada kami di https://www.traveloka.com/contactus . Jangan sampai ketinggalan penawaran menarik lainnya di Traveloka Lifestye Super Apps.",2023-05-29 04:42:12,3.77.1
Gestianus Sino,terbaik,5,3.77.1,2023-05-29 02:35:33,"Halo Kak, terima kasih banyak atas ratingnya, semoga Kakak tetap nyaman dan selau setia menjadi pelanggan Traveloka. Yuk Kak pantengin terus Traveloka Lifestyle Super App karna kami selalu berikan promo-promo yg menarik loooh, jangan sampai ketinggalan ya :)",2023-05-29 02:42:06,3.77.1
Ayu Kancil,sangat baik,5,3.77.1,2023-05-29 02:33:25,"Hi Kak, senang banget nih dapat rating bagus dari Kakak, terima kasih juga atas feedbacknya! Kenyamanan Kakak adalah prioritas Kami, jika ada pertanyaan lainnya jangan sungkan ya untuk infokan pada kami di https://www.traveloka.com/contactus . Jangan sampai ketinggalan penawaran menarik lainnya di Traveloka Lifestye Super Apps.",2023-05-29 02:42:09,3.77.1
Jahid Khusen,mudah digunakan dan sangat membantu,5,3.77.1,2023-05-29 02:18:27,"Halo Kak, terima kasih banyak atas ratingnya, semoga Kakak tetap nyaman dan selau setia menjadi pelanggan Traveloka. Yuk Kak pantengin terus Traveloka Lifestyle Super App karna kami selalu berikan promo-promo yg menarik loooh, jangan sampai ketinggalan ya :)",2023-05-29 02:42:15,3.77.1
Anton BK Group,Keren banget,5,3.76.0,2023-05-29 02:12:24,"Hi Kak, senang banget nih dapat rating bagus dari Kakak, terima kasih juga atas feedbacknya! Kenyamanan Kakak adalah prioritas Kami, jika ada pertanyaan lainnya jangan sungkan ya untuk infokan pada kami di https://www.traveloka.com/contactus . Jangan sampai ketinggalan penawaran menarik lainnya di Traveloka Lifestye Super Apps.",2023-05-29 02:42:17,3.76.0
Satria Adhy P.,Bintang saya kurangi dl sampe saya mndapat bukti pelunasan paylater yg blm jg saya dapatkan hingga detik ini. 3X unggah bukti pembayaran/pelunasan paylater saya kira sdh brlebihan jika sistemnya waras.,3,3.77.1,2023-05-29 01:40:31,"Hai Satria, mohon maaf atas kendala yang kamu alami. Untuk dapat kami bantu cek lebih lanjut silakan hubungi kami melalui https://www.traveloka.com/id-id/contactus ya. Terima kasih. -NA",2023-05-29 01:49:18,3.77.1
Adji Satriya,godjob,4,3.77.1,2023-05-29 00:16:13,"Hi, thank you very much for the positive review! Please feel free to contact us at https://www.traveloka.com/contactus we're more than happy to assist you and Stay tuned for more exciting offers on Traveloka Lifestyle Super App.",2023-05-29 00:42:08,3.77.1
FAMILY EDIWAISAI,Mantap,5,3.77.1,2023-05-29 00:03:01,"Halo Kak, terima kasih banyak atas ratingnya, semoga Kakak tetap nyaman dan selau setia menjadi pelanggan Traveloka. Yuk Kak pantengin terus Traveloka Lifestyle Super App karna kami selalu berikan promo-promo yg menarik loooh, jangan sampai ketinggalan ya :)",2023-05-29 00:12:06,3.77.1
Suratno suratno,Kecewa,5,3.77.1,2023-05-28 23:24:42,"Hai, kak Suratno. Mohon maaf atas kendala yang kamu alami. Agar dapat kami bantu bantu kendalanya, silakan menghubungi kami melalui Pesan/Inbox di aplikasi Traveloka. Terima kasih.",2021-05-01 08:19:43,3.77.1
Sukarti Aja,Untuk pembayaran coba bisa di toko ritail kaya Alfa n Indomaret kayaknya enak ini repot kalau mau bayar,3,3.76.0,2023-05-28 21:39:42,Hai Sukarti. Untuk metode pembayaran seperti Alfamart dan Indomaret sudah tersedia di Traveloka kok Kak. Silkan cek langsung pada saat pilih metode pembayaran ya. Terima kasih. -KK,2023-05-28 21:47:46,3.76.0
Herman Jawir,Harga hotelnya terlalu mahal ga sesuai ma fasilitas,1,,2023-05-28 20:52:32,Hai Herman. Untuk harga yang tertampil pada aplikasi merupaka harga dari pihak Hotel langsung ya Kak. Untuk harga juga bersifat fluktuatif dan dapat berubah sewaktu-waktu. Terima kasih. -KK,2023-05-28 21:13:46,
Amin Ridla,cari tiket gak pake ribet,5,3.77.1,2023-05-28 18:26:04,"Halo Kak, terima kasih banyak atas ratingnya, semoga Kakak tetap nyaman dan selau setia menjadi pelanggan Traveloka. Yuk Kak pantengin terus Traveloka Lifestyle Super App karna kami selalu berikan promo-promo yg menarik loooh, jangan sampai ketinggalan ya :)",2023-05-28 18:42:07,3.77.1
Ardhan Muhammad,"Selalu ditolak ngajuin paylater pdhl data uda bener... heran..salah dmn...pdhl shopee pay later,gopay later bisa semua .cm Traveloka doank gagal...anehhhh.... alasan data tidak lengkap...pdhl udah sesuai...",2,,2023-05-28 17:50:12,"Hai Ardhan. Mohon maaf atas kendala pengajuan PayLater yang kamu alami ya Kak. Supaya bisa mimin bantu cek lebih lanjut status pengajuan kamu, mohon bantuannya infokan email dan nama lengkap yang kamu daftarkan ke https://www.instagram.com/travelokapaylater/ ya. Makasih. -KK",2023-05-28 18:17:33,
Revon Muaya,Klott,5,3.67.0,2023-05-28 15:26:01,"Hai kak, senangnya mendapat bintang lima dari kamu, terima kasih atas apresiasinya, semoga kaka tetap nyaman dan selau setia menjadi pelanggan Traveloka, yuk ka pantengin terus traveloka karna kami selalu berikan promo promo yg menarik loooh, jangan sampai ketinggalan ya. -DA",2023-05-28 15:59:12,3.67.0
teguh wahyu,memuaskan,5,,2023-05-28 15:13:46,"Halo Kak, terima kasih banyak atas ratingnya, semoga Kakak tetap nyaman dan selau setia menjadi pelanggan Traveloka. Yuk Kak pantengin terus Traveloka Lifestyle Super App karna kami selalu berikan promo-promo yg menarik loooh, jangan sampai ketinggalan ya :)",2023-05-28 15:42:09,
hengky poluan,okey bngt....cepat dam sangat membantu...tkd full Traveloka,4,3.77.1,2023-05-28 14:29:47,"Halo Kak, terima kasih banyak atas ratingnya, semoga Kakak tetap nyaman dan selau setia menjadi pelanggan Traveloka. Yuk Kak pantengin terus Traveloka Lifestyle Super App karna kami selalu berikan promo-promo yg menarik loooh, jangan sampai ketinggalan ya :)",2023-05-28 14:42:06,3.77.1
jeki arfiqi,sangat senang memakai traveloka,5,3.77.1,2023-05-28 13:15:44,"Halo Kak, terima kasih banyak atas ratingnya, semoga Kakak tetap nyaman dan selau setia menjadi pelanggan Traveloka. Yuk Kak pantengin terus Traveloka Lifestyle Super App karna kami selalu berikan promo-promo yg menarik loooh, jangan sampai ketinggalan ya :)",2023-05-28 13:42:05,3.77.1
gemal aziz,"Saya mau tanya kenapa fitur bioskop nya tidak ada lagi di aplikasi Traveloka, padahal klu ada kan lebih memudahkan untuk pesan tiket nonton bioskop",4,3.77.1,2023-05-28 13:13:36,"Halo Kak, terima kasih banyak atas ratingnya, semoga Kakak tetap nyaman dan selau setia menjadi pelanggan Traveloka. Yuk Kak pantengin terus Traveloka Lifestyle Super App karna kami selalu berikan promo-promo yg menarik loooh, jangan sampai ketinggalan ya :)",2023-05-28 13:12:06,3.77.1
Bambang trio Irawan,bagus,5,,2023-05-28 13:07:40,"Hi Kak, senang banget nih dapat rating bagus dari Kakak, terima kasih juga atas feedbacknya! Kenyamanan Kakak adalah prioritas Kami, jika ada pertanyaan lainnya jangan sungkan ya untuk infokan pada kami di https://www.traveloka.com/contactus . Jangan sampai ketinggalan penawaran menarik lainnya di Traveloka Lifestye Super Apps.",2023-05-28 13:12:09,
adhitya anggara,susah banget csnya di hubungi...,1,3.77.1,2023-05-28 12:52:54,"Hai Adhitya, kamu bisa hubungi kami melalui link berikut : https://www.traveloka.com/en-id/contactus ataupun kamu bisa menghubungi kami melalui email di alamat email cs@traveloka.com ya Kak. Makasih. -AK",2023-05-28 13:15:08,3.77.1
Makpetir06 Official,Mempermudah beli tiket kapanpun,5,3.51.2,2023-05-28 11:37:16,"Halo Kak, terima kasih banyak atas ratingnya, semoga Kakak tetap nyaman dan selau setia menjadi pelanggan Traveloka. Yuk Kak pantengin terus Traveloka Lifestyle Super App karna kami selalu berikan promo-promo yg menarik loooh, jangan sampai ketinggalan ya :)",2023-05-28 11:42:06,3.51.2
Jefri Dakka,"AWAS BANYAK JEBAKAN DI APLIKASI INI, MESEN TIKET TANGGAL 28 UNTUK TANGGAL 28, TAPI KARNA BERHALANGAN HADIR MASA BATAS REFUND UANG DITANGGGAL 27 NYA KAN LUCU, SEDANGKAN PESAN DAN BAYAR DITANGGAL 28 NYA ... APLIKASI YG PENUH JEBAKAN UNTUK MEMAKAN UANG CUST SECARA CUMA CUMA",1,3.77.1,2023-05-28 10:24:24,"Hai Jefri. Mohon maaf sekali sebelumnya, jika memiliki kendala refund saat melakukan pemesanan, kamu bisa hubungi customer service kami melalui pesan di aplikasi Traveloka kamu atau melalui email di cs@traveloka.com, untuk dibantu lebih lanjut ya. Terima kasih. -NT",2023-05-28 10:43:06,3.77.1
Krisna Adiputera,mudah digunakan dan sangat membantu dalam mencari hotel serta tiket,5,3.38.0,2023-05-28 10:15:40,"Halo Kak, terima kasih banyak atas ratingnya, semoga Kakak tetap nyaman dan selau setia menjadi pelanggan Traveloka. Yuk Kak pantengin terus Traveloka Lifestyle Super App karna kami selalu berikan promo-promo yg menarik loooh, jangan sampai ketinggalan ya :)",2023-05-28 10:42:07,3.38.0
junior nathan,bagus,3,3.76.0,2023-05-28 09:53:06,"Hai, Junior. Terima kasih atas penilaian dan feedback dari kamu, kami akan terus meningkatkan kepuasan para pengguna. Jika ada pertanyaan lainnya jangan sungkan ya untuk infokan pada kami di https://www.traveloka.com/contactus. Jangan sampai ketinggalan penawaran menarik lainnya di Traveloka Lifestyle Super Apps. Terima kasih. -VK",2023-05-28 10:15:51,3.76.0
Oumar Nurkomari,memudahkan buat cari penginapan saat dalam kondisi mendesak....tengkiyuuu😊,5,3.51.2,2023-05-28 09:47:25,"Halo Kak, terima kasih banyak atas ratingnya, semoga Kakak tetap nyaman dan selau setia menjadi pelanggan Traveloka. Yuk Kak pantengin terus Traveloka Lifestyle Super App karna kami selalu berikan promo-promo yg menarik loooh, jangan sampai ketinggalan ya :)",2023-05-28 10:12:08,3.51.2
Margaretha P Amah,2 kali pesan tiket pesawat dan hotel sudah di pastikan tgl dan bulan benar. Pas di pesan malah salah bulanlah salah tgl lah. Ini gimana ya. Telfon customer service malah tdk membantu sama sekali,1,3.77.1,2023-05-28 09:18:18,"Hai Amah, mohon maaf sudah membuat kamu tidak nyaman. Untuk dapat kami cek lebih lanjut kendala kamu. Mohon menginformasikan screenshot pada saat kamu melakukan pemesanan dan nomor pesanan kamu melalui link https://www.traveloka.com/id-id/contactus. Terima Kasih. -AH",2023-05-28 09:45:14,3.77.1
Alauddin Torki,"pesanan tiket sangat membantu, sukses selalu utk traveloka",5,3.77.1,2023-05-28 09:02:19,"Halo Kak, terima kasih banyak atas ratingnya, semoga Kakak tetap nyaman dan selau setia menjadi pelanggan Traveloka. Yuk Kak pantengin terus Traveloka Lifestyle Super App karna kami selalu berikan promo-promo yg menarik loooh, jangan sampai ketinggalan ya :)",2023-05-28 09:12:15,3.77.1
Beni Budaya,Sangat memudahkan,5,3.77.1,2023-05-28 08:25:18,"Halo Kak, terima kasih banyak atas ratingnya, semoga Kakak tetap nyaman dan selau setia menjadi pelanggan Traveloka. Yuk Kak pantengin terus Traveloka Lifestyle Super App karna kami selalu berikan promo-promo yg menarik loooh, jangan sampai ketinggalan ya :)",2023-05-28 08:42:06,3.77.1
fadil muhamad,Refund aja susah banget. Ini karyawan lu mending pencatin aja cs pada ga paham semua,1,3.72.0,2023-05-28 07:07:35,"Hai Fadil. Mohon maaf sekali sebelumnya, jika memiliki kendala saat melakukan pemesanan, kamu bisa hubungi customer service kami melalui pesan di aplikasi Traveloka kamu atau melalui email di cs@traveloka.com, untuk dibantu lebih lanjut ya. Terima kasih. -NT",2023-05-28 07:13:04,3.72.0
Arry Yuandi,pesan kereta api jd semudah ketik di hp,5,3.77.1,2023-05-28 07:06:12,"Halo Kak, terima kasih banyak atas ratingnya, semoga Kakak tetap nyaman dan selau setia menjadi pelanggan Traveloka. Yuk Kak pantengin terus Traveloka Lifestyle Super App karna kami selalu berikan promo-promo yg menarik loooh, jangan sampai ketinggalan ya :)",2023-05-28 07:12:08,3.77.1
Zulkifly A.Rachman,mantap,4,3.76.0,2023-05-28 07:01:00,"Hi Kak, senang banget nih dapat rating bagus dari Kakak, terima kasih juga atas feedbacknya! Kenyamanan Kakak adalah prioritas Kami, jika ada pertanyaan lainnya jangan sungkan ya untuk infokan pada kami di https://www.traveloka.com/contactus . Jangan sampai ketinggalan penawaran menarik lainnya di Traveloka Lifestye Super Apps.",2023-05-28 07:12:11,3.76.0
Yuanita Gustanti,"kenapa kalo pembayaran pake visa ga minta verifikasi, tp lgsg proses",4,3.77.1,2023-05-28 06:12:43,"Hai, Yuanita. Hal tersebut tergantung pengaturan bagian ""Trust Device"" pada perangkat kamu ya. Jika ada pertanyaan lainnya, jangan sungkan ya untuk infokan pada kami di https://www.traveloka.com/contactus. Terima kasih. -VK",2023-05-28 06:46:28,3.77.1
rina wati,nice,5,3.77.1,2023-05-28 06:04:14,"Hi, thank you very much for the positive review! Please feel free to contact us at https://www.traveloka.com/contactus we're more than happy to assist you and Stay tuned for more exciting offers on Traveloka Lifestyle Super App.",2023-05-28 06:12:07,3.77.1
Elli safitri,siip,5,3.77.1,2023-05-28 05:56:03,"Hi, we are so grateful to get a lot of support from you. Hope you continue to enjoy our offers. If you have any feedback or suggestions, let us know on https://www.traveloka.com/contactus, our customer service would love to serve you in 24 hours. Thank you!",2023-05-28 06:12:09,3.77.1
Yogaax05._,Berfungsi banget untuk ingin mengeksplorasi hal² baru 😭🙌🏻🔥!!!!!,5,3.77.0,2023-05-28 05:53:04,"Hi Kak, terima kasih atas feedbacknya, semoga Kakak tetap setia dengan Traveloka. Jika ada pertanyaan lain bisa langsung infokan pada kami di https://www.traveloka.com/contactus ya, Kak. Pantau terus Traveloka Lifestyle Super App untuk penawaran spesial lainnya!",2023-05-28 06:12:12,3.77.0
Dhani Purwono,Bagus dan lancar,5,3.77.1,2023-05-28 05:16:22,"Halo Kak, terima kasih banyak atas ratingnya, semoga Kakak tetap nyaman dan selau setia menjadi pelanggan Traveloka. Yuk Kak pantengin terus Traveloka Lifestyle Super App karna kami selalu berikan promo-promo yg menarik loooh, jangan sampai ketinggalan ya :)",2023-05-28 05:42:08,3.77.1
Nur Hadi,"makin amburadul traveloka, playter saya dinonaktifkan sepihak,..no recommended",1,,2023-05-28 04:26:46,"Halo Nur Hadi. Mohon maaf atas ketidaknyamanan yang kamu alami. Terkait kendala kamu, silakan menghubungi kami melalui https://www.traveloka.com/id-id/contactus untuk pengecekan lebih lanjut lanjut. Terima kasih. -MZ",2023-05-28 04:46:06,
Suryo Super,"Pembayarannya ribet sekarang, pake UANGKU sdh di top up, saat check out suruh masukin credit card, sdh di masukin jg. Saat mau check out masih aja metode pembayaran gak bisa di pilih. Lha yang aplikasi UANGKU buat apa suruh top up. Gak bisa refund ya yg UANGKU itu?",1,3.77.1,2023-05-28 03:51:12,"Halo Suryo. Mohon maaf atas ketidaknyamanan yang kamu alami. Untuk pengecekan lebih lanjut, silakan menghubungi kami melalui https://www.traveloka.com/id-id/contactus. Terima kasih. -MZ",2023-05-28 04:18:08,3.77.1
Soleh Hudin,Mantap👍,5,3.76.0,2023-05-28 03:12:37,"Halo Kak, terima kasih banyak atas ratingnya, semoga Kakak tetap nyaman dan selau setia menjadi pelanggan Traveloka. Yuk Kak pantengin terus Traveloka Lifestyle Super App karna kami selalu berikan promo-promo yg menarik loooh, jangan sampai ketinggalan ya :)",2023-05-28 03:42:13,3.76.0
Aqua Lviea,Bagus,5,3.77.1,2023-05-28 02:51:11,"Halo Kak, terima kasih banyak atas ratingnya, semoga Kakak tetap nyaman dan selau setia menjadi pelanggan Traveloka. Yuk Kak pantengin terus Traveloka Lifestyle Super App karna kami selalu berikan promo-promo yg menarik loooh, jangan sampai ketinggalan ya :)",2023-05-28 03:12:06,3.77.1
El Muhammady,tingkatkan layanan dan keamanan data pelanggan,5,3.77.1,2023-05-28 02:25:55,"Halo Kak, terima kasih banyak atas ratingnya, semoga Kakak tetap nyaman dan selau setia menjadi pelanggan Traveloka. Yuk Kak pantengin terus Traveloka Lifestyle Super App karna kami selalu berikan promo-promo yg menarik loooh, jangan sampai ketinggalan ya :)",2023-05-28 02:42:06,3.77.1
OhMyAnakin,traveloka good,5,3.77.1,2023-05-28 02:08:40,"Halo Kak, terima kasih banyak atas ratingnya, semoga Kakak tetap nyaman dan selau setia menjadi pelanggan Traveloka. Yuk Kak pantengin terus Traveloka Lifestyle Super App karna kami selalu berikan promo-promo yg menarik loooh, jangan sampai ketinggalan ya :)",2023-05-28 02:12:06,3.77.1
Ariy Pamungkas sf,ok,4,3.74.0,2023-05-28 01:23:56,"Hi, we are so grateful to get a lot of support from you. Hope you continue to enjoy our offers. If you have any feedback or suggestions, let us know on https://www.traveloka.com/contactus, our customer service would love to serve you in 24 hours. Thank you!",2023-05-28 01:42:10,3.74.0
Heri Purwanto,cepat praktis,4,3.77.1,2023-05-28 01:09:29,"Halo Kak, terima kasih banyak atas ratingnya, semoga Kakak tetap nyaman dan selau setia menjadi pelanggan Traveloka. Yuk Kak pantengin terus Traveloka Lifestyle Super App karna kami selalu berikan promo-promo yg menarik loooh, jangan sampai ketinggalan ya :)",2023-05-28 01:12:07,3.77.1
Cecep Supriatna,bagus,5,3.77.1,2023-05-28 00:57:20,"Hi Kak, senang banget nih dapat rating bagus dari Kakak, terima kasih juga atas feedbacknya! Kenyamanan Kakak adalah prioritas Kami, jika ada pertanyaan lainnya jangan sungkan ya untuk infokan pada kami di https://www.traveloka.com/contactus . Jangan sampai ketinggalan penawaran menarik lainnya di Traveloka Lifestye Super Apps.",2023-05-28 01:12:10,3.77.1
PT. Bangun Bersama Corp.,mudah dan cepat,5,3.77.1,2023-05-28 00:37:54,"Halo Kak, terima kasih banyak atas ratingnya, semoga Kakak tetap nyaman dan selau setia menjadi pelanggan Traveloka. Yuk Kak pantengin terus Traveloka Lifestyle Super App karna kami selalu berikan promo-promo yg menarik loooh, jangan sampai ketinggalan ya :)",2023-05-28 00:42:06,3.77.1
ayu nella,astungkara awal pertama,5,3.77.1,2023-05-27 23:57:54,"Halo Kak, terima kasih banyak atas ratingnya, semoga Kakak tetap nyaman dan selau setia menjadi pelanggan Traveloka. Yuk Kak pantengin terus Traveloka Lifestyle Super App karna kami selalu berikan promo-promo yg menarik loooh, jangan sampai ketinggalan ya :)",2023-05-28 00:12:11,3.77.1
lalu hardianto,mantap,5,3.76.0,2023-05-27 23:54:09,"Hi Kak, senang banget nih dapat rating bagus dari Kakak, terima kasih juga atas feedbacknya! Kenyamanan Kakak adalah prioritas Kami, jika ada pertanyaan lainnya jangan sungkan ya untuk infokan pada kami di https://www.traveloka.com/contactus . Jangan sampai ketinggalan penawaran menarik lainnya di Traveloka Lifestye Super Apps.",2023-05-28 00:12:14,3.76.0
sartika purnama dewi,Selama ini baik2 ajj paylater ny. Saran nh utk bunga ny jgn mahal2 donk..,5,3.77.1,2023-05-27 23:03:31,"Hai, Kak Sartika. Terima kasih buat kritik dan saran kamu, untuk kedepannya kami akan terus meningkatkan dalam memberikan pelayanan yang maksimal dan prima. -RZ",2023-05-27 23:19:55,3.77.1
Aldo Defri Herdiansyah,membagongkan,5,3.77.1,2023-05-27 21:14:34,"Halo Kak, terima kasih banyak atas ratingnya, semoga Kakak tetap nyaman dan selau setia menjadi pelanggan Traveloka. Yuk Kak pantengin terus Traveloka Lifestyle Super App karna kami selalu berikan promo-promo yg menarik loooh, jangan sampai ketinggalan ya :)",2023-05-27 21:42:08,3.77.1
Afei Feiadhil,Manja(mantap jiwa),5,3.76.0,2023-05-27 17:29:46,"Halo Kak, terima kasih banyak atas ratingnya, semoga Kakak tetap nyaman dan selau setia menjadi pelanggan Traveloka. Yuk Kak pantengin terus Traveloka Lifestyle Super App karna kami selalu berikan promo-promo yg menarik loooh, jangan sampai ketinggalan ya :)",2023-05-27 17:42:08,3.76.0
patri Buyunk,"Kalo gak ada promo gak usah bikin2 sok ada promo.. Pas di cek ada promo, pas mau di pesan langsung hilang promo nya.. Bukan sekali kyg gt udah sering skrang, parah kali kalian",1,3.51.2,2023-05-27 16:31:39,"Hai Patri. Mohon maaf atas kendala yang kamu alami. Pastikan agar dapat menggunakan promo yang kamu inginkan, kamu sudah memenuhi semua syarat dan ketentuan yang berlaku ya. Terima kasih. -KK",2023-05-27 16:45:26,3.51.2
Akhmad hadi Sofiyan,٩٠,1,3.76.0,2023-05-27 16:19:56,"Hai, Akhmad. Untuk membantu kami memahami kendala yang dialami, mohon bantuannya untuk menginformasikan detail kendala dan nomor pesanan (jika ada) melalui https://www.traveloka.com/contactus agar kami dapat membantu lebih lanjut. Terima kasih. -KK",2023-05-27 16:47:39,3.76.0
Fiqih Ramadansyah,good tengab,5,3.77.1,2023-05-27 16:11:57,"Hi, thank you very much for the positive review! Please feel free to contact us at https://www.traveloka.com/contactus we're more than happy to assist you and Stay tuned for more exciting offers on Traveloka Lifestyle Super App.",2023-05-27 16:42:09,3.77.1
Srilestaa _,kenapa loading lama banget sih padahal jaringan bagus,2,3.77.1,2023-05-27 16:09:38,"Hai Sri. Kami mohon maaf atas kendala yang kamu alami. Terkait kendala kamu, mimin sarankan untuk hapus cache pada pengaturan aplikasi dan pastikan aplikasi kamu sudah versi terbaru ya Kak. Terima kasih. -KK",2023-05-27 16:16:02,3.77.1
Browniez Ahmad (Brorize),good transaction,5,3.77.1,2023-05-27 16:07:33,"Hi, thank you very much for the positive review! Please feel free to contact us at https://www.traveloka.com/contactus we're more than happy to assist you and Stay tuned for more exciting offers on Traveloka Lifestyle Super App.",2023-05-27 16:12:08,3.77.1
amymanan anturbapit,👍,4,3.77.1,2023-05-27 15:34:02,"Hai, Amy. Terima kasih atas penilaian dan feedback dari kamu, kami akan terus meningkatkan kepuasan para pengguna. Jika ada pertanyaan lainnya jangan sungkan ya untuk infokan pada kami di https://www.traveloka.com/contactus. Jangan sampai ketinggalan juga penawaran menarik lainnya di Traveloka Lifestye Super Apps. Terima kasih. -KK",2023-05-27 16:07:11,3.77.1
wahyu sugiharto,Good application 👍,5,3.77.1,2023-05-27 14:28:47,"Hi, thank you very much for the positive review! Please feel free to contact us at https://www.traveloka.com/contactus we're more than happy to assist you and Stay tuned for more exciting offers on Traveloka Lifestyle Super App.",2023-05-27 14:42:08,3.77.1
gugun sefty,mantul,5,3.76.0,2023-05-27 12:59:15,"Halo Kak, terima kasih banyak atas ratingnya, semoga Kakak tetap nyaman dan selau setia menjadi pelanggan Traveloka. Yuk Kak pantengin terus Traveloka Lifestyle Super App karna kami selalu berikan promo-promo yg menarik loooh, jangan sampai ketinggalan ya :)",2023-05-27 13:12:07,3.76.0
ikrar al farabi,kurang informatif,3,3.77.1,2023-05-27 11:39:01,"Hai Ikrar, mohon maaf banget terkait hal ini ya. Boleh infokan rincian yang kamu alami via tautan ini https://www.traveloka.com/id-id/contactus supaya nantinya kami bantu lebih lanjut ya Kak. Terima kasih. -OR",2023-05-27 11:44:21,3.77.1
Muchammad Abdul Ghofur,sangat memudahkan,5,3.77.1,2023-05-27 11:33:18,"Halo Kak, terima kasih banyak atas ratingnya, semoga Kakak tetap nyaman dan selau setia menjadi pelanggan Traveloka. Yuk Kak pantengin terus Traveloka Lifestyle Super App karna kami selalu berikan promo-promo yg menarik loooh, jangan sampai ketinggalan ya :)",2023-05-27 11:42:08,3.77.1
Munis Tamar,sangat jelas ptnjuk dan ada asuransi jg,4,3.77.1,2023-05-27 10:47:21,"Halo Kak, terima kasih banyak atas ratingnya, semoga Kakak tetap nyaman dan selau setia menjadi pelanggan Traveloka. Yuk Kak pantengin terus Traveloka Lifestyle Super App karna kami selalu berikan promo-promo yg menarik loooh, jangan sampai ketinggalan ya :)",2023-05-27 11:12:16,3.77.1
zaenal abidin,Oke,5,3.76.0,2023-05-27 10:46:09,"Hai, Zaenal. Terima kasih atas penilaiannya, kami akan terus berkembang untuk kenyamanan pengguna yang lebih baik ke depannya. Terima kasih. -SC",2023-05-27 11:13:46,3.76.0
Mila Jamilah,"Sengaja kesini, karna di cs nya ga nemu solusi, jadi setiap pas sudah klik setuju pay at nungguin SMS , SMS nya ga pernah ada, password nya kan isi secara otomatis, tapi ga pernah ada sampe pesanan batal sendiri karna ga ga ada proses verifikasi password nya ga ada terus",2,,2023-05-27 10:28:29,"Halo, Mila. Mohon maaf atas kendala dan ketidaknyamanan yang kamu alami. Saat ini laporan kamu sudah dalam penanganan tim kami melalui nomor laporan #32xxx780. Silakan menunggu info lanjut melalui nomor laporan tersebut. Terima kasih. -SC",2023-05-27 10:45:55,
Alvian Dolvy,"Proses refund nya terlalu lama, diajukan dan disetujui 30 april, sampe sekarang belum dikirim",2,3.77.1,2023-05-27 10:11:46,"Halo, Kak Alvian. Setiap maskapai memiliki kebijakan refund yang berbeda-beda. Kami bantu cek kamu sudah memiliki laporan dengan nomor #32xxx367. Jika kamu memiliki pertanyaan lebih lanjut silakan sampaikan melalui https://www.traveloka.com/id-id/contactus. Terima kasih. -SC",2023-05-27 10:15:16,3.77.1
Rizky Danim,Selama ini enjoy2 aja Pakai aplikasi ini. Terima kasih,4,3.77.1,2023-05-27 08:59:39,"Halo Kak, terima kasih banyak atas ratingnya, semoga Kakak tetap nyaman dan selau setia menjadi pelanggan Traveloka. Yuk Kak pantengin terus Traveloka Lifestyle Super App karna kami selalu berikan promo-promo yg menarik loooh, jangan sampai ketinggalan ya :)",2023-05-27 09:12:05,3.77.1
You Lie,Pengajuan virtual number sudah disetujui tapi mau diaktifkan nggak bisa,5,,2023-05-27 08:15:45,"Hai, Kak. Kami meminta maaf atas kendala yang kamu alami. Kamu dapat menghubungi kami melalui https://www.traveloka.com/id-id/contactus agar masalahmu bisa diselesaikan secepat mungkin.
Kami akan berikan solusi terbaik agar kamu dapat merasa puas.. Terima kasih. -OE",2023-05-27 08:45:08,
syafrizal nasrul,Lebih umum umum hari hari ni memang tak ml,2,3.77.1,2023-05-27 07:36:29,"Halo, Kak syafrizal. Jika kamu memiliki pertanyaan/kendala mohon infokan ke kami melalui https://www.traveloka.com/contactus ya. Semoga kedepannya kami bisa dapat bintang 5 dari kamu. Terima kasih 🙏 -RU",2023-05-27 07:45:45,3.77.1
hery Ramadhan,ok,5,3.77.1,2023-05-27 07:32:00,"Hi, we are so grateful to get a lot of support from you. Hope you continue to enjoy our offers. If you have any feedback or suggestions, let us know on https://www.traveloka.com/contactus, our customer service would love to serve you in 24 hours. Thank you!",2023-05-27 07:42:11,3.77.1
Muhamad Syahril,Siipp👍,4,,2023-05-27 07:06:43,"Halo, Syahril. Terima kasih atas penilaiannya dan telah memilih Traveloka sebagai partner perjalanan kamu. Terima kasih. -SC",2023-05-27 07:13:13,
Cecil Project,Apakah memang sudah tidak ada menu bioskop yaa .?,3,3.77.1,2023-05-27 06:13:10,"Halo, Cecil. Kami menghentikan Movies sebagai bagian dari strategi bisnis dan prioritas perusahaan pada tanggal 28 Februari 2023. Kami akan memastikan keputusan ini tidak mempengaruhi bisnis kami yang lain karena kami berusaha memberikan kontribusi positif kepada konsumen dengan menyediakan produk dan layanan perjalanan yang relevan. -OE",2023-05-27 06:48:42,3.77.1
Darmiyati Darmiyati,good,5,3.76.0,2023-05-27 05:12:27,"Hi, thank you very much for the positive review! Please feel free to contact us at https://www.traveloka.com/contactus we're more than happy to assist you and Stay tuned for more exciting offers on Traveloka Lifestyle Super App.",2023-05-27 05:42:07,3.76.0
Ugit Ngaderi,baik,5,3.76.0,2023-05-27 04:42:58,"Halo Kak, terima kasih banyak atas ratingnya, semoga Kakak tetap nyaman dan selau setia menjadi pelanggan Traveloka. Yuk Kak pantengin terus Traveloka Lifestyle Super App karna kami selalu berikan promo-promo yg menarik loooh, jangan sampai ketinggalan ya :)",2023-05-27 05:12:06,3.76.0
ABDULRACHMAN SAIFUL,mantap,5,3.77.1,2023-05-27 03:26:44,"Hi Kak, senang banget nih dapat rating bagus dari Kakak, terima kasih juga atas feedbacknya! Kenyamanan Kakak adalah prioritas Kami, jika ada pertanyaan lainnya jangan sungkan ya untuk infokan pada kami di https://www.traveloka.com/contactus . Jangan sampai ketinggalan penawaran menarik lainnya di Traveloka Lifestye Super Apps.",2023-05-27 03:42:11,3.77.1
Dwi Sebtiana,"Infonya tgl 27 bisa mendaftar paylater pas sudah tgl 27 tulisannya ada masalah server coba lagi nanti , ini sebenernya mau kasih fasilitas apa cuman mau pamer doang",2,3.77.1,2023-05-27 03:14:15,"Hai, Dwi. Mohon maaf atas ketidaknyamanan yang terjadi. Kalau kamu memiliki kendala terkait pendaftaran PayLater Traveloka, mohon hubungi kami melalui tautan ini https://www.traveloka.com/id-id/contactus untuk dibantu cek lebih lanjut ya. Terima kasih 🙏 -WR",2023-05-27 03:45:30,3.77.1
Icha Rezza,Pelayanan ga bagus,1,3.77.1,2023-05-27 03:00:37,"Hai, Icha. Mohon maaf atas ketidaknyamanannya. Dipastikan untuk kenyamanan pengguna Traveloka, kami akan perbaiki dan tingkatkan performa Traveloka. Kalau kamu memiliki kendala, mohon hubungi kami melalui tautan ini ya https://www.traveloka.com/id-id/contactus. Terima kasih 🙏 -WR",2023-05-27 03:14:49,3.77.1
Hardi g Hardi,proses memuaskan,5,3.77.1,2023-05-27 02:54:43,"Halo Kak, terima kasih banyak atas ratingnya, semoga Kakak tetap nyaman dan selau setia menjadi pelanggan Traveloka. Yuk Kak pantengin terus Traveloka Lifestyle Super App karna kami selalu berikan promo-promo yg menarik loooh, jangan sampai ketinggalan ya :)",2023-05-27 03:12:08,3.77.1
FarandickJuan Ing,responnya cepat,4,3.76.0,2023-05-27 01:50:27,"Halo Kak, terima kasih banyak atas ratingnya, semoga Kakak tetap nyaman dan selau setia menjadi pelanggan Traveloka. Yuk Kak pantengin terus Traveloka Lifestyle Super App karna kami selalu berikan promo-promo yg menarik loooh, jangan sampai ketinggalan ya :)",2023-05-27 02:12:11,3.76.0
Sulaiman,ok,5,3.77.1,2023-05-27 01:49:05,"Hi, we are so grateful to get a lot of support from you. Hope you continue to enjoy our offers. If you have any feedback or suggestions, let us know on https://www.traveloka.com/contactus, our customer service would love to serve you in 24 hours. Thank you!",2023-05-27 02:12:14,3.77.1
Budhi A,"ga pernah masalah utk pesan tiket mauoun hotel, dan mudah digunakan",5,3.77.1,2023-05-27 01:47:26,"Hi Kak, terima kasih atas feedbacknya, semoga Kakak tetap setia dengan Traveloka. Jika ada pertanyaan lain bisa langsung infokan pada kami di https://www.traveloka.com/contactus ya, Kak. Pantau terus Traveloka Lifestyle Super App untuk penawaran spesial lainnya!",2023-05-27 02:12:18,3.77.1
ABDULLAH SYAFEI,mantap,5,3.77.1,2023-05-27 01:08:42,"Halo Kak, terima kasih banyak atas ratingnya, semoga Kakak tetap nyaman dan selau setia menjadi pelanggan Traveloka. Yuk Kak pantengin terus Traveloka Lifestyle Super App karna kami selalu berikan promo-promo yg menarik loooh, jangan sampai ketinggalan ya :)",2023-05-27 01:12:07,3.77.1
Ade Monrihardi,good for traveler,5,3.77.1,2023-05-27 01:03:07,"Hi, we are so grateful to get a lot of support from you. Hope you continue to enjoy our offers. If you have any feedback or suggestions, let us know on https://www.traveloka.com/contactus, our customer service would love to serve you in 24 hours. Thank you!",2023-05-27 01:12:10,3.77.1
De So,👍👍👍👍,5,3.77.0,2023-05-27 00:52:28,"Hai, Kak. Terima kasih atas review yang kamu berikan dan terima kasih telah menggunakan Traveloka sebagai partner perjalanan kamu. -SY",2023-05-27 01:18:55,3.77.0
Iswanto Mamblay,12~%!GT,1,,2023-05-27 00:45:01,"Hai, Iswanto. Kami meminta maaf atas kendala yang kamu alami. Kamu dapat menghubungi kami melalui https://www.traveloka.com/id-id/contactus agar masalahmu bisa diselesaikan secepat mungkin.
Kami akan berikan solusi terbaik agar kamu dapat merasa puas dan layanan kami layak mendapatkan rating yang lebih baik. Terima kasih. -OE",2023-05-27 01:13:41,
Moh Ali,bagus,5,3.77.1,2023-05-27 00:10:23,"Halo Kak, terima kasih banyak atas ratingnya, semoga Kakak tetap nyaman dan selau setia menjadi pelanggan Traveloka. Yuk Kak pantengin terus Traveloka Lifestyle Super App karna kami selalu berikan promo-promo yg menarik loooh, jangan sampai ketinggalan ya :)",2023-05-27 00:12:07,3.77.1
Lukman Daud,baik,5,3.77.1,2023-05-26 23:21:57,"Halo Kak, terima kasih banyak atas ratingnya, semoga Kakak tetap nyaman dan selau setia menjadi pelanggan Traveloka. Yuk Kak pantengin terus Traveloka Lifestyle Super App karna kami selalu berikan promo-promo yg menarik loooh, jangan sampai ketinggalan ya :)",2023-05-26 23:42:07,3.77.1
Agung Dharmawan,"Cukup membantu, tingkatkan kapasitas jaringan biar ga muter terus, klo rebutan cari tiket ga keduluan sama toko sebelah.. 🙏",5,3.77.1,2023-05-26 23:11:09,"Halo Kak, terima kasih banyak atas ratingnya, semoga Kakak tetap nyaman dan selau setia menjadi pelanggan Traveloka. Yuk Kak pantengin terus Traveloka Lifestyle Super App karna kami selalu berikan promo-promo yg menarik loooh, jangan sampai ketinggalan ya :)",2023-05-26 23:12:06,3.77.1
Awalul Rizal,Harga akhir lebih murah,5,3.77.1,2023-05-26 21:57:28,"Halo Kak, terima kasih banyak atas ratingnya, semoga Kakak tetap nyaman dan selau setia menjadi pelanggan Traveloka. Yuk Kak pantengin terus Traveloka Lifestyle Super App karna kami selalu berikan promo-promo yg menarik loooh, jangan sampai ketinggalan ya :)",2023-05-26 22:12:07,3.77.1
GRUNGE IS DEAD,Bangpuki,1,3.77.1,2023-05-26 21:41:37,"Hai, Kak. Bila",2023-05-26 21:51:52,3.77.1
Inge Yogi,Ngak bisa cara pakainya aplikasi ini,1,,2023-05-26 17:39:17,"Hai, Kak Inge. Untuk menggunakan atau melakukan pemesanan di Traveloka, kamu bisa cek link berikut ya https://www.traveloka.com/id-id/how-to/bookflight. Terima kasih. -RZ",2023-05-26 17:49:20,
Daniel Prasetya Adi,"Update kursi kereta ngak jelas, bisa di pilih kursi ternyata setelah selesai pembayaran jadi kursi random",1,3.77.1,2023-05-26 16:14:22,"Hai Kak Daniel, maaf banget ketidaknyamanan pemilihan kursi pemesanan Kereta Api. Untuk memudahkan mimin cek adanya mismatch kursi yang sudah dipilih, boleh kamu infoin detail kursi yang seharusnya sudah kamu pilih dan nomor pesanannya melalui https://www.traveloka.com/id-id/contactus. Terima kasih -DZ",2023-05-26 16:45:25,3.77.1
warnier aja,"sejauh ini oke,, sudah bbrapa x pesan disini top",5,3.77.1,2023-05-26 15:10:33,"Halo Kak, terima kasih banyak atas ratingnya, semoga Kakak tetap nyaman dan selau setia menjadi pelanggan Traveloka. Yuk Kak pantengin terus Traveloka Lifestyle Super App karna kami selalu berikan promo-promo yg menarik loooh, jangan sampai ketinggalan ya :)",2023-05-26 15:12:06,3.77.1
Eli Purwoko,sangat membantu,5,3.77.1,2023-05-26 14:40:14,"Halo Kak, terima kasih banyak atas ratingnya, semoga Kakak tetap nyaman dan selau setia menjadi pelanggan Traveloka. Yuk Kak pantengin terus Traveloka Lifestyle Super App karna kami selalu berikan promo-promo yg menarik loooh, jangan sampai ketinggalan ya :)",2023-05-26 14:42:23,3.77.1
Filipus Nainggolan,Filipus Nainggolan Hottua Ed Ganteng,5,3.76.0,2023-05-26 14:40:00,"Hi Kak, senang banget nih dapat rating bagus dari Kakak, terima kasih juga atas feedbacknya! Kenyamanan Kakak adalah prioritas Kami, jika ada pertanyaan lainnya jangan sungkan ya untuk infokan pada kami di https://www.traveloka.com/contactus . Jangan sampai ketinggalan penawaran menarik lainnya di Traveloka Lifestye Super Apps.",2023-05-26 14:42:26,3.76.0
Mizter Fikri,pembelian mudah,5,3.77.1,2023-05-26 13:50:19,"Hi Kak, senang banget nih dapat rating bagus dari Kakak, terima kasih juga atas feedbacknya! Kenyamanan Kakak adalah prioritas Kami, jika ada pertanyaan lainnya jangan sungkan ya untuk infokan pada kami di https://www.traveloka.com/contactus . Jangan sampai ketinggalan penawaran menarik lainnya di Traveloka Lifestye Super Apps.",2023-05-26 14:12:10,3.77.1
Sahrusin Pku,good,5,3.76.0,2023-05-26 13:34:17,"Hi, thank you very much for the positive review! Please feel free to contact us at https://www.traveloka.com/contactus we're more than happy to assist you and Stay tuned for more exciting offers on Traveloka Lifestyle Super App.",2023-05-26 13:42:07,3.76.0
Inal Syam,sangat membantu saat perjalanan,5,3.64.0,2023-05-26 13:31:49,"Hi Kak, senang banget nih dapat rating bagus dari Kakak, terima kasih juga atas feedbacknya! Kenyamanan Kakak adalah prioritas Kami, jika ada pertanyaan lainnya jangan sungkan ya untuk infokan pada kami di https://www.traveloka.com/contactus . Jangan sampai ketinggalan penawaran menarik lainnya di Traveloka Lifestye Super Apps.",2023-05-26 13:42:11,3.64.0
Ardiansyah ARDY,"Pernah Dobel pemesanan.. Minta pengajuan pembatalan tapi gak ada respon.. Berharap saldo paylater kembali, ehh malah gak ada respon.. Makin kesini makin susah aja nih traveloka..",3,3.76.0,2023-05-26 13:17:50,"Hai, Ardiansyah. Kami meminta maaf atas kendala yang kamu alami. Kamu dapat menghubungi kami melalui https://www.traveloka.com/contactus agar masalahmu bisa diselesaikan secepat mungkin. Terima kasih. -RU",2023-05-26 13:44:59,3.76.0
yudhi aryanatha,mantap traveloka,5,3.77.1,2023-05-26 12:44:47,"Hi Kak, terima kasih atas feedbacknya, semoga Kakak tetap setia dengan Traveloka. Jika ada pertanyaan lain bisa langsung infokan pada kami di https://www.traveloka.com/contactus ya, Kak. Pantau terus Traveloka Lifestyle Super App untuk penawaran spesial lainnya!",2023-05-26 13:12:13,3.77.1
Jay Ahmad,Banyak voucher diskon Simpel dan aman,5,3.77.1,2023-05-26 12:42:26,"Halo Kak, terima kasih banyak atas ratingnya, semoga Kakak tetap nyaman dan selau setia menjadi pelanggan Traveloka. Yuk Kak pantengin terus Traveloka Lifestyle Super App karna kami selalu berikan promo-promo yg menarik loooh, jangan sampai ketinggalan ya :)",2023-05-26 13:12:15,3.77.1
Nur Amalia Rizkita,Gila ya minta update mulu.,1,3.76.0,2023-05-26 12:28:08,"Halo Amalia, mohon maaf terkait hal ini. Demi kenyamanan penggunaan, mimin sarankan agar selalu update aplikasinya hingga versi terbaru ya Kak. Terima kasih. -OR",2023-05-26 12:45:53,3.76.0
Prilly Raleka,Keren sangat membantu,5,3.77.1,2023-05-26 12:28:07,"Halo Kak, terima kasih banyak atas ratingnya, semoga Kakak tetap nyaman dan selau setia menjadi pelanggan Traveloka. Yuk Kak pantengin terus Traveloka Lifestyle Super App karna kami selalu berikan promo-promo yg menarik loooh, jangan sampai ketinggalan ya :)",2023-05-26 12:42:08,3.77.1
Dwi Hary Soeryadi,Good service,5,3.77.1,2023-05-26 12:18:22,"Hi, we are so grateful to get a lot of support from you. Hope you continue to enjoy our offers. If you have any feedback or suggestions, let us know on https://www.traveloka.com/contactus, our customer service would love to serve you in 24 hours. Thank you!",2023-05-26 12:42:10,3.77.1
Zidane Rendharma,mudah & cepat,5,3.77.1,2023-05-26 12:02:32,"Halo Kak, terima kasih banyak atas ratingnya, semoga Kakak tetap nyaman dan selau setia menjadi pelanggan Traveloka. Yuk Kak pantengin terus Traveloka Lifestyle Super App karna kami selalu berikan promo-promo yg menarik loooh, jangan sampai ketinggalan ya :)",2023-05-26 12:12:06,3.77.1
Usman Akbar,good job,5,3.77.1,2023-05-26 11:58:30,"Hi, we are so grateful to get a lot of support from you. Hope you continue to enjoy our offers. If you have any feedback or suggestions, let us know on https://www.traveloka.com/contactus, our customer service would love to serve you in 24 hours. Thank you!",2023-05-26 12:12:09,3.77.1
windhi yoga Pratama,jos,5,3.77.1,2023-05-26 11:00:37,"Hai, Kak Windhi. Senang banget dapat bintang lima dari Kakak, terima kasih atas apresiasinya. Semoga pengalaman Kakak bersama Traveloka selalu menyenangkan :) -RU",2023-05-26 11:17:09,3.77.1
Sa'aluddin Adis,keren... apl ini sangat membantu sy...,5,3.76.0,2023-05-26 10:35:43,"Halo Kak, terima kasih banyak atas ratingnya, semoga Kakak tetap nyaman dan selau setia menjadi pelanggan Traveloka. Yuk Kak pantengin terus Traveloka Lifestyle Super App karna kami selalu berikan promo-promo yg menarik loooh, jangan sampai ketinggalan ya :)",2023-05-26 10:42:06,3.76.0
PRINCE SULTAN,The Best Aplikasi Booking Hotel,5,3.77.1,2023-05-26 10:08:24,"Hi, thank you very much for the positive review! Please feel free to contact us at https://www.traveloka.com/contactus we're more than happy to assist you and Stay tuned for more exciting offers on Traveloka Lifestyle Super App.",2023-05-26 10:12:07,3.77.1
nissa nissa,membantu sekali aplikasi ini ❤️❤️,5,3.77.1,2023-05-26 08:35:36,"Halo Kak, terima kasih banyak atas ratingnya, semoga Kakak tetap nyaman dan selau setia menjadi pelanggan Traveloka. Yuk Kak pantengin terus Traveloka Lifestyle Super App karna kami selalu berikan promo-promo yg menarik loooh, jangan sampai ketinggalan ya :)",2023-05-26 08:42:06,3.77.1
Hendra Pelaut,"Gak ada masalah sih sebenarnya dgn pesanan tiket ataupun booking hotel,, tp yg saya sesalkan,, sudah bertahun2 saya memakai aplikasi ini buat booking tiket pesawat tp setiap ngajukan paylater tdak pernah di setujui,,,PARAH Sorry traveloka",2,3.77.1,2023-05-26 08:19:35,"Hai, Hendra. Mohon maaf sebelumnya. Untuk pengajuan PayLater, hal tersebut akan dianalisa langsung oleh Tim PayLater mimin. Jika Kakak masih membutuhkan informasi lanjutan seputar Traveloka PayLater, kami sarankan untuk menghubungi langsung IG PayLater Traveloka di link https://www.instagram.com/travelokapaylater/. Terima kasih. -VK",2023-05-26 08:47:18,3.77.1
wawan gunawan,"Aplikasu gak mutu.... kapok, uninstall blass",1,3.77.1,2023-05-26 08:17:14,"Hai, Wawan. Mohon maaf atas pengalaman yang kamu alami. Jika saat ini mengalami kendala, kamu bisa menghubungi kami melalui https://www.traveloka.com/contactus. Terima kasih.-TK",2023-05-26 08:46:09,3.77.1
Cerius Wenda,"Allah enakedak waa 9 tahun Jawaban terindah dlm hidupku ,tahk rindu padaku,setiap langka tidak sia-sianya amin.",1,,2023-05-26 07:28:06,Hai Kak Wenda. Mohon maaf atas ketidaknyamanan yang kamu alami. Tentunya hal ini menjadi perhatian khusus bagi kami dan tim internal untuk melakukan evaluasi kembali agar tetap bisa memberikan pelayanan prima kepada pelanggan setia Traveloka. Terima kasih. -KA,2023-05-26 07:48:47,
Dalifah Amoy,"Isi data aja gak bisa""",1,,2023-05-26 07:22:24,"Halo, Dalifah. Kami meminta maaf atas ketidaknyamanan yang terjadi. Untuk membantu proses penyelesaian keluhan kamu, mohon bantuannya untuk menyampaikan kembali kendalanya melalui https://www.traveloka.com/contactus.

Semoga layanan serta solusi yang kami sampaikan dapat meningkatkan kepuasan kamu terhadap kami. Terima kasih. -RU",2023-05-26 07:46:00,
KM Arsyad,"mantap,bisa membantu",5,3.77.1,2023-05-26 07:19:09,"Halo Kak, terima kasih banyak atas ratingnya, semoga Kakak tetap nyaman dan selau setia menjadi pelanggan Traveloka. Yuk Kak pantengin terus Traveloka Lifestyle Super App karna kami selalu berikan promo-promo yg menarik loooh, jangan sampai ketinggalan ya :)",2023-05-26 07:42:07,3.77.1
Sutardi Sigit Pamungkas,"terimakasih, sangat membantu disaat urgent, untuk perjalanan nengok orang tua teman lagi sakit.",5,3.77.1,2023-05-26 06:54:41,"Halo Kak, terima kasih banyak atas ratingnya, semoga Kakak tetap nyaman dan selau setia menjadi pelanggan Traveloka. Yuk Kak pantengin terus Traveloka Lifestyle Super App karna kami selalu berikan promo-promo yg menarik loooh, jangan sampai ketinggalan ya :)",2023-05-26 07:12:08,3.77.1
Muh Arif,bagiku Traveloka yang terbaik selama 15 tahun selalu menemani di setiap saat selalu memberikan yang terbaik bets pokoknya menjamin keamana pembelian tiket khusus nya sekse selalu Traveloka,5,3.77.1,2023-05-26 06:45:59,"Hi Kak, senang banget nih dapat rating bagus dari Kakak, terima kasih juga atas feedbacknya! Kenyamanan Kakak adalah prioritas Kami, jika ada pertanyaan lainnya jangan sungkan ya untuk infokan pada kami di https://www.traveloka.com/contactus . Jangan sampai ketinggalan penawaran menarik lainnya di Traveloka Lifestye Super Apps.",2023-05-26 07:12:13,3.77.1
Rinagiat Bekerja,"Pelayanannya sangat memuaskan. Customer fast respon. Wlu kadang byk harga yg jauh dibawah, tp lbh pilih Traveloka. Mau reschedule, cancel dll sangat dibantu sm cs nya. Sll ada solusi tiap kendala. Memuaskan",5,,2023-05-26 06:44:09,"Hi Kak, terima kasih atas feedbacknya, semoga Kakak tetap setia dengan Traveloka. Jika ada pertanyaan lain bisa langsung infokan pada kami di https://www.traveloka.com/contactus ya, Kak. Pantau terus Traveloka Lifestyle Super App untuk penawaran spesial lainnya!",2023-05-26 07:12:16,
Hari Nur Hidayat,"Pengguna Dari tahun 2016, Artinya 7 tahun kami bersama Traveloka. Semakin praktis",5,3.77.1,2023-05-26 06:33:53,"Halo Kak, terima kasih banyak atas ratingnya, semoga Kakak tetap nyaman dan selau setia menjadi pelanggan Traveloka. Yuk Kak pantengin terus Traveloka Lifestyle Super App karna kami selalu berikan promo-promo yg menarik loooh, jangan sampai ketinggalan ya :)",2023-05-26 06:42:07,3.77.1
generasi Islami,oke,5,3.77.1,2023-05-26 06:18:10,"Hai, Kak. Terima kasih atas penilaiannya, kami akan terus berkembang untuk kenyamanan pengguna yang lebih baik ke depannya. Terima kasih. -SC",2023-05-26 06:44:31,3.77.1
suswanto anto,bisakah ubah jadwal free he he he,3,3.77.1,2023-05-26 06:16:51,"Hai, Suswanto. Pada dasarnya perubahan jadwal akan mengikuti regulasi dari pihak maskapai ataupun akomodasi ya. Biar kami bisa bantu cek, infokan nomor pesanan kamu melalui pesan aplikasi Traveloka atau email ke cs@traveloka.com Terima kasih. -KA",2023-05-26 06:45:41,3.77.1
Toni Agung,ok,5,3.77.1,2023-05-26 06:12:33,Thank you for leaving a good comment to us. Let us know if you have any suggestion for improvement through https://www.traveloka.com/contactus . Stay around for more interesting offers from Traveloka Lifestyle Super App!,2023-05-26 06:42:15,3.77.1
Pendi Pendiii,"Lk KY be. Dew U f0 ljet 9 P Vb L, P8 L👞👟👟my",5,3.71.0,2023-05-26 04:58:52,"Hai Kak Pendi. Makasih buat rating yang kamu berikan ya! Jika ada pertanyaan seputar Traveloka, silakan hubungi kami melalui link https://www.traveloka.com/id-id/contactus. Terima kasih. -RM",2023-05-26 05:14:24,3.71.0
Pe Pe,mantab,5,3.77.1,2023-05-26 03:16:01,"Halo Kak, terima kasih banyak atas ratingnya, semoga Kakak tetap nyaman dan selau setia menjadi pelanggan Traveloka. Yuk Kak pantengin terus Traveloka Lifestyle Super App karna kami selalu berikan promo-promo yg menarik loooh, jangan sampai ketinggalan ya :)",2023-05-26 03:42:07,3.77.1
Atah WHP Channel Wan Hary P,mntap,5,3.76.0,2023-05-26 03:12:05,"Hi Kak, senang banget nih dapat rating bagus dari Kakak, terima kasih juga atas feedbacknya! Kenyamanan Kakak adalah prioritas Kami, jika ada pertanyaan lainnya jangan sungkan ya untuk infokan pada kami di https://www.traveloka.com/contactus . Jangan sampai ketinggalan penawaran menarik lainnya di Traveloka Lifestye Super Apps.",2023-05-26 03:42:10,3.76.0
yohanes mtp,mantap,4,3.77.1,2023-05-26 02:56:50,"Halo Kak, terima kasih banyak atas ratingnya, semoga Kakak tetap nyaman dan selau setia menjadi pelanggan Traveloka. Yuk Kak pantengin terus Traveloka Lifestyle Super App karna kami selalu berikan promo-promo yg menarik loooh, jangan sampai ketinggalan ya :)",2023-05-26 03:12:07,3.77.1
Muhammad Khoir Simamora,Perfectee e di e r e vvb di,5,3.76.0,2023-05-26 02:42:27,"Hai, Muhammad Khoir. Terima kasih atas review yang kamu berikan ya. Jika ada pertanyaan dan butuh bantuan, silakan hubungi kami melalui https://www.traveloka.com/id-id/contactus. Terima kasih. -SY",2023-05-26 03:15:55,3.76.0
AJIJUN HASIBUAN,keren,4,3.77.1,2023-05-26 02:34:58,"Halo Kak, terima kasih banyak atas ratingnya, semoga Kakak tetap nyaman dan selau setia menjadi pelanggan Traveloka. Yuk Kak pantengin terus Traveloka Lifestyle Super App karna kami selalu berikan promo-promo yg menarik loooh, jangan sampai ketinggalan ya :)",2023-05-26 02:42:07,3.77.1
Tedy Murtejo,cepat,5,3.77.1,2023-05-26 02:15:49,"Hi Kak, senang banget nih dapat rating bagus dari Kakak, terima kasih juga atas feedbacknya! Kenyamanan Kakak adalah prioritas Kami, jika ada pertanyaan lainnya jangan sungkan ya untuk infokan pada kami di https://www.traveloka.com/contactus . Jangan sampai ketinggalan penawaran menarik lainnya di Traveloka Lifestye Super Apps.",2023-05-26 02:42:10,3.77.1
AHMAD YANIDASI,Terimakasih,3,3.72.0,2023-05-26 01:49:25,"Hai, Kak. Terima kasih atas ratingnya. Semoga kamu tetap nyaman dan selalu setia menjadi pelanggan Traveloka. Kalau kamu memiliki kendala atau pertanyaan seputar Traveloka, mohon hubungi kami melalui tautan ini https://www.traveloka.com/id-id/contactus. Terima kasih 🙏 -WR",2023-05-26 02:13:50,3.72.0
Hasbul Munzir,baik,5,3.77.0,2023-05-26 01:32:12,"Halo Kak, terima kasih banyak atas ratingnya, semoga Kakak tetap nyaman dan selau setia menjadi pelanggan Traveloka. Yuk Kak pantengin terus Traveloka Lifestyle Super App karna kami selalu berikan promo-promo yg menarik loooh, jangan sampai ketinggalan ya :)",2023-05-26 01:42:07,3.77.0
Purwanto Agus,bagus,5,3.77.1,2023-05-26 01:21:16,"Hi Kak, senang banget nih dapat rating bagus dari Kakak, terima kasih juga atas feedbacknya! Kenyamanan Kakak adalah prioritas Kami, jika ada pertanyaan lainnya jangan sungkan ya untuk infokan pada kami di https://www.traveloka.com/contactus . Jangan sampai ketinggalan penawaran menarik lainnya di Traveloka Lifestye Super Apps.",2023-05-26 01:42:10,3.77.1
Abdul Hakim,nyaman,5,3.77.1,2023-05-26 00:52:58,"Halo Kak, terima kasih banyak atas ratingnya, semoga Kakak tetap nyaman dan selau setia menjadi pelanggan Traveloka. Yuk Kak pantengin terus Traveloka Lifestyle Super App karna kami selalu berikan promo-promo yg menarik loooh, jangan sampai ketinggalan ya :)",2023-05-26 01:12:06,3.77.1
Adang Sugirirama,",ø",5,3.77.1,2023-05-25 18:06:49,"Halo, Adang. Terima kasih banyak atas ratingnya, semoga Kakak tetap nyaman dan selau setia menjadi pelanggan Traveloka. Yuk Kak pantengin terus Traveloka Lifestyle Super App karna kami selalu berikan promo-promo yg menarik loooh, jangan sampai ketinggalan ya :) -IN",2023-05-25 18:16:23,3.77.1
Fildzah Zata Ghassani,Banyak pertanyaan ga penting,1,3.77.1,2023-05-25 18:06:26,"Hai, Fildzah. Mohon maaf atas ketidaknyamannya. Apabila kamu memiliki kendala, silakan disampaikan detailnya melalui email di sc@traveloka.com, agar nantinya kami bisa lakukan pengecekan lebih lanjut. Terima kasih. -IN",2023-05-25 18:13:51,3.77.1
Beta Sari,"bagus bermanfaat, untuk melihat"" harga juga",5,3.76.0,2023-05-25 17:32:50,"Hai, Kak Beta. Terima kasih atas ratingnya Kak. Mimin tunggu pesanan kamu ya. Semoga sehat selalu. -RZ",2023-05-25 18:01:51,3.76.0
Tank M,"Apk bagus,,,,pemesanan cepat dan akurat, mudah untuk traveling dan pemesanan akomodasi lainnya, sukses terus Traveloka.",5,3.77.1,2023-05-25 17:01:17,"Halo Kak, terima kasih banyak atas ratingnya, semoga Kakak tetap nyaman dan selau setia menjadi pelanggan Traveloka. Yuk Kak pantengin terus Traveloka Lifestyle Super App karna kami selalu berikan promo-promo yg menarik loooh, jangan sampai ketinggalan ya :)",2023-05-25 17:12:10,3.77.1
Adinda Nurfatikhah,Mau isi alamat harud brtisi 20-120 karalter udh sesuai masih ga bisa,4,3.77.1,2023-05-25 14:58:14,"Halo Adinda, mohon maaf banget terkait hal ini ya. Jika perihal pendaftaran PayLater, pastikan alamat yang diisi tanpa menggunakan tanda baca ya Kak, mohon mencoba kembali. Terima kasih. -OR",2023-05-25 14:43:52,3.77.1
WIRA PRASADHA ANASUYA,Ok,5,3.28.0,2023-05-25 14:15:58,"Hi, thank you very much for the positive review! Please feel free to contact us at https://www.traveloka.com/contactus we're more than happy to assist you and Stay tuned for more exciting offers on Traveloka Lifestyle Super App.",2023-05-25 14:42:07,3.28.0
Diana Kania,Sangat mudah dan banyak membantu saya 🥰🥰 Terimakasih Traveloka 🤗🤗,5,3.77.1,2023-05-25 14:13:38,"Halo Kak, terima kasih banyak atas ratingnya, semoga Kakak tetap nyaman dan selau setia menjadi pelanggan Traveloka. Yuk Kak pantengin terus Traveloka Lifestyle Super App karna kami selalu berikan promo-promo yg menarik loooh, jangan sampai ketinggalan ya :)",2023-05-25 14:12:06,3.77.1
Tris Loho,Tolong bantu nomor lama saya sudah tidak bisa diverifikasi lagi karena saya tak memakai nomor lama,1,3.77.1,2023-05-25 13:23:53,"Hai Tris, mengenai pengajuan perubahan nomor telepon silakan dapat menghubungi kami melalui Chat Inbox di aplikasi Traveloka atau Email di cs@traveloka.com ya agar kami bantu lebih lebih lanjut. Terima kasih. -CA",2023-05-25 13:44:34,3.77.1
Yanto Har,0j,5,3.77.1,2023-05-25 13:18:37,"Hai Yanto, makasih ya atas feedback yang diberikan. Apabila ada pertanyaan, silakan dapat mengirimkan email ke kami di cs@traveloka.com atau pesan inbox di aplikasi Traveloka ya. Terima kasih. -CA",2023-05-25 14:17:11,3.77.1
Sahri Bulan,sangat baik,3,3.77.1,2023-05-25 13:01:37,"Hai, Sahri. Makasih buat penilaian kamu ya. Jika kamu memiliki pertanyaan lebih lanjut, silakan menghubungi kami melalui https://www.traveloka.com/contactus. Terima kasih.-TK",2023-05-25 13:14:16,3.77.1
Darto Sapurto,sungguh sangat membantu.. trimakasi traveloka👍👍,5,3.77.1,2023-05-25 12:03:12,"Halo Kak, terima kasih banyak atas ratingnya, semoga Kakak tetap nyaman dan selau setia menjadi pelanggan Traveloka. Yuk Kak pantengin terus Traveloka Lifestyle Super App karna kami selalu berikan promo-promo yg menarik loooh, jangan sampai ketinggalan ya :)",2023-05-25 12:12:06,3.77.1
Obet Kyr,Tolong di mengerti,2,3.77.0,2023-05-25 11:59:41,"Hai, Obet. Maaf buat kendalanya. Jika kamu memiliki kendala ataupun pertanyaan bisa hubungi kami melalui pesan aplikasi Traveloka ataupun email ke cs@traveloka.com ya, agar dapat kami bantu lebih lanjut. Terima kasih. -KA",2023-05-25 12:15:26,3.77.0
Ade Erni,mempermudah urusan di saat-saat urgent,5,3.76.0,2023-05-25 11:51:21,"Hi Kak, senang banget nih dapat rating bagus dari Kakak, terima kasih juga atas feedbacknya! Kenyamanan Kakak adalah prioritas Kami, jika ada pertanyaan lainnya jangan sungkan ya untuk infokan pada kami di https://www.traveloka.com/contactus . Jangan sampai ketinggalan penawaran menarik lainnya di Traveloka Lifestye Super Apps.",2023-05-25 12:12:10,3.76.0
Saring 60,Oke aplikasinya bagus memudahkan buat penggunanya amin,5,3.77.1,2023-05-25 11:24:03,"Halo Kak, terima kasih banyak atas ratingnya, semoga Kakak tetap nyaman dan selau setia menjadi pelanggan Traveloka. Yuk Kak pantengin terus Traveloka Lifestyle Super App karna kami selalu berikan promo-promo yg menarik loooh, jangan sampai ketinggalan ya :)",2023-05-25 11:42:07,3.77.1
Adad Musadad,Transaksi jadi praktis,5,3.77.1,2023-05-25 10:40:27,"Halo Kak, terima kasih banyak atas ratingnya, semoga Kakak tetap nyaman dan selau setia menjadi pelanggan Traveloka. Yuk Kak pantengin terus Traveloka Lifestyle Super App karna kami selalu berikan promo-promo yg menarik loooh, jangan sampai ketinggalan ya :)",2023-05-25 10:42:05,3.77.1
Andi farid,mantap huuuuu enjoy traveling,5,3.77.1,2023-05-25 09:46:55,"Hi Kak, terima kasih atas feedbacknya, semoga Kakak tetap setia dengan Traveloka. Jika ada pertanyaan lain bisa langsung infokan pada kami di https://www.traveloka.com/contactus ya, Kak. Pantau terus Traveloka Lifestyle Super App untuk penawaran spesial lainnya!",2023-05-25 10:12:11,3.77.1
Angela Farasya,Otw uninstal. Terlalu ribet ganti nama aja perlu pin. Pin nya aja ga bisa di masukin. Bikin pin baru aja harus berulang2,1,3.77.1,2023-05-25 08:56:26,"Hai Angela, maaf ya atas kendala yang dialami. Mengenai hal tersebut, agar dapat mempermudah dan menjaga keamanan data pengguna Traveloka ya. Apabila kamu ada pertanyaan, silakan dapat hubungi kami melalui https://www.traveloka.com/id-id/contactus. Terima kasih. -CA",2023-05-25 09:16:30,3.77.1
wolf diary さん,yeyy,5,3.77.1,2023-05-25 08:18:17,Makasih atas reviewnya ya Kak. Makasih juga sudah menjadikan Traveloka sebagai teman perjalanan kamu :) -MZ,2023-05-25 08:45:44,3.77.1
Dara Okta,kerennn,5,3.77.1,2023-05-25 06:38:30,"Hai Kak Dara, makasih buat ratingnya ya! Mimin tunggu pesanan kamu selanjutnya di Traveloka :) -RM",2023-05-25 06:49:49,3.77.1
Rudy filemon,Exellent,5,3.76.0,2023-05-25 06:13:19,"Hi, Rudy. Thank you for the rating and for choosing traveloka as your travel partner. -SC",2023-05-25 06:49:28,3.76.0
irman maulana,muda2han PT NUSA TRAVELINDO SELALAU AMANAH,5,3.77.1,2023-05-25 05:59:57,"Halo Kak, terima kasih banyak atas ratingnya, semoga Kakak tetap nyaman dan selau setia menjadi pelanggan Traveloka. Yuk Kak pantengin terus Traveloka Lifestyle Super App karna kami selalu berikan promo-promo yg menarik loooh, jangan sampai ketinggalan ya :)",2023-05-25 06:12:14,3.77.1
Sims situmorang,"Susah sekali ngajuin refund, karena ada pergantian schedule oleh maskapai, sudah 1 minggu terus2an sistem error. Ada solusi?",3,3.77.1,2023-05-25 05:44:13,"Hai, Sims. Maaf banget ya buat kendala pengajuan refund yang dialami. Silakan informasikan detail kendala dan juga nomor pemesanannya melalui link https://www.traveloka.com/contactus ya. Mimin akan berusaha untuk membantu kendala kamu tersebut. Terima kasih. -RF",2023-05-25 06:15:56,3.77.1
fandi frasetiyo,harga bersaing mantap,5,3.77.1,2023-05-25 05:22:07,"Halo Kak, terima kasih banyak atas ratingnya, semoga Kakak tetap nyaman dan selau setia menjadi pelanggan Traveloka. Yuk Kak pantengin terus Traveloka Lifestyle Super App karna kami selalu berikan promo-promo yg menarik loooh, jangan sampai ketinggalan ya :)",2023-05-25 05:42:08,3.77.1
LEONARDUS N. NAIMNANU,mantap,5,3.77.1,2023-05-25 05:13:14,"Hi Kak, senang banget nih dapat rating bagus dari Kakak, terima kasih juga atas feedbacknya! Kenyamanan Kakak adalah prioritas Kami, jika ada pertanyaan lainnya jangan sungkan ya untuk infokan pada kami di https://www.traveloka.com/contactus . Jangan sampai ketinggalan penawaran menarik lainnya di Traveloka Lifestye Super Apps.",2023-05-25 05:42:10,3.77.1
Syukran Revaldi,bagus,5,3.76.0,2023-05-25 05:11:13,"Halo Kak, terima kasih banyak atas ratingnya, semoga Kakak tetap nyaman dan selau setia menjadi pelanggan Traveloka. Yuk Kak pantengin terus Traveloka Lifestyle Super App karna kami selalu berikan promo-promo yg menarik loooh, jangan sampai ketinggalan ya :)",2023-05-25 05:12:12,3.76.0
Yovandrya Syafira,Mantap,4,3.77.0,2023-05-25 04:53:37,"Hi Kak, senang banget nih dapat rating bagus dari Kakak, terima kasih juga atas feedbacknya! Kenyamanan Kakak adalah prioritas Kami, jika ada pertanyaan lainnya jangan sungkan ya untuk infokan pada kami di https://www.traveloka.com/contactus . Jangan sampai ketinggalan penawaran menarik lainnya di Traveloka Lifestye Super Apps.",2023-05-25 05:12:14,3.77.0
Jovan Kusuma teja,Maaf ni sebelumnya. Kenapa ya paylater saya ngk bisa dibayar. Dan selalu ngebug saat mau pembayaran di paylater saya. Sampe saat paylater saya blum bisa buat dibayar. Soalnya ada tgihan si. Walaupun ngk banyak,1,,2023-05-25 04:19:37,"Hai Jovan. Maaf buat kamu tidak nyaman. Mohon dipastikan terlebih dahulu untuk aplikasi sudah terupdate dan coba berkala. Agar dibantu lebih lanjut, kamu dapat menghubungi kami via link https://www.traveloka.com/id-id/contactus. Terima kasih. -RM",2023-05-25 04:45:25,
adrianus laoli,👍,5,3.60.0,2023-05-25 03:00:32,"Halo, Adrianus. Terima kasih atas penilaiannya dan telah memilih Traveloka sebagai partner perjalanan kamu. Terima kasih. -SC",2023-05-25 03:13:15,3.60.0
Johannes Johannes,KALO ADA KENDALA SELALU DI BUAT EMOSI. PENYAMPAIAN KENDALA HNY VIA CHAT YG DIBALAS HMPR 30 MENIT. TLP KE CS KE SANA SINI YG JAWAB ROBOT. APLIKASI SERING BERMASALAH.,1,,2023-05-25 02:41:53,"Halo Johannes. Mohon maaf atas ketidaknyamanan yang kamu alami. Untuk pengecekan lebih lanjut terkait kendala kamu, silakan menghubungi kami melalui https://www.traveloka.com/id-id/contactus. Terima kasih. -MZ",2023-05-25 03:14:02,
Jahri Nofiargo,good,5,3.76.0,2023-05-25 02:37:03,"Hi, thank you very much for the positive review! Please feel free to contact us at https://www.traveloka.com/contactus we're more than happy to assist you and Stay tuned for more exciting offers on Traveloka Lifestyle Super App.",2023-05-25 02:42:06,3.76.0
Ambar Gunawan,"Pelayanan di Traveloka the best banget pokoknya. Mantap betul. Kemaren pernah transaksi dan salah nominal transfer, dan itu di cepet banget di tanggapin sama mereka 😍 recommended pokoknya 🤗",5,3.76.0,2023-05-25 01:12:21,"Halo Kak, terima kasih banyak atas ratingnya, semoga Kakak tetap nyaman dan selau setia menjadi pelanggan Traveloka. Yuk Kak pantengin terus Traveloka Lifestyle Super App karna kami selalu berikan promo-promo yg menarik loooh, jangan sampai ketinggalan ya :)",2023-05-25 01:42:07,3.76.0
IRWAN IRWAN,sudah mudah dan cepat,1,3.77.1,2023-05-25 01:08:46,"Hai, Irwan. Terima kasih atas reviewnya ya. Jika butuh bantuan silakan hubungi kami melalui https://www.traveloka.com/id-id/contactus. Terima kasih. -SY",2023-05-25 01:17:27,3.77.1
aisyah afiqoh,Good,5,3.77.1,2023-05-24 23:55:01,"Hi, thank you very much for the positive review! Please feel free to contact us at https://www.traveloka.com/contactus we're more than happy to assist you and Stay tuned for more exciting offers on Traveloka Lifestyle Super App.",2023-05-25 00:12:06,3.77.1
Danang Aji,bagus,5,3.77.1,2023-05-24 23:50:05,"Hi Kak, senang banget nih dapat rating bagus dari Kakak, terima kasih juga atas feedbacknya! Kenyamanan Kakak adalah prioritas Kami, jika ada pertanyaan lainnya jangan sungkan ya untuk infokan pada kami di https://www.traveloka.com/contactus . Jangan sampai ketinggalan penawaran menarik lainnya di Traveloka Lifestye Super Apps.",2023-05-25 00:12:09,3.77.1
Khoiruddin Muhammad,aman,5,3.77.1,2023-05-24 23:37:20,"Halo Kak, terima kasih banyak atas ratingnya, semoga Kakak tetap nyaman dan selau setia menjadi pelanggan Traveloka. Yuk Kak pantengin terus Traveloka Lifestyle Super App karna kami selalu berikan promo-promo yg menarik loooh, jangan sampai ketinggalan ya :)",2023-05-24 23:42:06,3.77.1
TOMY ASLAM,Alhamdulillah mempermudah perjalanan,5,3.77.1,2023-05-24 22:49:30,"Halo Kak, terima kasih banyak atas ratingnya, semoga Kakak tetap nyaman dan selau setia menjadi pelanggan Traveloka. Yuk Kak pantengin terus Traveloka Lifestyle Super App karna kami selalu berikan promo-promo yg menarik loooh, jangan sampai ketinggalan ya :)",2023-05-24 23:12:06,3.77.1
Yoga Andika,"Saran aja nih, untuk fitur Filter bisa di tambahkan short by rating atau pilihan rating utk 8 ke atas misalnya, sama bisa kasih fitur juga utk total harga ketika pencarian, jadi klo kita mau nginap 3 ato 4 ato lebih malam bisa langsung tau total harga ketika searching hotelnya. Itu akan sangat memudahkan pengguna.",5,3.77.1,2023-05-24 22:47:50,"Hi Kak, senang banget nih dapat rating bagus dari Kakak, terima kasih juga atas feedbacknya! Kenyamanan Kakak adalah prioritas Kami, jika ada pertanyaan lainnya jangan sungkan ya untuk infokan pada kami di https://www.traveloka.com/contactus . Jangan sampai ketinggalan penawaran menarik lainnya di Traveloka Lifestye Super Apps.",2023-05-24 23:12:10,3.77.1
Angella Nywart26,fine,5,3.76.0,2023-05-24 21:21:33,"Hi, thank you very much for the positive review! Please feel free to contact us at https://www.traveloka.com/contactus we're more than happy to assist you and Stay tuned for more exciting offers on Traveloka Lifestyle Super App.",2023-05-24 21:42:08,3.76.0
Faris Yahya,ok,5,3.77.0,2023-05-24 21:05:36,"Hi, thank you very much for the positive review! Please feel free to contact us at https://www.traveloka.com/contactus we're more than happy to assist you and Stay tuned for more exciting offers on Traveloka Lifestyle Super App.",2023-05-24 21:12:06,3.77.0
Rahmadani Syahputra,"Pembayaran berhasil, tapi skor masih rendah. Pembayaran via BRI BNI eror mulu yg ada hanya lewat mandiri dan BCA gmana sih",2,3.77.1,2023-05-24 20:55:39,Hai Kak. Mohon maaf atas ketidaknyamanannya. Mohon untuk sampaikan keluhan kamu secara detail melalui https://www.traveloka.com/id-id/contactus. Supaya kami dapat membantu permasalahan kamu. Terima kasih. -DA,2023-05-24 20:43:03,3.77.1
yamsik abidin,mantaaaap...,5,3.77.1,2023-05-24 20:21:42,"Hai kak, senangnya mendapat bintang lima dari kamu, terima kasih atas apresiasinya, semoga kaka tetap nyaman dan selau setia menjadi pelanggan Traveloka, yuk ka pantengin terus traveloka karna kami selalu berikan promo promo yg menarik loooh, jangan sampai ketinggalan ya. -DA",2023-05-24 20:46:38,3.77.1
Hendra Adi,sangat bagus,4,3.77.1,2023-05-24 19:51:42,"Halo Kak, terima kasih banyak atas ratingnya, semoga Kakak tetap nyaman dan selau setia menjadi pelanggan Traveloka. Yuk Kak pantengin terus Traveloka Lifestyle Super App karna kami selalu berikan promo-promo yg menarik loooh, jangan sampai ketinggalan ya :)",2023-05-24 20:12:14,3.77.1
Imam Subarkah,jozz,5,3.77.1,2023-05-24 15:52:09,"Hai Imam. Terima kasih banyak atas ratingnya, semoga kamu tetap nyaman dan selalu setia menjadi pelanggan Traveloka. Yuk Kak pantengin terus Traveloka Lifestyle Super App karna kami selalu berikan promo-promo yang menarik. Jangan sampai ketinggalan ya. :) -NT",2023-05-24 16:12:49,3.77.1
Iskan AR,"sangat mudah dan cepat proses reservasi, terima kasih",5,3.70.1,2023-05-24 15:21:26,"Halo Kak, terima kasih banyak atas ratingnya, semoga Kakak tetap nyaman dan selau setia menjadi pelanggan Traveloka. Yuk Kak pantengin terus Traveloka Lifestyle Super App karna kami selalu berikan promo-promo yg menarik loooh, jangan sampai ketinggalan ya :)",2023-05-24 15:42:06,3.70.1
riki putra,"Sebenarnya fitur Traveloka bagus dan menarik, transaksi ok cuma sedikit pertanyaan kenapa limit payletter nya mendadak turun padahal pembayaran on time lebih sering jauh sebelum jatuh tempo sudah dibayar, ini mendadak turun limit padahal pembayaran gak pernah bermasalah",5,3.77.1,2023-05-24 15:00:31,"Hai Riki, Maaf banget atas kendala yang kamu alami. Mimin mau banget bantu cek kendala kamu, tapi mimin butuh email dan nomor telepon yang terhubung di akun PayLater kamu. Yuk segera hubungi mimin melalui https://www.traveloka.com/contactus. Mimin tunggu ya. Terima kasih. -NT",2023-05-24 15:13:17,3.77.1
ovc surabaya,great,5,3.76.0,2023-05-24 14:36:59,"Hi, thank you very much for the positive review! Please feel free to contact us at https://www.traveloka.com/contactus we're more than happy to assist you and Stay tuned for more exciting offers on Traveloka Lifestyle Super App.",2023-05-24 14:42:06,3.76.0
Heisye Rawung,good,4,3.77.1,2023-05-24 14:03:33,"Hi, we are so grateful to get a lot of support from you. Hope you continue to enjoy our offers. If you have any feedback or suggestions, let us know on https://www.traveloka.com/contactus, our customer service would love to serve you in 24 hours. Thank you!",2023-05-24 14:12:10,3.77.1
Saryanto So Myung,"Kenapa setiap bayar harus ke ATM , gk bisa pakek m-banking... Agak merepotkan kalau ke ATM.",4,3.77.1,2023-05-24 13:57:23,"Hai, Kak Saryanto. Jika kamu ingin lakukan pembayaran melalui m-banking kami sarankan memilih metode pembayaran Transfer. Jika kamu mengalami kendala mohon infokan ke kami melalui https://www.traveloka.com/id-id/contactus. Terima kasih. -RU",2023-05-24 14:16:34,3.77.1
Muri Ulfajar,mantap cepat murah,5,3.77.1,2023-05-24 13:55:24,"Hi Kak, terima kasih atas feedbacknya, semoga Kakak tetap setia dengan Traveloka. Jika ada pertanyaan lain bisa langsung infokan pada kami di https://www.traveloka.com/contactus ya, Kak. Pantau terus Traveloka Lifestyle Super App untuk penawaran spesial lainnya!",2023-05-24 14:12:14,3.77.1
Syams Alqarny,"TRAVELOKA Bukan Lah Aplikasi Yang Sesuai Dengan Kriteria Mitra Pemesanan Online Sebagaimana Mestinya. Kembalikan Uang Gua , Aplikasi Haram. @Seluruh Rakyat Indonesia 🇮🇩 Gak Usah Pesan Disini Mangkrap Nanti Lu. Andai Ada Banyak Masalah Keterlambatan Kan Gua Yang Susah. TRAVELOKA ApK Burik.",1,,2023-05-24 13:19:00,"Hai Syams. Mohon maaf sekali atas ketidaknyamanannya, jika memiliki kendala pada pemesanan kamu, bisa langsung hubungi customer service kami melalui pesan di aplikasi Traveloka kamu atau melalui email di cs@traveloka.com, untuk dibantu lebih lanjut ya. Terima kasih. -FR",2023-05-24 13:45:31,
Jack Bessie NnZzWSW1847,bagus dan terpercaya,5,3.77.0,2023-05-24 13:07:39,"Hi Kak, senang banget nih dapat rating bagus dari Kakak, terima kasih juga atas feedbacknya! Kenyamanan Kakak adalah prioritas Kami, jika ada pertanyaan lainnya jangan sungkan ya untuk infokan pada kami di https://www.traveloka.com/contactus . Jangan sampai ketinggalan penawaran menarik lainnya di Traveloka Lifestye Super Apps.",2023-05-24 13:12:14,3.77.0
rusma luhde,pelayanan sangat cepat tiket lngsg muncul selesai transfer,5,3.77.0,2023-05-24 12:50:20,"Hi Kak, terima kasih atas feedbacknya, semoga Kakak tetap setia dengan Traveloka. Jika ada pertanyaan lain bisa langsung infokan pada kami di https://www.traveloka.com/contactus ya, Kak. Pantau terus Traveloka Lifestyle Super App untuk penawaran spesial lainnya!",2023-05-24 13:12:25,3.77.0
pawang BOT,pelayananan dan respon sangat baik saya sangat puas harga yang di tawarkan juga sangat bagus . terimakasih traveloka,4,3.77.1,2023-05-24 12:48:15,"Halo Kak, terima kasih banyak atas ratingnya, semoga Kakak tetap nyaman dan selau setia menjadi pelanggan Traveloka. Yuk Kak pantengin terus Traveloka Lifestyle Super App karna kami selalu berikan promo-promo yg menarik loooh, jangan sampai ketinggalan ya :)",2023-05-24 13:12:28,3.77.1
Rina Sri Wahyuni,memuaskan dan sangat membantu,5,3.74.1,2023-05-24 12:28:32,"Halo Kak, terima kasih banyak atas ratingnya, semoga Kakak tetap nyaman dan selau setia menjadi pelanggan Traveloka. Yuk Kak pantengin terus Traveloka Lifestyle Super App karna kami selalu berikan promo-promo yg menarik loooh, jangan sampai ketinggalan ya :)",2023-05-24 12:42:06,3.74.1
Nurmini Nurmini,mantap,5,3.77.1,2023-05-24 12:27:09,"Hi Kak, senang banget nih dapat rating bagus dari Kakak, terima kasih juga atas feedbacknya! Kenyamanan Kakak adalah prioritas Kami, jika ada pertanyaan lainnya jangan sungkan ya untuk infokan pada kami di https://www.traveloka.com/contactus . Jangan sampai ketinggalan penawaran menarik lainnya di Traveloka Lifestye Super Apps.",2023-05-24 12:42:09,3.77.1
Fauzan Azima,mantap 👍,5,3.77.0,2023-05-24 12:19:23,"Hi Kak, terima kasih atas feedbacknya, semoga Kakak tetap setia dengan Traveloka. Jika ada pertanyaan lain bisa langsung infokan pada kami di https://www.traveloka.com/contactus ya, Kak. Pantau terus Traveloka Lifestyle Super App untuk penawaran spesial lainnya!",2023-05-24 12:42:12,3.77.0
John Latumaerissa,Terbaik. Lebih Baik Lagi. 😉😉,5,3.34.1,2023-05-24 12:14:13,"Halo Kak, terima kasih banyak atas ratingnya, semoga Kakak tetap nyaman dan selau setia menjadi pelanggan Traveloka. Yuk Kak pantengin terus Traveloka Lifestyle Super App karna kami selalu berikan promo-promo yg menarik loooh, jangan sampai ketinggalan ya :)",2023-05-24 12:42:15,3.34.1
Fajarajjai,bagusss,5,3.77.1,2023-05-24 12:09:37,"Halo Kak, terima kasih banyak atas ratingnya, semoga Kakak tetap nyaman dan selau setia menjadi pelanggan Traveloka. Yuk Kak pantengin terus Traveloka Lifestyle Super App karna kami selalu berikan promo-promo yg menarik loooh, jangan sampai ketinggalan ya :)",2023-05-24 12:12:06,3.77.1
Mella Agustin,"Sudah 2 kali beli tiket pesawat di sini,, belum ada yg mengecewakan",4,3.77.0,2023-05-24 12:08:08,"Hai Mella . Terima kasih atas penilaian dan telah menjadikan Traveloka sebagai mitra perjalanan kamu, kami akan terus meningkat kepuasan para pengguna. Jika kamu memiliki pertanyaan lebih lanjut, silakan menghubungi kami melalui https://www.traveloka.com/contactus. Terima kasih. -AK",2023-05-24 12:13:48,3.77.0
Jim 619,sangat membantu 🙏😇,5,3.76.0,2023-05-24 12:06:05,"Hi Kak, senang banget nih dapat rating bagus dari Kakak, terima kasih juga atas feedbacknya! Kenyamanan Kakak adalah prioritas Kami, jika ada pertanyaan lainnya jangan sungkan ya untuk infokan pada kami di https://www.traveloka.com/contactus . Jangan sampai ketinggalan penawaran menarik lainnya di Traveloka Lifestye Super Apps.",2023-05-24 12:12:11,3.76.0
Aeka 7348,harga nya tiba2 naik saat pemiligan seat. terpaut hampir 50ribu,1,3.77.0,2023-05-24 11:43:11,"Hai, Aeka. Mohon maaf atas ketidaknyamanannya Kak. Untuk harga bisa berubah-ubah setiap waktunya, mengikuti update langsung dari pihak penyedia. Maka dari itu, kamu bisa cek dengan berkala ya untuk informasi harga terupdatenya pada saat melakukan pemesanan. Terima kasih. -IN",2023-05-24 12:16:54,3.77.0
art merung,mantap,5,3.77.0,2023-05-24 11:37:43,"Halo Kak, terima kasih banyak atas ratingnya, semoga Kakak tetap nyaman dan selau setia menjadi pelanggan Traveloka. Yuk Kak pantengin terus Traveloka Lifestyle Super App karna kami selalu berikan promo-promo yg menarik loooh, jangan sampai ketinggalan ya :)",2023-05-24 11:42:14,3.77.0
Wawan Setiawan,Traveloka memberikan kemudahan. Kenyamanan. Ketepatan dan banyak fasilitas yg saya butuhkan.,4,,2023-05-24 11:22:12,"Hi Kak, senang banget nih dapat rating bagus dari Kakak, terima kasih juga atas feedbacknya! Kenyamanan Kakak adalah prioritas Kami, jika ada pertanyaan lainnya jangan sungkan ya untuk infokan pada kami di https://www.traveloka.com/contactus . Jangan sampai ketinggalan penawaran menarik lainnya di Traveloka Lifestye Super Apps.",2023-05-24 11:42:17,
YUNI ANTO,"Saya kecewa dengan pelayanan Traveloka atas pembelian tiket Garuda Indonesia hari ini untuk hari Minggu tujuan Gorontalo. Sistem pengaduan hanya robot,dan feedback lama. Penggantian refund hanya 1.8 juta dari harga tiket 2.6 juta. Bapak/ibu saya saya sarankan pindah ke aplikasi travels yang lain,karena mereka sudah tidak bisa memenuhi pelayanan dan cenderung merugikan konsumen..contoh seperti saya dan istri saya",1,3.77.1,2023-05-24 11:22:01,"Mohon maaf atas ketidaknyamanan yang kamu alami, perihal pengembalian dana refund mengikuti kebijakan dari pihak maskapai yang kamu gunakan, namun jika kamu masih memiliki kendala Kakak bisa menghubungi kami melalui email kami di alamat email cs@traveloka.com dan informasikan detail kendala kamu ya Kak. Makasih. -AK",2023-05-24 11:44:54,3.77.1
Ach jamal Luddin,semoga tetap lancar dn gampang dlm pembelian tiket..,5,3.77.1,2023-05-24 11:20:24,"Hi Kak, terima kasih atas feedbacknya, semoga Kakak tetap setia dengan Traveloka. Jika ada pertanyaan lain bisa langsung infokan pada kami di https://www.traveloka.com/contactus ya, Kak. Pantau terus Traveloka Lifestyle Super App untuk penawaran spesial lainnya!",2023-05-24 11:42:21,3.77.1
Meta Aquarista,"Bapak ibu, jangan percaya dengan sistem traveloka pembatalan.. Saya kecewa dengan kejadian hari ini bahwa mereka hanya mengganti refund saya sebesar 65℅ atau sekitar 1.8 juta dari harga tiket 2.6 juta. Sistem pengaduan hanya robot dan susah dihubungi untuk konfirmasi pembatalan.. Lebih baik pake aplikasi travels yang lain",1,3.77.1,2023-05-24 11:18:16,"Hai, Meta. Mohon maaf atas ketidaknyamanan yang terjadi. Dari informasi terakhir, saat ini tim terkait akan melakukan investigasi lebih lanjut. Mohon menunggu konfirmasi selanjutnya melalui pesan aplikasi Traveloka. Silakan hubungi kami kembali jika kamu memiliki pertanyaan lanjutan. Terima kasih. -OE",2023-05-24 11:48:50,3.77.1
ICHAL MAMENT,luarbiasa,5,3.76.0,2023-05-24 10:36:57,"Hai, Ichal. Terima kasih atas penilaian dan telah menjadikan Traveloka sebagai mitra perjalanan kamu, kami akan terus meningkat kepuasan para pengguna. Jika kamu memiliki pertanyaan lebih lanjut, silakan menghubungi kami melalui https://www.traveloka.com/contactus. Terima kasih -AK",2023-05-24 10:44:34,3.76.0
agung pamuji,good,5,3.77.0,2023-05-24 10:35:54,"Hi, thank you very much for the positive review! Please feel free to contact us at https://www.traveloka.com/contactus we're more than happy to assist you and Stay tuned for more exciting offers on Traveloka Lifestyle Super App.",2023-05-24 10:42:08,3.77.0
Ervan Efendi,praktis dan sangat mudah untuk di akses,5,3.76.0,2023-05-24 09:18:09,"Halo Kak, terima kasih banyak atas ratingnya, semoga Kakak tetap nyaman dan selau setia menjadi pelanggan Traveloka. Yuk Kak pantengin terus Traveloka Lifestyle Super App karna kami selalu berikan promo-promo yg menarik loooh, jangan sampai ketinggalan ya :)",2023-05-24 09:42:07,3.76.0
berlly marwansyah,"App tidak jelas buat pengguna RUGI !!! bikin keliru pengguna, pilih tujuannya di tampilkan semua bukan sesuai kabupaten, app TIDAK MAU BERTANGGUNG JAWAB!!!",1,3.76.0,2023-05-24 08:44:02,"Hai, Berlly. Kami meminta maaf atas kendala yang kamu alami. Kamu dapat menghubungi kami melalui https://www.traveloka.com/id-id/contactus agar masalahmu bisa diselesaikan secepat mungkin.
Kami akan berikan solusi terbaik agar kamu dapat merasa puas dan layanan kami layak mendapatkan rating yang lebih baik. Terima kasih. -OE",2023-05-24 09:13:24,3.76.0
Rizky Plaju,👍👍🙏,5,3.43.1,2023-05-24 08:40:52,"Hai, Rizky. Terima kasih atas penilaian kamu :) -MZ",2021-12-09 07:01:29,3.43.1
reni karsidi,Traveloka apa lagi gangguan ya? Kok tiap mau booking tiket balik ke homepage terus ya,5,3.77.1,2023-05-24 08:38:48,"Hai Kak Reni, maaf banget ketidaknyamanan kamu. Pastikan app Traveloka kamu selalu terupdate ke versi terbaru untuk menghindari bug. Mimin sarankan juga silakan kamu clear cache app kamu pada file manager device yang kamu gunakan. Terima kasih -DZ",2023-05-24 08:45:21,3.77.1
Arif Dwi Kurniawan,bagus perjalanan selalu lancar,5,3.77.1,2023-05-24 08:29:42,"Halo Kak, terima kasih banyak atas ratingnya, semoga Kakak tetap nyaman dan selau setia menjadi pelanggan Traveloka. Yuk Kak pantengin terus Traveloka Lifestyle Super App karna kami selalu berikan promo-promo yg menarik loooh, jangan sampai ketinggalan ya :)",2023-05-24 08:42:07,3.77.1
Vinzhet Tjoey,pemesanan lebih cepat,5,3.77.1,2023-05-24 08:20:17,"Hi Kak, senang banget nih dapat rating bagus dari Kakak, terima kasih juga atas feedbacknya! Kenyamanan Kakak adalah prioritas Kami, jika ada pertanyaan lainnya jangan sungkan ya untuk infokan pada kami di https://www.traveloka.com/contactus . Jangan sampai ketinggalan penawaran menarik lainnya di Traveloka Lifestye Super Apps.",2023-05-24 08:42:10,3.77.1
Putra Papua,Pokoknya mantaplah...,4,3.77.0,2023-05-24 07:21:03,"Hi Kak, senang banget nih dapat rating bagus dari Kakak, terima kasih juga atas feedbacknya! Kenyamanan Kakak adalah prioritas Kami, jika ada pertanyaan lainnya jangan sungkan ya untuk infokan pada kami di https://www.traveloka.com/contactus . Jangan sampai ketinggalan penawaran menarik lainnya di Traveloka Lifestye Super Apps.",2023-05-24 07:42:09,3.77.0
Irwan Chiwank,dd,4,3.77.1,2023-05-24 06:55:44,"Hi, thank you very much for the positive review! Please feel free to contact us at https://www.traveloka.com/contactus we're more than happy to assist you and Stay tuned for more exciting offers on Traveloka Lifestyle Super App.",2023-05-24 07:12:07,3.77.1
Antonio Karate,Semoga semakin sukses..,5,3.77.0,2023-05-24 06:40:01,"Halo Kak, terima kasih banyak atas ratingnya, semoga Kakak tetap nyaman dan selau setia menjadi pelanggan Traveloka. Yuk Kak pantengin terus Traveloka Lifestyle Super App karna kami selalu berikan promo-promo yg menarik loooh, jangan sampai ketinggalan ya :)",2023-05-24 06:42:07,3.77.0
agung bhakti hutomo,good,5,3.76.0,2023-05-24 06:31:35,"Hi, we are so grateful to get a lot of support from you. Hope you continue to enjoy our offers. If you have any feedback or suggestions, let us know on https://www.traveloka.com/contactus, our customer service would love to serve you in 24 hours. Thank you!",2023-05-24 06:42:13,3.76.0
Jun Abdoelsyam,good,5,,2023-05-24 06:25:09,Thank you for leaving a good comment to us. Let us know if you have any suggestion for improvement through https://www.traveloka.com/contactus . Stay around for more interesting offers from Traveloka Lifestyle Super App!,2023-05-24 06:42:16,
argo soehargo,"agak sulit bagi pengguna pemula,tpi setelah masuk aplikasi,semuanya lancar & mudah",5,3.77.1,2023-05-24 06:07:31,"Halo Kak, terima kasih banyak atas ratingnya, semoga Kakak tetap nyaman dan selau setia menjadi pelanggan Traveloka. Yuk Kak pantengin terus Traveloka Lifestyle Super App karna kami selalu berikan promo-promo yg menarik loooh, jangan sampai ketinggalan ya :)",2023-05-24 06:15:42,3.77.1
Tomy Antonius,"Sbg pengguna traveloka sangat kecewa pernah mengalami pembatalan/Cancel sepihak dr maskapai, shg terpaksa membeli tiket lebih mahal krn mendekati hari H keberangkatan. Walau kami membeli full insurance, tidak ada kompensasi apapun, jadi sama saja dng yg tdk membeli asuransi tambahan. Dari pengalaman ini percuma beli asuransi tambahan ..tidak ada guna dan tidak ada beda yg beli asuransi dng yg tanpa beli. Padahal kami membeli asuransi tambahan utk antisipasi jika terjadi pembatalan oleh maskapai",1,3.77.1,2023-05-24 06:05:46,"Hai, Tomy. Maaf banget ya buat kendala yang terjadi, boleh dibantu infokan kembali detail dari kendala kamu melalui link https://www.traveloka.com/contactus. Kami akan berusaha untuk membantu kendala kamu tersebut. Terima kasih. -RF",2023-05-24 06:19:30,3.77.1
Marlen Liarian,Dah bagus. Hanya sedikit masukan. Semoga ke depannya Traveloka menyajikan lebih inklusif dg menambahkan 1 keterangan atau 1 service untuk penumpang Disabilitas yang tertera pada tiket . Terima kasih.,5,3.77.1,2023-05-24 06:00:53,"Hi Kak, senang banget nih dapat rating bagus dari Kakak, terima kasih juga atas feedbacknya! Kenyamanan Kakak adalah prioritas Kami, jika ada pertanyaan lainnya jangan sungkan ya untuk infokan pada kami di https://www.traveloka.com/contactus . Jangan sampai ketinggalan penawaran menarik lainnya di Traveloka Lifestye Super Apps.",2023-05-24 06:15:46,3.77.1
Muhammad Isyraqi,traveloka mempermudah perjalanan kami,5,3.77.1,2023-05-24 05:47:02,"Hi Kak, terima kasih atas feedbacknya, semoga Kakak tetap setia dengan Traveloka. Jika ada pertanyaan lain bisa langsung infokan pada kami di https://www.traveloka.com/contactus ya, Kak. Pantau terus Traveloka Lifestyle Super App untuk penawaran spesial lainnya!",2023-05-24 06:15:49,3.77.1
Raja Pacheg,"Kasih Bintang🌟🌟🌟🌟🌟 Dipasang saja di hp, biar siap pake nanti nya👍",5,3.77.1,2023-05-24 05:06:23,"Halo Kak, terima kasih banyak atas ratingnya, semoga Kakak tetap nyaman dan selau setia menjadi pelanggan Traveloka. Yuk Kak pantengin terus Traveloka Lifestyle Super App karna kami selalu berikan promo-promo yg menarik loooh, jangan sampai ketinggalan ya :)",2023-05-24 05:12:07,3.77.1
Berry Khrishandy,good,5,3.56.1,2023-05-24 04:55:31,"Hi, we are so grateful to get a lot of support from you. Hope you continue to enjoy our offers. If you have any feedback or suggestions, let us know on https://www.traveloka.com/contactus, our customer service would love to serve you in 24 hours. Thank you!",2023-05-24 05:12:09,3.56.1
panjoel,Iklan Malware mengganggu sekali,1,,2023-05-24 04:33:34,"Hai, Panjoel. Mohon maaf atas ketidaknyamanannya. Untuk non-aktifkan iklan yang muncul, silakan klik titik 3 di pojok kanan atas pada halaman browser kamu, lalu masuk ke menu ""Setelan"" dan pilih ""Setelan Situs"", dan klik untuk menonaktif-kan pop-up dan pengalihan ya. Terima kasih. -WR",2023-05-24 04:44:25,
Rahma Winasa (Rahma),mantap,5,3.77.0,2023-05-24 04:22:27,"Halo Kak, terima kasih banyak atas ratingnya, semoga Kakak tetap nyaman dan selau setia menjadi pelanggan Traveloka. Yuk Kak pantengin terus Traveloka Lifestyle Super App karna kami selalu berikan promo-promo yg menarik loooh, jangan sampai ketinggalan ya :)",2023-05-24 04:42:07,3.77.0
budi darmanto,sangat amat memabantu untuk liburan wkwkwk,5,3.77.1,2023-05-24 03:10:48,"Halo Kak, terima kasih banyak atas ratingnya, semoga Kakak tetap nyaman dan selau setia menjadi pelanggan Traveloka. Yuk Kak pantengin terus Traveloka Lifestyle Super App karna kami selalu berikan promo-promo yg menarik loooh, jangan sampai ketinggalan ya :)",2023-05-24 03:12:07,3.77.1
Albar Store,Di aplikasi tiket semarang ternate 3jt stlh dibuka jadi 5 juta,1,,2023-05-24 02:46:26,"Hai, Kak Albar. Maaf udah buat kamu gak nyaman. Kalau ada hal yang kamu kurang paham tentang Traveloka, silakan hubungi mimin melalui laman https://www.traveloka.com/contactus ya. Dengan senang hati mimin akan membantu dan menjawab pertanyaan kamu. Terima kasih. -AM",2023-05-24 02:44:38,
Julian D,Iklan banyak banget nih app sampah,1,3.77.1,2023-05-24 02:34:12,"Hai Julian. Mohon maaf atas ketidaknyamanan yang kamu alami. Kami sarankan kamu untuk non-aktifkan iklan yang muncul. Silakan klik titik tiga di pojok kanan atas pada halaman browser kamu, lalu masuk ke menu ""setelan"" dan pilih ""setelan situs"" dan klik non-aktifkan pop up dan pengalihan ya. Terima kasih. -MZ",2023-05-24 02:44:22,3.77.1
MUHAMMAD UMAMUL HASBI,Kenapa makin di update mkin di persulit,3,3.77.1,2023-05-24 02:32:43,"Halo Hasbi. Jika ada kendala pada akun Traveloka kamu, silakan menghubungi kami melalui https://www.traveloka.com/id-id/contactus. Terima kasih. -MZ",2023-05-24 02:45:17,3.77.1
Abdul almarin,mantap,5,3.76.0,2023-05-24 01:29:29,"Halo Kak, terima kasih banyak atas ratingnya, semoga Kakak tetap nyaman dan selau setia menjadi pelanggan Traveloka. Yuk Kak pantengin terus Traveloka Lifestyle Super App karna kami selalu berikan promo-promo yg menarik loooh, jangan sampai ketinggalan ya :)",2023-05-24 01:42:08,3.76.0
Rachmad Santoso,bagus,5,3.77.1,2023-05-24 01:29:21,"Hi Kak, senang banget nih dapat rating bagus dari Kakak, terima kasih juga atas feedbacknya! Kenyamanan Kakak adalah prioritas Kami, jika ada pertanyaan lainnya jangan sungkan ya untuk infokan pada kami di https://www.traveloka.com/contactus . Jangan sampai ketinggalan penawaran menarik lainnya di Traveloka Lifestye Super Apps.",2023-05-24 01:42:11,3.77.1
Kheyla Hidrotech,nise,5,3.77.0,2023-05-24 00:21:13,"Hai, Kheyla. Terima kasih untuk review dan bintang 5 yang kamu berikan ya, mimin senang banget deh lihatnya hehehe. Sehat dan sukses selalu buat kamu serta keluarga. Mimin tunggu pesanan kamu selanjutnya. Kalau ada kendala atau pertanyaan seputar Traveloka, jangan ragu hubungi mimin melalui laman https://www.traveloka.com/contactus ya :) -AM",2023-05-24 00:43:52,3.77.0
Akun Mobilegen,Ok,5,,2023-05-23 23:21:00,"Hi, thank you very much for the positive review! Please feel free to contact us at https://www.traveloka.com/contactus we're more than happy to assist you and Stay tuned for more exciting offers on Traveloka Lifestyle Super App.",2023-05-23 23:42:07,
deones mandiri,Nice,5,3.77.0,2023-05-23 22:51:26,"Hi, we are so grateful to get a lot of support from you. Hope you continue to enjoy our offers. If you have any feedback or suggestions, let us know on https://www.traveloka.com/contactus, our customer service would love to serve you in 24 hours. Thank you!",2023-05-23 23:12:09,3.77.0
Tubagus Rizki Febrian,"Halo traveloka ,sekedar saran saja .. kalau bisa traveloka paylater bisa di gunakan untuk semua fitur di aplikasi traveloka .. jangan di batasin ,karena kita gak selalu butuh tiket dan hotel .. terimakasih semoga di dengar saran saya",5,3.77.0,2023-05-23 21:13:19,"Halo Kak, terima kasih banyak atas ratingnya, semoga Kakak tetap nyaman dan selau setia menjadi pelanggan Traveloka. Yuk Kak pantengin terus Traveloka Lifestyle Super App karna kami selalu berikan promo-promo yg menarik loooh, jangan sampai ketinggalan ya :)",2023-05-23 21:42:06,3.77.0
Izoel Bazita,mudah,5,3.77.1,2023-05-23 19:59:11,"Halo Kak, terima kasih banyak atas ratingnya, semoga Kakak tetap nyaman dan selau setia menjadi pelanggan Traveloka. Yuk Kak pantengin terus Traveloka Lifestyle Super App karna kami selalu berikan promo-promo yg menarik loooh, jangan sampai ketinggalan ya :)",2023-05-23 20:12:07,3.77.1
angga zuliansyah,Kasih yg terbaik beb,5,,2023-05-23 18:58:41,"Halo Kak, terima kasih banyak atas ratingnya, semoga Kakak tetap nyaman dan selau setia menjadi pelanggan Traveloka. Yuk Kak pantengin terus Traveloka Lifestyle Super App karna kami selalu berikan promo-promo yg menarik loooh, jangan sampai ketinggalan ya :)",2023-05-23 19:12:06,
rachmat setyanto,ok,5,3.77.1,2023-05-23 18:07:04,"Hi, thank you very much for the positive review! Please feel free to contact us at https://www.traveloka.com/contactus we're more than happy to assist you and Stay tuned for more exciting offers on Traveloka Lifestyle Super App.",2023-05-23 18:12:22,3.77.1
Ari Aulia Rahman,Baru juga dwonload udh di suruh update,1,3.77.0,2023-05-23 17:17:53,"Hi Kak Ari, kami meminta maaf atas kendala yang kamu alami. Kamu dapat menghubungi kami melalui https://www.traveloka.com/id-id/contactus agar masalahmu bisa diselesaikan secepat mungkin. Terima kasih. -DA",2023-05-23 17:45:51,3.77.0
Supratman Supratman,Pokoknya mantap 👍,5,3.77.0,2023-05-23 17:17:10,"Halo Kak, terima kasih banyak atas ratingnya, semoga Kakak tetap nyaman dan selau setia menjadi pelanggan Traveloka. Yuk Kak pantengin terus Traveloka Lifestyle Super App karna kami selalu berikan promo-promo yg menarik loooh, jangan sampai ketinggalan ya :)",2023-05-23 17:42:09,3.77.0
Dion Langsa,terpercaya,5,3.76.0,2023-05-23 15:13:32,"Hi Kak, terima kasih atas feedbacknya, semoga Kakak tetap setia dengan Traveloka. Jika ada pertanyaan lain bisa langsung infokan pada kami di https://www.traveloka.com/contactus ya, Kak. Pantau terus Traveloka Lifestyle Super App untuk penawaran spesial lainnya!",2023-05-23 15:42:12,3.76.0
sanova hutagalung,mamtap,5,3.77.1,2023-05-23 14:58:07,"Hi, thank you very much for the positive review! Please feel free to contact us at https://www.traveloka.com/contactus we're more than happy to assist you and Stay tuned for more exciting offers on Traveloka Lifestyle Super App.",2023-05-23 15:12:07,3.77.1
Roni Kurniawan,mudah pemesanannya tanpa ribet,5,3.77.0,2023-05-23 14:46:21,"Hi Kak, senang banget nih dapat rating bagus dari Kakak, terima kasih juga atas feedbacknya! Kenyamanan Kakak adalah prioritas Kami, jika ada pertanyaan lainnya jangan sungkan ya untuk infokan pada kami di https://www.traveloka.com/contactus . Jangan sampai ketinggalan penawaran menarik lainnya di Traveloka Lifestye Super Apps.",2023-05-23 15:12:09,3.77.0
NASLIN SIREGAR,membantu,5,3.77.0,2023-05-23 14:42:47,"Hi Kak, terima kasih atas feedbacknya, semoga Kakak tetap setia dengan Traveloka. Jika ada pertanyaan lain bisa langsung infokan pada kami di https://www.traveloka.com/contactus ya, Kak. Pantau terus Traveloka Lifestyle Super App untuk penawaran spesial lainnya!",2023-05-23 15:12:11,3.77.0
Neta Bemey,mantap,5,3.65.0,2023-05-23 13:57:30,"Hi Kak, senang banget nih dapat rating bagus dari Kakak, terima kasih juga atas feedbacknya! Kenyamanan Kakak adalah prioritas Kami, jika ada pertanyaan lainnya jangan sungkan ya untuk infokan pada kami di https://www.traveloka.com/contactus . Jangan sampai ketinggalan penawaran menarik lainnya di Traveloka Lifestye Super Apps.",2023-05-23 14:42:10,3.65.0
Dede Iriyanto,"CS aplikasinya full BOT, padahal ada layanan LIVE CHAT!!",4,3.77.0,2023-05-23 13:56:28,"Halo, Kak Dede. Maaf sekali telah membuat Kakak kecewa, mohon infokan kembali ke kami kendala Kakak melalui https://www.traveloka.com?contactus. Kami sangat ingin membantu menyelesaikan permasalahan Kakak. Terima kasih -RU",2023-05-23 12:45:00,3.77.0
UbaidVegas,bagus,5,,2023-05-23 11:55:00,"Halo Kak, terima kasih banyak atas ratingnya, semoga Kakak tetap nyaman dan selau setia menjadi pelanggan Traveloka. Yuk Kak pantengin terus Traveloka Lifestyle Super App karna kami selalu berikan promo-promo yg menarik loooh, jangan sampai ketinggalan ya :)",2023-05-23 12:12:06,
ibnu sirry,"Aplikasi tolol, masa ngisi data diri disuruh ngerubah nama perusahaan tempat kerja, idiot bgt, mana ga bisa cek jadwal kereta lagi",1,3.76.0,2023-05-23 11:15:01,"Hai Ibnu, maaf banget buat kamu gak nyaman, kalau boleh tau apakah yang kamu maksudkan untuk mendaftarkan PayLater Traveloka, jika benar Kakak bisa melengkapi data yang diminta sesuai dengan yang tertampil, dan perihal jadwal perjalanan Kereta Api mengikuti ketersediaan dari pihak PT.KAI untuk jadwal perjalanan tersebut. Terima kasih. -AK",2023-05-23 11:46:31,3.76.0
Suroto waelah,sangat² rekomendasi,5,3.21.1,2023-05-23 11:12:02,"Halo Kak, terima kasih banyak atas ratingnya, semoga Kakak tetap nyaman dan selau setia menjadi pelanggan Traveloka. Yuk Kak pantengin terus Traveloka Lifestyle Super App karna kami selalu berikan promo-promo yg menarik loooh, jangan sampai ketinggalan ya :)",2023-05-23 11:42:08,3.21.1
Aise Lock,Tambah dong ke tiket kapal 🚢,5,,2023-05-23 10:23:03,"Halo Kak, terima kasih banyak atas ratingnya, semoga Kakak tetap nyaman dan selau setia menjadi pelanggan Traveloka. Yuk Kak pantengin terus Traveloka Lifestyle Super App karna kami selalu berikan promo-promo yg menarik loooh, jangan sampai ketinggalan ya :)",2023-05-23 10:42:07,
Faqih Fakhurrozi,Bagusss,5,,2023-05-23 10:07:57,"Halo Kak, terima kasih banyak atas ratingnya, semoga Kakak tetap nyaman dan selau setia menjadi pelanggan Traveloka. Yuk Kak pantengin terus Traveloka Lifestyle Super App karna kami selalu berikan promo-promo yg menarik loooh, jangan sampai ketinggalan ya :)",2023-05-23 10:12:07,
Gunawan Manyun,mudah gampang pemesanannya.aman terpercaya.kalo bisa tambahkan diskon untuk pengguna lama.terima kasih,5,3.77.0,2023-05-23 09:33:37,"Halo Kak, terima kasih banyak atas ratingnya, semoga Kakak tetap nyaman dan selau setia menjadi pelanggan Traveloka. Yuk Kak pantengin terus Traveloka Lifestyle Super App karna kami selalu berikan promo-promo yg menarik loooh, jangan sampai ketinggalan ya :)",2023-05-23 09:42:07,3.77.0
Ingga Prasadi,baik,5,3.76.0,2023-05-23 09:26:43,"Hi Kak, senang banget nih dapat rating bagus dari Kakak, terima kasih juga atas feedbacknya! Kenyamanan Kakak adalah prioritas Kami, jika ada pertanyaan lainnya jangan sungkan ya untuk infokan pada kami di https://www.traveloka.com/contactus . Jangan sampai ketinggalan penawaran menarik lainnya di Traveloka Lifestye Super Apps.",2023-05-23 09:42:09,3.76.0
kurniawan ridwan,murah banget,5,,2023-05-23 09:11:54,"Hi Kak, terima kasih atas feedbacknya, semoga Kakak tetap setia dengan Traveloka. Jika ada pertanyaan lain bisa langsung infokan pada kami di https://www.traveloka.com/contactus ya, Kak. Pantau terus Traveloka Lifestyle Super App untuk penawaran spesial lainnya!",2023-05-23 09:42:12,
Arie Archella,mantap,5,3.77.0,2023-05-23 07:14:01,"Halo Kak, terima kasih banyak atas ratingnya, semoga Kakak tetap nyaman dan selau setia menjadi pelanggan Traveloka. Yuk Kak pantengin terus Traveloka Lifestyle Super App karna kami selalu berikan promo-promo yg menarik loooh, jangan sampai ketinggalan ya :)",2023-05-23 07:42:08,3.77.0
ilmi maulana,pertahankan,4,3.77.0,2023-05-23 07:03:30,"Halo Kak, terima kasih banyak atas ratingnya, semoga Kakak tetap nyaman dan selau setia menjadi pelanggan Traveloka. Yuk Kak pantengin terus Traveloka Lifestyle Super App karna kami selalu berikan promo-promo yg menarik loooh, jangan sampai ketinggalan ya :)",2023-05-23 07:12:06,3.77.0
Purwadi Purwadi,5t free free 444t yg 6 ke 8 we 3rrr3rtt TT UU UU UU 5 TT rtr565584 BB y,2,3.77.0,2023-05-23 05:41:14,"Hai, Purwadi, Jika saat ini kamu ada pertanyaan mengenai Traveloka, silakan menghubungi kami melalui https://www.traveloka.com/contactus. Terima kasih.-TK",2023-05-23 05:45:41,3.77.0
Budiono JN,Bagus,5,3.76.0,2023-05-23 05:12:05,"Hi Kak, senang banget nih dapat rating bagus dari Kakak, terima kasih juga atas feedbacknya! Kenyamanan Kakak adalah prioritas Kami, jika ada pertanyaan lainnya jangan sungkan ya untuk infokan pada kami di https://www.traveloka.com/contactus . Jangan sampai ketinggalan penawaran menarik lainnya di Traveloka Lifestye Super Apps.",2023-05-23 05:42:10,3.76.0
irma melati,Good service,5,3.74.1,2023-05-23 05:01:54,"Hi, thank you very much for the positive review! Please feel free to contact us at https://www.traveloka.com/contactus we're more than happy to assist you and Stay tuned for more exciting offers on Traveloka Lifestyle Super App.",2023-05-23 05:12:06,3.74.1
Nasrah Gemilang,Alhamdulillah..,5,3.77.0,2023-05-23 04:43:18,"Hi Kak, senang banget nih dapat rating bagus dari Kakak, terima kasih juga atas feedbacknya! Kenyamanan Kakak adalah prioritas Kami, jika ada pertanyaan lainnya jangan sungkan ya untuk infokan pada kami di https://www.traveloka.com/contactus . Jangan sampai ketinggalan penawaran menarik lainnya di Traveloka Lifestye Super Apps.",2023-05-23 05:12:09,3.77.0
Vilando Andih,bagus and membantu,5,3.77.0,2023-05-23 04:27:18,"Hi Kak, senang banget nih dapat rating bagus dari Kakak, terima kasih juga atas feedbacknya! Kenyamanan Kakak adalah prioritas Kami, jika ada pertanyaan lainnya jangan sungkan ya untuk infokan pada kami di https://www.traveloka.com/contactus . Jangan sampai ketinggalan penawaran menarik lainnya di Traveloka Lifestye Super Apps.",2023-05-23 04:42:09,3.77.0
Jumiarti Putri,"sangan membantu dalam pembelian tiket, pesan hotel dll tidak perlu keluar rumah. Tingkatkan terus pelayanan",5,3.77.0,2023-05-23 03:26:10,"Halo Kak, terima kasih banyak atas ratingnya, semoga Kakak tetap nyaman dan selau setia menjadi pelanggan Traveloka. Yuk Kak pantengin terus Traveloka Lifestyle Super App karna kami selalu berikan promo-promo yg menarik loooh, jangan sampai ketinggalan ya :)",2023-05-23 03:42:06,3.77.0
Tri Haryanto,sangat bermanfaat,5,3.76.0,2023-05-23 03:00:52,"Hi Kak, senang banget nih dapat rating bagus dari Kakak, terima kasih juga atas feedbacknya! Kenyamanan Kakak adalah prioritas Kami, jika ada pertanyaan lainnya jangan sungkan ya untuk infokan pada kami di https://www.traveloka.com/contactus . Jangan sampai ketinggalan penawaran menarik lainnya di Traveloka Lifestye Super Apps.",2023-05-23 03:12:09,3.76.0
Ikhwan Jamil,mudah dan sangat membantu,5,3.77.0,2023-05-23 02:54:00,"Halo Kak, terima kasih banyak atas ratingnya, semoga Kakak tetap nyaman dan selau setia menjadi pelanggan Traveloka. Yuk Kak pantengin terus Traveloka Lifestyle Super App karna kami selalu berikan promo-promo yg menarik loooh, jangan sampai ketinggalan ya :)",2023-05-23 03:12:14,3.77.0
Muhammad Mukmin,sangat membantu,5,3.77.0,2023-05-23 02:37:49,"Halo Kak, terima kasih banyak atas ratingnya, semoga Kakak tetap nyaman dan selau setia menjadi pelanggan Traveloka. Yuk Kak pantengin terus Traveloka Lifestyle Super App karna kami selalu berikan promo-promo yg menarik loooh, jangan sampai ketinggalan ya :)",2023-05-23 02:42:06,3.77.0
Veonaree Emyy,"Traveloka harga jangan berubah ubah dong jd males belanja disana, klo bs konsisten harga tetap",3,3.76.0,2023-05-23 02:23:56,"Hai Veonaree, maaf sudah buat kamu ga nyaman. Kami bantu informasi bahwa harga yang tertera pada aplikasi bersifat fluktuatif mengikuti kebijakan dari pihak penyedia. Jika ada pertanyaan atau kendala yang bisa kami bantu, silakan hubungi kami melalui https://www.traveloka.com/id-id/contactus ya. Terima kasih. -NA",2023-05-23 02:44:34,3.76.0
Asmi Yar,Mantap,5,3.76.0,2023-05-23 02:14:50,"Hi Kak, senang banget nih dapat rating bagus dari Kakak, terima kasih juga atas feedbacknya! Kenyamanan Kakak adalah prioritas Kami, jika ada pertanyaan lainnya jangan sungkan ya untuk infokan pada kami di https://www.traveloka.com/contactus . Jangan sampai ketinggalan penawaran menarik lainnya di Traveloka Lifestye Super Apps.",2023-05-23 02:42:10,3.76.0
Asnar Keanu,👍👍👍,5,3.77.0,2023-05-23 01:52:11,"Hai, Asnar. Terima kasih atas review yang kamu berikan dan terima kasih telah menggunakan Traveloka sebagai partner perjalanan kamu. -SY",2023-05-23 02:16:32,3.77.0
NAZIR GOGO,sangat bagus,5,3.76.0,2023-05-23 01:02:21,"Halo Kak, terima kasih banyak atas ratingnya, semoga Kakak tetap nyaman dan selau setia menjadi pelanggan Traveloka. Yuk Kak pantengin terus Traveloka Lifestyle Super App karna kami selalu berikan promo-promo yg menarik loooh, jangan sampai ketinggalan ya :)",2023-05-23 01:12:06,3.76.0
Mrs. Despang,KEREN,5,3.66.0,2023-05-23 00:58:40,"Hi Kak, senang banget nih dapat rating bagus dari Kakak, terima kasih juga atas feedbacknya! Kenyamanan Kakak adalah prioritas Kami, jika ada pertanyaan lainnya jangan sungkan ya untuk infokan pada kami di https://www.traveloka.com/contactus . Jangan sampai ketinggalan penawaran menarik lainnya di Traveloka Lifestye Super Apps.",2023-05-23 01:12:09,3.66.0
Hery Kristian,Mantabbbb,5,3.76.0,2023-05-23 00:29:57,"Hi, thank you very much for the positive review! Please feel free to contact us at https://www.traveloka.com/contactus we're more than happy to assist you and Stay tuned for more exciting offers on Traveloka Lifestyle Super App.",2023-05-23 00:42:05,3.76.0
rianto 1004,Oke,2,,2023-05-22 23:51:32,"Hai Rianto, terima kasih sudah menggunakan Traveloka dan rating yang kamu berikan. Jika ada pertanyaan atau kendala yang bisa kami bantu, silakan hubungi kami melalui https://www.traveloka.com/id-id/contactus ya. Terima kasih. -NA",2023-05-23 00:19:31,
Kurain Aji,lumayan lah ini aplikasi. aku booking hotel tapi salah pilih tanggal karena pilihnya pas dimobil jadi kurang teliti dan keterangannya not refundable tapi dibantu sama pihak hotel dan traveloka akhirnya bisa refund 100%. pelayanan CSnya lumayan walaupun agak dioper2 keluhannya. not bad lah ini aplikasi,5,3.77.0,2023-05-22 23:50:56,"Hi Kak, senang banget nih dapat rating bagus dari Kakak, terima kasih juga atas feedbacknya! Kenyamanan Kakak adalah prioritas Kami, jika ada pertanyaan lainnya jangan sungkan ya untuk infokan pada kami di https://www.traveloka.com/contactus . Jangan sampai ketinggalan penawaran menarik lainnya di Traveloka Lifestye Super Apps.",2023-05-23 00:12:10,3.77.0
Wawan Arif Andriyanto,"Terima kasih pelayanan refund nya, Sangat baik pelayanan refund dan rescdule tiket hotel",5,3.76.0,2023-05-22 23:11:46,"Hai Wawan. Mohon maaf atas kendala yamh alami. Supaya bisa mimin bantu cek, mohon infokan nomor pesanankan kamu dahulu di https://www.traveloka.com/id-id/contactus ya. Terima kasih. -KK",2023-05-15 21:46:09,3.76.0
giyanto alfi,"Memudahkan mengakses perjalanan. Saran mind,,kalo bisa tersedia tukar point dengan token PLN dan token provider.",5,3.77.0,2023-05-22 22:36:37,"Halo Kak, terima kasih banyak atas ratingnya, semoga Kakak tetap nyaman dan selau setia menjadi pelanggan Traveloka. Yuk Kak pantengin terus Traveloka Lifestyle Super App karna kami selalu berikan promo-promo yg menarik loooh, jangan sampai ketinggalan ya :)",2023-05-22 22:42:07,3.77.0
jafar Abu Tama,Pelayanan Traveloka Awesome dan Terpecaya.,5,3.77.0,2023-05-22 22:24:09,"Hi Kak, senang banget nih dapat rating bagus dari Kakak, terima kasih juga atas feedbacknya! Kenyamanan Kakak adalah prioritas Kami, jika ada pertanyaan lainnya jangan sungkan ya untuk infokan pada kami di https://www.traveloka.com/contactus . Jangan sampai ketinggalan penawaran menarik lainnya di Traveloka Lifestye Super Apps.",2023-05-22 22:42:10,3.77.0
WaOnE AsonE,kecewa ma treveloka..masa smpai sekarang paylater aku kok gak acc yaaa..padahal uda lama pake treveloka..,5,3.76.0,2023-05-22 20:22:30,"Hai, Kak Wawan. Mohon maaf sudah buat kamu nggak nyaman. Namun untuk proses verifikasi pendaftaran PayLater sepenuhnya adalah wewenang dari tim analis kami. Dimana data untuk proses verifikasi tersebut haruslah sesuai dengan ketentuan. Mohon coba kembali sesuai dengan waktu yang ditentukan dari notifikasi yang kamu terima ya Kak. Terima kasih. -RZ",2023-05-22 20:49:40,3.76.0
Puja Mahadewa09,Uninstal aja paylater ga dikasih,1,3.77.0,2023-05-22 17:51:04,"Halo Kak Puja, mohon maaf sebelumnya ya Kak. Mohon pastikan semua syarat dan ketentuan pendaftaran terpenuhi ya Kak. Silakan untuk coba kembali, namun jika masih terkendala, silakan hubungi mimin melalui https://www.instagram.com/travelokapaylater/ . Terima kasih. -DA",2023-05-22 18:14:06,3.77.0
Yavvi Adi Nurrahman,Better,5,,2023-05-22 17:40:13,"Hi, thank you very much for the positive review! Please feel free to contact us at https://www.traveloka.com/contactus we're more than happy to assist you and Stay tuned for more exciting offers on Traveloka Lifestyle Super App.",2023-05-22 17:42:07,
Allawidf87,goood,5,3.77.0,2023-05-22 17:18:20,"Hai kak, senangnya mendapat bintang lima dari kamu, terima kasih atas apresiasinya, semoga kaka tetap nyaman dan selau setia menjadi pelanggan Traveloka, yuk ka pantengin terus traveloka karna kami selalu berikan promo promo yg menarik loooh, jangan sampai ketinggalan ya. -DA",2023-05-22 17:45:12,3.77.0
Vallen Kamsia,Gak ada Pylater nya 👎🏿👎🏿👎🏿,1,3.76.0,2023-05-22 14:53:26,"Hai Kak Valen, info lengkap terkait pendaftaran PayLater dapat kamu akses di halaman Paylater di Traveloka App atau dengan mengunjungi halaman https://www.traveloka.com/id-id/travelokapay/paylater. Ada petunjuk bantuan juga jika kamu membutuhkan informasi lebih lanjut. Terima kasih. -DA",2023-05-22 15:15:22,3.76.0
Dicky Bandung,sangat merugikan sekali mempersulit reshedule,1,3.76.0,2023-05-22 13:56:24,"Hai Kak Dicky, maaf banget kalau ada kendala reschedule kamu. Silakan infokan nomor pesanan dan detail kendalanya di https://www.traveloka.com/id-id/contactus supaya mimin bisa bantu kamu. Terima kasih -DZ",2023-05-22 14:14:21,3.76.0
Yultri Miko okta,sangat puas,5,3.76.0,2023-05-22 13:49:35,"Halo Kak, terima kasih banyak atas ratingnya, semoga Kakak tetap nyaman dan selau setia menjadi pelanggan Traveloka. Yuk Kak pantengin terus Traveloka Lifestyle Super App karna kami selalu berikan promo-promo yg menarik loooh, jangan sampai ketinggalan ya :)",2023-05-22 14:12:11,3.76.0
Riri Uyach,mantap,5,3.77.0,2023-05-22 12:58:22,"Halo Kak, terima kasih banyak atas ratingnya, semoga Kakak tetap nyaman dan selau setia menjadi pelanggan Traveloka. Yuk Kak pantengin terus Traveloka Lifestyle Super App karna kami selalu berikan promo-promo yg menarik loooh, jangan sampai ketinggalan ya :)",2023-05-22 13:12:07,3.77.0
Simon Petrus,sangat baik,5,3.76.0,2023-05-22 12:53:34,"Hi Kak, senang banget nih dapat rating bagus dari Kakak, terima kasih juga atas feedbacknya! Kenyamanan Kakak adalah prioritas Kami, jika ada pertanyaan lainnya jangan sungkan ya untuk infokan pada kami di https://www.traveloka.com/contactus . Jangan sampai ketinggalan penawaran menarik lainnya di Traveloka Lifestye Super Apps.",2023-05-22 13:12:10,3.76.0
Meda Aji Saputro,good,5,3.76.0,2023-05-22 12:48:57,Thank you for leaving a good comment to us. Let us know if you have any suggestion for improvement through https://www.traveloka.com/contactus . Stay around for more interesting offers from Traveloka Lifestyle Super App!,2023-05-22 13:12:12,3.76.0
Iqbal M,"Hati2 jebakan harga,",1,3.76.0,2023-05-22 12:46:18,"Hai Iqbal, maaf ya sudah membuatmu kecewa. Dipastikan untuk kenyamanan pengguna Traveloka, kami akan perbaiki & tingkatkan performa Traveloka. Kalau kamu memiliki kendala, mohon hubungi kami melalui tautan ini https://www.traveloka.com/id-id/contactus. Terima kasih. -KA",2023-05-22 13:14:16,3.76.0
Yesi Martika,"bagusss, super recomended 👍👍👍👍",5,3.76.0,2023-05-22 12:45:59,"Hi, thank you very much for the positive review! Please feel free to contact us at https://www.traveloka.com/contactus we're more than happy to assist you and Stay tuned for more exciting offers on Traveloka Lifestyle Super App.",2023-05-22 13:12:16,3.76.0
Adib Mu,So far s good.,5,3.77.0,2023-05-22 12:24:22,"Hi, thank you very much for the positive review! Please feel free to contact us at https://www.traveloka.com/contactus we're more than happy to assist you and Stay tuned for more exciting offers on Traveloka Lifestyle Super App.",2023-05-22 12:42:07,3.77.0
Wahyu Bima,sangat membantu dan mempermudah terimakasih Traveloka 🙏🙏🙏,5,3.76.0,2023-05-22 11:28:04,"Halo Kak, terima kasih banyak atas ratingnya, semoga Kakak tetap nyaman dan selau setia menjadi pelanggan Traveloka. Yuk Kak pantengin terus Traveloka Lifestyle Super App karna kami selalu berikan promo-promo yg menarik loooh, jangan sampai ketinggalan ya :)",2023-05-22 11:42:06,3.76.0
Herkules Herkules asooyy,ok,2,3.71.1,2023-05-22 11:23:21,"Hai, Herkules. Terima kasih atas penilaiannya ya. Kalau ada pertanyaan atau kendala seputar Traveloka, Kamu dapat menghubungi kami melalui https://www.traveloka.com/id-id/contactus. -OE",2023-05-22 11:45:23,3.71.1
Bisma Al Azhimu,siiip,5,3.77.0,2023-05-22 10:42:05,Makasih ya Kak Bisma sudah setia bersama Traveloka :)) -DZ,2023-05-22 11:15:32,3.77.0
Purwono As,pemasan dan pembayar lancar,5,3.76.0,2023-05-22 10:28:32,"Hi Kak, senang banget nih dapat rating bagus dari Kakak, terima kasih juga atas feedbacknya! Kenyamanan Kakak adalah prioritas Kami, jika ada pertanyaan lainnya jangan sungkan ya untuk infokan pada kami di https://www.traveloka.com/contactus . Jangan sampai ketinggalan penawaran menarik lainnya di Traveloka Lifestye Super Apps.",2023-05-22 10:42:08,3.76.0
Hari Sulistyawan,baik sekali,5,3.76.0,2023-05-22 10:27:46,"Hi Kak, terima kasih atas feedbacknya, semoga Kakak tetap setia dengan Traveloka. Jika ada pertanyaan lain bisa langsung infokan pada kami di https://www.traveloka.com/contactus ya, Kak. Pantau terus Traveloka Lifestyle Super App untuk penawaran spesial lainnya!",2023-05-22 10:42:12,3.76.0
pradhezar nurul fajar,seepp,5,3.76.0,2023-05-22 10:22:40,"Hi, we are so grateful to get a lot of support from you. Hope you continue to enjoy our offers. If you have any feedback or suggestions, let us know on https://www.traveloka.com/contactus, our customer service would love to serve you in 24 hours. Thank you!",2023-05-22 10:42:17,3.76.0
aswan pohan,oke,5,3.76.0,2023-05-22 09:46:15,Makasih reviewnya ya Aswan. Makasih juga sudah menjadikan Traveloka sebagai teman perjalanan kamu :) -MZ,2023-05-22 10:14:26,3.76.0
Andre Aja,mantap cuy,5,3.76.0,2023-05-22 09:45:20,"Halo Kak, terima kasih banyak atas ratingnya, semoga Kakak tetap nyaman dan selau setia menjadi pelanggan Traveloka. Yuk Kak pantengin terus Traveloka Lifestyle Super App karna kami selalu berikan promo-promo yg menarik loooh, jangan sampai ketinggalan ya :)",2023-05-22 10:12:18,3.76.0
Rizky Lukman89,sangat membantu,5,3.77.0,2023-05-22 09:38:49,"Halo Kak, terima kasih banyak atas ratingnya, semoga Kakak tetap nyaman dan selau setia menjadi pelanggan Traveloka. Yuk Kak pantengin terus Traveloka Lifestyle Super App karna kami selalu berikan promo-promo yg menarik loooh, jangan sampai ketinggalan ya :)",2023-05-22 09:42:07,3.77.0
BasciLpedo 10K,"Baru mencoba,, fitur"" nya asyik jg,,",5,3.77.0,2023-05-22 09:20:47,"Makasih atas reviewnya Kak. Jika butuh bantuan, kamu bisa menghubungi kami melalui https://www.traveloka.com/id-id/contactus :) -MZ",2023-05-22 09:45:24,3.77.0
Fitria Susanti,sangat baik,5,3.76.0,2023-05-22 08:36:36,"Halo Kak, terima kasih banyak atas ratingnya, semoga Kakak tetap nyaman dan selau setia menjadi pelanggan Traveloka. Yuk Kak pantengin terus Traveloka Lifestyle Super App karna kami selalu berikan promo-promo yg menarik loooh, jangan sampai ketinggalan ya :)",2023-05-22 08:42:07,3.76.0
Ahmad Fadlullah,bagus,3,3.77.0,2023-05-22 08:11:01,Hai Ahmad. Makasih buat rating yang kamu berikan! Mimin tunggu pesanan kamu selanjutnya di Traveloka :) -RM,2023-05-22 08:12:51,3.77.0
Eli Winarno,Oke...sangat membantu sekali,5,,2023-05-22 07:53:04,"Halo Kak, terima kasih banyak atas ratingnya, semoga Kakak tetap nyaman dan selau setia menjadi pelanggan Traveloka. Yuk Kak pantengin terus Traveloka Lifestyle Super App karna kami selalu berikan promo-promo yg menarik loooh, jangan sampai ketinggalan ya :)",2023-05-22 08:12:07,
Megha Arfillah,pelayanan baik,4,3.76.0,2023-05-22 07:06:23,"Halo Kak, terima kasih banyak atas ratingnya, semoga Kakak tetap nyaman dan selau setia menjadi pelanggan Traveloka. Yuk Kak pantengin terus Traveloka Lifestyle Super App karna kami selalu berikan promo-promo yg menarik loooh, jangan sampai ketinggalan ya :)",2023-05-22 07:12:08,3.76.0
Agus Mukorubin,sip jos,5,3.56.1,2023-05-22 06:10:43,"Hai Agus, terima kasih atas feedbacknya, semoga kamu tetap setia dengan Traveloka. Jika ada pertanyaan bisa langsung infokan pada kami di https://www.traveloka.com/contactus ya Kak. Pantau terus Traveloka Lifestyle Super App untuk penawaran spesial lainnya! -AH",2023-05-22 06:14:05,3.56.1
Aswandy Hutabarat,mantap,5,3.75.0,2023-05-22 06:03:45,"Halo Kak, terima kasih banyak atas ratingnya, semoga Kakak tetap nyaman dan selau setia menjadi pelanggan Traveloka. Yuk Kak pantengin terus Traveloka Lifestyle Super App karna kami selalu berikan promo-promo yg menarik loooh, jangan sampai ketinggalan ya :)",2023-05-22 06:12:08,3.75.0
Sarwono Sarwono,Semoga menjadi lebih baik lg,4,3.76.0,2023-05-22 04:51:40,"Halo Kak, terima kasih banyak atas ratingnya, semoga Kakak tetap nyaman dan selau setia menjadi pelanggan Traveloka. Yuk Kak pantengin terus Traveloka Lifestyle Super App karna kami selalu berikan promo-promo yg menarik loooh, jangan sampai ketinggalan ya :)",2023-05-22 05:12:09,3.76.0
Gunawan Syahrul,"Mau verifikasi pembelian aja lama banget padahal Internet stabil, ampas!!",2,3.76.0,2023-05-22 04:31:07,"Halo, Gunawan. Mohon maaf atas kendala yang kamu alami. Silakan menghubungi kami melalui https://www.traveloka.com/id-id/contactus untuk pengecekan lebih lanjut. Terima kasih. -SC",2023-05-22 04:45:27,3.76.0
Arciffs Channel,"mantab, langganan saat dinas",5,3.77.0,2023-05-22 04:09:32,"Halo Kak, terima kasih banyak atas ratingnya, semoga Kakak tetap nyaman dan selau setia menjadi pelanggan Traveloka. Yuk Kak pantengin terus Traveloka Lifestyle Super App karna kami selalu berikan promo-promo yg menarik loooh, jangan sampai ketinggalan ya :)",2023-05-22 04:12:16,3.77.0
Narendra Insano Soma,mantap cepat aman,5,3.76.0,2023-05-22 03:23:23,"Halo Kak, terima kasih banyak atas ratingnya, semoga Kakak tetap nyaman dan selau setia menjadi pelanggan Traveloka. Yuk Kak pantengin terus Traveloka Lifestyle Super App karna kami selalu berikan promo-promo yg menarik loooh, jangan sampai ketinggalan ya :)",2023-05-22 03:42:07,3.76.0
prasetya teguh,good apl,5,3.76.0,2023-05-22 03:01:21,"Halo Kak, terima kasih banyak atas ratingnya, semoga Kakak tetap nyaman dan selau setia menjadi pelanggan Traveloka. Yuk Kak pantengin terus Traveloka Lifestyle Super App karna kami selalu berikan promo-promo yg menarik loooh, jangan sampai ketinggalan ya :)",2023-05-22 03:12:09,3.76.0
Untung Sucipto,sangat membaantu,5,3.76.0,2023-05-22 02:23:07,"Halo Kak, terima kasih banyak atas ratingnya, semoga Kakak tetap nyaman dan selau setia menjadi pelanggan Traveloka. Yuk Kak pantengin terus Traveloka Lifestyle Super App karna kami selalu berikan promo-promo yg menarik loooh, jangan sampai ketinggalan ya :)",2023-05-22 02:42:06,3.76.0
Agung RedMI,Kurang adanya opsi pembayaran lewat dompet digital. Terlalu sering mempromosikan paylater. tidak bisa beli voucher game dan pembayaran tagihan PLN,3,,2023-05-22 01:53:22,"Halo, Agung. Terima kasih atas masukkannya. Hal ini akan menjadi bahan pertimbangan bagi kami untuk perbaikan ke depannya. Terima kasih. -SC",2023-05-22 02:16:04,
sudarta Biasa,coba dulu ya kalau pelayanan bagus saya beri bintang 5,3,3.77.0,2023-05-22 01:32:16,Hai Sudarta. Makasih buat rating yang diberikan ya! Jika ada hal yang ingin ditanyakan jangan sungkan hubungi kami melalui link https://www.traveloka.com/id-id/contactus. Makasih. -RM,2023-05-22 01:45:02,3.77.0
Rio Fajar Haryanto,"mudah, flexible dan harga yg Kompetitif",5,3.76.0,2023-05-21 23:33:26,"Halo Kak, terima kasih banyak atas ratingnya, semoga Kakak tetap nyaman dan selau setia menjadi pelanggan Traveloka. Yuk Kak pantengin terus Traveloka Lifestyle Super App karna kami selalu berikan promo-promo yg menarik loooh, jangan sampai ketinggalan ya :)",2023-05-21 23:42:07,3.76.0
Bella Nurhastuti,Tiba2 ada yg melakukan transaksi di akun saya ketika saya sedang melakukan pemesanan tiket juga. Mana pake paylater. Problemsolvingnya sangat lambat! Saya gk mau ya bayar tagihan yg memang saya tidak pesan!,1,3.76.0,2023-05-21 19:29:42,"Hai Bella. Mohon maaf atas kendala yang kamu alami. Supaya bisa mimin bantu cek lebih lanjut, mohon bantuannya infokan nomor pemesanan dengan alamat email yang terdaftar pada PayLater ke https://www.traveloka.com/id-id/contactus ya. Terima kasih. -KK",2023-05-21 19:49:15,3.76.0
Alfian Duta Krisnadi,Amzing & Best App Selama ini saya selalu memesan hotel dan tiket pesawat Sky Team di aplikasi traveloka tidak pernah mengalami kendala sama sekali selama dua tahun semoga kedepannya lebih baik lagi,5,3.72.0,2023-05-21 18:33:50,"Halo Kak, terima kasih banyak atas ratingnya, semoga Kakak tetap nyaman dan selau setia menjadi pelanggan Traveloka. Yuk Kak pantengin terus Traveloka Lifestyle Super App karna kami selalu berikan promo-promo yg menarik loooh, jangan sampai ketinggalan ya :)",2023-05-21 18:42:07,3.72.0
Ismail novianto,Sangat membantu dalam kunjungan ke kota lain untuk mencari fasilitas berupa hotel tranportasi dan lain lain selain itu juga menambah wawasan serta mempermudah perjalanan dan memberi pilihan akomodasi,5,,2023-05-21 18:18:07,"Hi Kak, senang banget nih dapat rating bagus dari Kakak, terima kasih juga atas feedbacknya! Kenyamanan Kakak adalah prioritas Kami, jika ada pertanyaan lainnya jangan sungkan ya untuk infokan pada kami di https://www.traveloka.com/contactus . Jangan sampai ketinggalan penawaran menarik lainnya di Traveloka Lifestye Super Apps.",2023-05-21 18:42:10,
biyan tangahu,nice,5,3.77.0,2023-05-21 17:59:49,"Hi, thank you very much for the positive review! Please feel free to contact us at https://www.traveloka.com/contactus we're more than happy to assist you and Stay tuned for more exciting offers on Traveloka Lifestyle Super App.",2023-05-21 18:12:07,3.77.0
PartFitnes Indonesia,mantap,5,3.47.0,2023-05-21 14:32:52,"Halo Kak, terima kasih banyak atas ratingnya, semoga Kakak tetap nyaman dan selau setia menjadi pelanggan Traveloka. Yuk Kak pantengin terus Traveloka Lifestyle Super App karna kami selalu berikan promo-promo yg menarik loooh, jangan sampai ketinggalan ya :)",2023-05-21 14:42:06,3.47.0
gusto winardi,mudah,5,3.76.0,2023-05-21 14:04:48,"Halo Kak, terima kasih banyak atas ratingnya, semoga Kakak tetap nyaman dan selau setia menjadi pelanggan Traveloka. Yuk Kak pantengin terus Traveloka Lifestyle Super App karna kami selalu berikan promo-promo yg menarik loooh, jangan sampai ketinggalan ya :)",2023-05-21 14:12:06,3.76.0
alip npmnpx-r,"bug, setelah pembelian tiket kereta dan sudah bayar, home masih muncul selesaikan pembayaran asuransi chub -4,414, untng iseng coba utk bayar minus trsebut milih bank tdk bisa 😆",3,,2023-05-21 13:48:02,"Hai Kak. Maaf ya atas kendalanya. Apabila terkendala halaman aplikasi Traveloka, pastikan kamu sudah menggunakan versi terbaru dan koneksi internet stabil kemudian coba kembali. Apabila ada pertanyaan, silakan dapat hubungi kami di Chat Inbox aplikasi Traveloka atuu email ke cs@traveloka.com ya. Terima kasih. -CA",2023-05-21 14:14:34,
Mahatmi Megayanthi,Koq aplikasi bioskopnya gag ada muncul lagi sich di tampilan beranda nya...knpa malah di hilangkan menu bioskop nya,1,3.77.0,2023-05-21 13:07:35,"Hai Mahatmi, terima kasih atas antusiasme kamu Kak. Sebagai strategi bisnis dan prioritas perusahaan, maka kami menghentikan layanan Movies dari penyedia CGV sejak tanggal 6 Februari 2023 pada Pukul 00:00. Oleh karena itu, layanan Movies dari penyedia CGV tidak lagi dapat ditemukan dan dipesan melalui Traveloka. Terima kasih. -AH",2023-05-21 13:15:11,3.77.0
Dullah Rivay,Top,5,3.76.0,2023-05-21 13:01:57,"Hi, thank you very much for the positive review! Please feel free to contact us at https://www.traveloka.com/contactus we're more than happy to assist you and Stay tuned for more exciting offers on Traveloka Lifestyle Super App.",2023-05-21 13:12:07,3.76.0
syamsuddinsst,proses mudah Semoga semua berjalan lancar,5,3.38.0,2023-05-21 12:42:53,"Hi Kak, senang banget nih dapat rating bagus dari Kakak, terima kasih juga atas feedbacknya! Kenyamanan Kakak adalah prioritas Kami, jika ada pertanyaan lainnya jangan sungkan ya untuk infokan pada kami di https://www.traveloka.com/contactus . Jangan sampai ketinggalan penawaran menarik lainnya di Traveloka Lifestye Super Apps.",2023-05-21 13:12:10,3.38.0
Putu Dian Tirtayanti,"sangat membantu, fitur mudah digunakan",5,3.76.0,2023-05-21 12:00:04,"Halo Kak, terima kasih banyak atas ratingnya, semoga Kakak tetap nyaman dan selau setia menjadi pelanggan Traveloka. Yuk Kak pantengin terus Traveloka Lifestyle Super App karna kami selalu berikan promo-promo yg menarik loooh, jangan sampai ketinggalan ya :)",2023-05-21 12:12:07,3.76.0
Hendry XXIX,ok,5,3.76.0,2023-05-21 10:43:00,"Hi, thank you very much for the positive review! Please feel free to contact us at https://www.traveloka.com/contactus we're more than happy to assist you and Stay tuned for more exciting offers on Traveloka Lifestyle Super App.",2023-05-21 11:12:06,3.76.0
Ismi Hanifah,"apk nya eror terus, gak berfungsi",3,,2023-05-21 10:01:25,"Hai Ismi, maaf ya atas kendalanya. Apabila terkendala akses aplikasi, pastikan kamu sudah menggunakan versi terbaru dan koneksi internet stabil kemudian coba kembali ya. Jika ada pertanyaan, kamu bisa hubungi kami melalui Chat Inbox di aplikasi Traveloka ataupun email di cs@traveloka.com ya agar kami bantu lebih cek lebih lanjut. Terima kasih. -CA",2023-05-21 10:14:00,
Lurusan Hati Amazihono,aplikasi ini pokoknya sangat membantu dan mudah pembayaran👍,5,3.76.0,2023-05-21 09:50:34,"Halo Kak, terima kasih banyak atas ratingnya, semoga Kakak tetap nyaman dan selau setia menjadi pelanggan Traveloka. Yuk Kak pantengin terus Traveloka Lifestyle Super App karna kami selalu berikan promo-promo yg menarik loooh, jangan sampai ketinggalan ya :)",2023-05-21 10:12:07,3.76.0
Muhammad Usman,Travel M,5,3.53.0,2023-05-21 09:38:52,"Hi, thank you very much for the positive review! Please feel free to contact us at https://www.traveloka.com/contactus we're more than happy to assist you and Stay tuned for more exciting offers on Traveloka Lifestyle Super App.",2023-05-21 09:42:11,3.53.0
Khadijah Dalimunthe,"harga sering berubah, bikin kesal",3,3.76.0,2023-05-21 09:24:32,"Hai, Khadijah. Maaf ya atas pengalaman kamu. Pada dasarnya harga yang tertera bersifat fluktuatif dan akan mengikuti update dari penyedia jasa ya. Jika kamu memiliki pertanyaan lebih lanjut, silakan menghubungi kami melalui https://www.traveloka.com/contactus. Terima kasih.-TK",2023-05-21 09:45:40,3.76.0
Sariabu family's,good,5,3.77.0,2023-05-21 09:01:46,"Hi, thank you very much for the positive review! Please feel free to contact us at https://www.traveloka.com/contactus we're more than happy to assist you and Stay tuned for more exciting offers on Traveloka Lifestyle Super App.",2023-05-21 09:12:06,3.77.0
Syifa Tul Alawiyah,Sekarang tiket bioskop udah g bisa pesan lagi disini.,1,3.76.0,2023-05-21 08:29:14,"Hai, Syifa. Sebagai strategi bisnis dan prioritas perusahaan, kami menghentikan layanan Movies di Traveloka. Kami pastikan keputusan ini tidak mempengaruhi bisnis kami yang lain karena kami senantiasa berusaha memberikan kontribusi positif kepada konsumen dengan menyediakan produk dan layanan perjalanan yang relevan. Terima kasih 🙏 -WR",2023-05-21 08:47:11,3.76.0
Bilqis Channel,Top,5,3.76.0,2023-05-21 07:50:31,"Hi, thank you very much for the positive review! Please feel free to contact us at https://www.traveloka.com/contactus we're more than happy to assist you and Stay tuned for more exciting offers on Traveloka Lifestyle Super App.",2023-05-21 08:12:06,3.76.0
kina andriana,"Bukan pengguna Traveloka, download hanya ingin menyampaikan kritik. Seringkali mengalami overbooked yang berasal dari Traveloka yang tidak balance, sudah FU untuk close allotment tetapi balasan dari pihak yang bersangkutan lama sekali.",1,3.76.0,2023-05-21 06:21:56,"Halo, Kina. Silakan menghubungi kami melalui tautan https://www.traveloka.com/id-id/contactus untuk pengecekan dan info lebih lanjut. Terima kasih. -SC",2023-05-21 06:47:42,3.76.0
Haidar Farras,"Kecewa banget dengan pelayanan traveloka kemaren, persen penginapan ketika sampe lokasi katanya full lalu diminta relokasi, dll akhirnya di relokasi ke penginapan lain habis itu otw penginapan tersebut udah sampe full juga habis itu di minta lagi relokasi dll akhirnya saya pilih refund aja mana nunggu 3 hari kerja. Tolong dipastikan data di app dan di penginapan biar gak kejadian kaya gini udah d relokasi ke hotel kain ternyata sampe full juga hotelnya mana udah muter muter habisin Berjam jam.",1,3.76.0,2023-05-21 05:47:25,"Hai, Kak Haidar. Mohon maaf atas ketidaknyamanannya. Kalau kamu memiliki kendala terkait pemesanan Hotel di Traveloka, mohon hubungi kami melalui tautan ini https://www.traveloka.com/id-id/contactus untuk dibantu cek lebih lanjut ya. Terima kasih 🙏 -WR",2023-05-21 06:16:05,3.76.0
Deddy Pandean,mantap👍👍👍,5,3.76.0,2023-05-21 05:29:53,"Halo Kak, terima kasih banyak atas ratingnya, semoga Kakak tetap nyaman dan selau setia menjadi pelanggan Traveloka. Yuk Kak pantengin terus Traveloka Lifestyle Super App karna kami selalu berikan promo-promo yg menarik loooh, jangan sampai ketinggalan ya :)",2023-05-21 05:42:06,3.76.0
Ida Hamida,bagus,3,3.76.0,2023-05-21 05:22:10,"Hai, Ida. Terima kasih untuk apresiasinya dan feedbacknya. Dipastikan untuk kenyamanan pengguna Traveloka, kami akan perbaiki & tingkatkan performa Traveloka. Kalau ada yang ingin ditanyakan, mohon hubungi kami melalui tautan ini https://www.traveloka.com/contactus ya. Terima kasih. -VK",2023-05-21 05:43:23,3.76.0
Cokde yadjana,Top,4,,2023-05-21 04:40:13,"Hi, thank you very much for the positive review! Please feel free to contact us at https://www.traveloka.com/contactus we're more than happy to assist you and Stay tuned for more exciting offers on Traveloka Lifestyle Super App.",2023-05-21 04:42:05,
syaadilah sholehah,Setiap mau bicara dengan CS susah. Telpon berkali yg terpon selalu komputer. Tolong perbaiki CS traveloka seperti dulu.,1,3.76.0,2023-05-21 03:42:50,"Hai, Syaadilah. Mohon maaf atas ketidaknyamanannya. Untuk membantu kami memahami kendala kamu, mohon bantuannya untuk menyampaikan kendala kamu beserta nomor pesanan kamu melalui https://www.traveloka.com/id-id/contactus agar kami dapat bantu cek lebih lanjut. Terima kasih. -SY",2023-05-21 04:15:46,3.76.0
Riyan Kayana,mantapp,5,3.77.0,2023-05-21 02:51:18,"Halo Kak, terima kasih banyak atas ratingnya, semoga Kakak tetap nyaman dan selau setia menjadi pelanggan Traveloka. Yuk Kak pantengin terus Traveloka Lifestyle Super App karna kami selalu berikan promo-promo yg menarik loooh, jangan sampai ketinggalan ya :)",2023-05-21 03:12:06,3.77.0
acep chandra,okkkkkk,5,3.62.2,2023-05-21 02:49:30,"Hai, Acep. Terima kasih untuk review dan bintang 5 yang kamu berikan ya, mimin senang banget deh lihatnya hehehe. Sehat dan sukses selalu buat kamu serta keluarga. Mimin tunggu pesanan kamu selanjutnya :) -AM",2023-05-21 03:14:50,3.62.2
Ilham mdqh,Makasih,5,,2023-05-21 02:41:28,"Halo Kak, terima kasih banyak atas ratingnya, semoga Kakak tetap nyaman dan selau setia menjadi pelanggan Traveloka. Yuk Kak pantengin terus Traveloka Lifestyle Super App karna kami selalu berikan promo-promo yg menarik loooh, jangan sampai ketinggalan ya :)",2023-05-21 02:42:07,
Khairul umam,murah mudah memuaskan,5,3.76.0,2023-05-21 01:34:04,"Halo Kak, terima kasih banyak atas ratingnya, semoga Kakak tetap nyaman dan selau setia menjadi pelanggan Traveloka. Yuk Kak pantengin terus Traveloka Lifestyle Super App karna kami selalu berikan promo-promo yg menarik loooh, jangan sampai ketinggalan ya :)",2023-05-21 01:42:06,3.76.0
Ibram Muda,gg,5,3.76.0,2023-05-21 00:02:42,"Hi, thank you very much for the positive review! Please feel free to contact us at https://www.traveloka.com/contactus we're more than happy to assist you and Stay tuned for more exciting offers on Traveloka Lifestyle Super App.",2023-05-21 00:12:07,3.76.0
Sutrisno Sadono,baik dan simple,5,3.76.0,2023-05-20 23:42:10,"Hi Kak, senang banget nih dapat rating bagus dari Kakak, terima kasih juga atas feedbacknya! Kenyamanan Kakak adalah prioritas Kami, jika ada pertanyaan lainnya jangan sungkan ya untuk infokan pada kami di https://www.traveloka.com/contactus . Jangan sampai ketinggalan penawaran menarik lainnya di Traveloka Lifestye Super Apps.",2023-05-21 00:12:09,3.76.0
PANAM WIBISONO,Mantap,5,3.76.0,2023-05-20 23:12:08,"Halo Kak, terima kasih banyak atas ratingnya, semoga Kakak tetap nyaman dan selau setia menjadi pelanggan Traveloka. Yuk Kak pantengin terus Traveloka Lifestyle Super App karna kami selalu berikan promo-promo yg menarik loooh, jangan sampai ketinggalan ya :)",2023-05-20 23:42:07,3.76.0
dedi suryadi,good,5,3.76.0,2023-05-20 21:34:31,"Hi, thank you very much for the positive review! Please feel free to contact us at https://www.traveloka.com/contactus we're more than happy to assist you and Stay tuned for more exciting offers on Traveloka Lifestyle Super App.",2023-05-20 21:42:07,3.76.0
Rivaldo Bima Armadhan,Aplikasi jelek ganggu,1,,2023-05-20 18:13:50,"Hai Rivaldo. Mohon maaf atas ketidaknyamanan kamu ya. Supaya kami bisa memahami kendala kamu terhadap aplikasi Traveloka, mohon bantu infokan dengan detail kendalanya di https://www.traveloka.com/id-id/contactus, ya. Terima kasih. -KK",2023-05-20 18:43:57,
Gomgom Martahan,baik,5,3.76.0,2023-05-20 18:05:58,"Halo Kak, terima kasih banyak atas ratingnya, semoga Kakak tetap nyaman dan selau setia menjadi pelanggan Traveloka. Yuk Kak pantengin terus Traveloka Lifestyle Super App karna kami selalu berikan promo-promo yg menarik loooh, jangan sampai ketinggalan ya :)",2023-05-20 18:12:07,3.76.0
Boeloex 80,membantu sekali,5,3.76.0,2023-05-20 15:45:23,"Halo Kak, terima kasih banyak atas ratingnya, semoga Kakak tetap nyaman dan selau setia menjadi pelanggan Traveloka. Yuk Kak pantengin terus Traveloka Lifestyle Super App karna kami selalu berikan promo-promo yg menarik loooh, jangan sampai ketinggalan ya :)",2023-05-20 16:12:08,3.76.0
Marudut Pakpahan (Smartdut),"Sangat bagus dan bermanfaat untuk urusan penerbangan, Hotel, experience, antar jemput, bisa dan taksi serta masih banyak lagi semuanya top deh hayo teman teman SDR sdri pakai app. Traveloka Sanga memuaskan terimakasih.",5,3.76.0,2023-05-20 13:47:16,"Halo Kak, terima kasih banyak atas ratingnya, semoga Kakak tetap nyaman dan selau setia menjadi pelanggan Traveloka. Yuk Kak pantengin terus Traveloka Lifestyle Super App karna kami selalu berikan promo-promo yg menarik loooh, jangan sampai ketinggalan ya :)",2023-05-20 14:12:06,3.76.0
Paimin Klaten,Aplikasi Travelola sangaat membantu untuk semua kepentingan kami' trima kasih Traveloka,4,3.76.0,2023-05-20 12:51:56,"Halo Kak, terima kasih banyak atas ratingnya, semoga Kakak tetap nyaman dan selau setia menjadi pelanggan Traveloka. Yuk Kak pantengin terus Traveloka Lifestyle Super App karna kami selalu berikan promo-promo yg menarik loooh, jangan sampai ketinggalan ya :)",2023-05-20 13:12:06,3.76.0
Evi Asiyah Chudewi,gampang pesan hotelnya .murah,5,3.76.0,2023-05-20 12:50:38,"Hi Kak, senang banget nih dapat rating bagus dari Kakak, terima kasih juga atas feedbacknya! Kenyamanan Kakak adalah prioritas Kami, jika ada pertanyaan lainnya jangan sungkan ya untuk infokan pada kami di https://www.traveloka.com/contactus . Jangan sampai ketinggalan penawaran menarik lainnya di Traveloka Lifestye Super Apps.",2023-05-20 13:12:10,3.76.0
Yunus Djami,Aman,5,3.76.0,2023-05-20 12:27:38,"Halo Kak, terima kasih banyak atas ratingnya, semoga Kakak tetap nyaman dan selau setia menjadi pelanggan Traveloka. Yuk Kak pantengin terus Traveloka Lifestyle Super App karna kami selalu berikan promo-promo yg menarik loooh, jangan sampai ketinggalan ya :)",2023-05-20 12:42:07,3.76.0
Jelajah Indonesian,Suka sekali,5,3.76.0,2023-05-20 12:04:42,"Hai Kak, terima kasih atas feedbacknya, semoga kamu tetap setia dengan Traveloka. Jika ada pertanyaan bisa langsung infokan pada kami di https://www.traveloka.com/contactus ya Kak. Pantau terus Traveloka Lifestyle Super App untuk penawaran spesial lainnya! -AH",2023-05-20 12:18:11,3.76.0
namira - athar -azmi family,banyak promo,5,,2023-05-20 11:59:19,"Halo Kak, terima kasih banyak atas ratingnya, semoga Kakak tetap nyaman dan selau setia menjadi pelanggan Traveloka. Yuk Kak pantengin terus Traveloka Lifestyle Super App karna kami selalu berikan promo-promo yg menarik loooh, jangan sampai ketinggalan ya :)",2023-05-20 12:12:08,
Yayat Kuryana,ok proses cepat,5,3.76.0,2023-05-20 10:49:41,"Hi Kak, senang banget nih dapat rating bagus dari Kakak, terima kasih juga atas feedbacknya! Kenyamanan Kakak adalah prioritas Kami, jika ada pertanyaan lainnya jangan sungkan ya untuk infokan pada kami di https://www.traveloka.com/contactus . Jangan sampai ketinggalan penawaran menarik lainnya di Traveloka Lifestye Super Apps.",2023-05-20 11:12:10,3.76.0
Than Sul,Mantap,5,3.77.0,2023-05-20 10:41:55,"Hi Kak, terima kasih atas feedbacknya, semoga Kakak tetap setia dengan Traveloka. Jika ada pertanyaan lain bisa langsung infokan pada kami di https://www.traveloka.com/contactus ya, Kak. Pantau terus Traveloka Lifestyle Super App untuk penawaran spesial lainnya!",2023-05-20 11:12:14,3.77.0
Don Juan,Bagus,5,,2023-05-20 10:16:26,"Halo Kak, terima kasih banyak atas ratingnya, semoga Kakak tetap nyaman dan selau setia menjadi pelanggan Traveloka. Yuk Kak pantengin terus Traveloka Lifestyle Super App karna kami selalu berikan promo-promo yg menarik loooh, jangan sampai ketinggalan ya :)",2023-05-20 10:42:07,
Asno Rusdi,gòds,5,3.76.0,2023-05-20 09:40:59,"Hi Asno, thank you for trusting Traveloka as your travel partner. -RM",2023-05-20 09:48:26,3.76.0
Uwan Ridwan,bagus...sangat membantu,5,3.76.0,2023-05-20 09:35:11,"Halo Kak, terima kasih banyak atas ratingnya, semoga Kakak tetap nyaman dan selau setia menjadi pelanggan Traveloka. Yuk Kak pantengin terus Traveloka Lifestyle Super App karna kami selalu berikan promo-promo yg menarik loooh, jangan sampai ketinggalan ya :)",2023-05-20 09:42:21,3.76.0
Dzakira Aftani,Aplukasi tolol sudah pesan hotel bayar pas chek in hotel tidak menerima pesanan,1,3.76.0,2023-05-20 08:37:49,"Halo Dzakira, mohon maaf banget terkait hal ini ya. Boleh infokan nomor pesanan kamu via tautan ini https://www.traveloka.com/id-id/contactus supaya kami bantu lebih lanjut ya Kak. Terima kasih. -OR",2023-05-20 08:43:43,3.76.0
Busana Rapi,terbaik,5,,2023-05-20 08:23:15,"Halo Kak, terima kasih banyak atas ratingnya, semoga Kakak tetap nyaman dan selau setia menjadi pelanggan Traveloka. Yuk Kak pantengin terus Traveloka Lifestyle Super App karna kami selalu berikan promo-promo yg menarik loooh, jangan sampai ketinggalan ya :)",2023-05-20 08:42:13,
Red 10c,moga makin terdepan,5,3.76.0,2023-05-20 08:20:53,"Hi Kak, senang banget nih dapat rating bagus dari Kakak, terima kasih juga atas feedbacknya! Kenyamanan Kakak adalah prioritas Kami, jika ada pertanyaan lainnya jangan sungkan ya untuk infokan pada kami di https://www.traveloka.com/contactus . Jangan sampai ketinggalan penawaran menarik lainnya di Traveloka Lifestye Super Apps.",2023-05-20 08:42:16,3.76.0
Ben Hossane88,cepat prosesnya,4,3.76.0,2023-05-20 07:48:59,"Halo Kak, terima kasih banyak atas ratingnya, semoga Kakak tetap nyaman dan selau setia menjadi pelanggan Traveloka. Yuk Kak pantengin terus Traveloka Lifestyle Super App karna kami selalu berikan promo-promo yg menarik loooh, jangan sampai ketinggalan ya :)",2023-05-20 08:12:07,3.76.0
Sidoli Parjalang,sangat membantu,5,3.39.0,2023-05-20 07:47:26,"Hi Kak, senang banget nih dapat rating bagus dari Kakak, terima kasih juga atas feedbacknya! Kenyamanan Kakak adalah prioritas Kami, jika ada pertanyaan lainnya jangan sungkan ya untuk infokan pada kami di https://www.traveloka.com/contactus . Jangan sampai ketinggalan penawaran menarik lainnya di Traveloka Lifestye Super Apps.",2023-05-20 08:12:09,3.39.0
sufi almajid,bagus,5,3.76.0,2023-05-20 07:43:42,"Hi Kak, terima kasih atas feedbacknya, semoga Kakak tetap setia dengan Traveloka. Jika ada pertanyaan lain bisa langsung infokan pada kami di https://www.traveloka.com/contactus ya, Kak. Pantau terus Traveloka Lifestyle Super App untuk penawaran spesial lainnya!",2023-05-20 08:12:12,3.76.0
Linser Melyana,mantap,5,3.39.0,2023-05-20 07:10:47,"Halo Kak, terima kasih banyak atas ratingnya, semoga Kakak tetap nyaman dan selau setia menjadi pelanggan Traveloka. Yuk Kak pantengin terus Traveloka Lifestyle Super App karna kami selalu berikan promo-promo yg menarik loooh, jangan sampai ketinggalan ya :)",2023-05-20 07:12:07,3.39.0
Zainal Arifin,Banyak ulasan jelek mengenai apilkasi ini. Saya juga user pernah makan hati. Sistemnya ribet dan pelayanan jelek. Mending pakai aplikasi lain. Tidak rekomendasi untuk di download.,1,,2023-05-20 07:05:02,"Halo Zainal, mohon maaf banget ketidaknyamanan ini ya. Supaya bisa kami bantu lebih lanjut, mohon infokan kendala yang kamu alami melalui tautan ini ya https://www.traveloka.com/id-id/contactus. Terima kasih. -OR",2023-05-20 07:16:00,
andi prstyo ochet,mantap aplikasi ini,5,3.76.0,2023-05-20 07:03:51,"Hi Kak, senang banget nih dapat rating bagus dari Kakak, terima kasih juga atas feedbacknya! Kenyamanan Kakak adalah prioritas Kami, jika ada pertanyaan lainnya jangan sungkan ya untuk infokan pada kami di https://www.traveloka.com/contactus . Jangan sampai ketinggalan penawaran menarik lainnya di Traveloka Lifestye Super Apps.",2023-05-20 07:12:10,3.76.0
Ronny Isaias,Zz,5,3.26.1,2023-05-20 06:31:18,"Hi, thank you very much for the positive review! Please feel free to contact us at https://www.traveloka.com/contactus we're more than happy to assist you and Stay tuned for more exciting offers on Traveloka Lifestyle Super App.",2023-05-20 06:42:15,3.26.1
Satrio,nice,5,3.76.0,2023-05-20 06:14:26,"Hi, thank you very much for the positive review! Please feel free to contact us at https://www.traveloka.com/contactus we're more than happy to assist you and Stay tuned for more exciting offers on Traveloka Lifestyle Super App.",2023-05-20 06:42:23,3.76.0
Ridwan Afandhi,sangat Baik,1,3.76.0,2023-05-20 05:48:06,"Hai Ridwan, terima kasih atas feedbacknya, semoga kamu tetap setia dengan Traveloka. Jika ada pertanyaan bisa langsung infokan pada kami di https://www.traveloka.com/contactus ya Kak. Pantau terus Traveloka Lifestyle Super App untuk penawaran spesial lainnya! -AH",2023-05-20 06:13:57,3.76.0
anggriawan kiki,"Beli tiket pesawat tiba-tiba saat check out harga berubah naik sendiri dari sebelumnya, sudah sering begini.. di ulangi lg dari awal begini lg..",2,3.76.0,2023-05-20 05:17:12,"Hai Kiki, mohon maaf sudah membuat kamu tidak nyaman. Pada dasarnya untuk harga bersifat fluktuati mengikuti kebijakan pihak maskapai. Untuk dapat kami cek lebih lanjut kendala kamu. Mohon menginformasikan detail pemesanan yang kamu lakukan melalui link https://www.traveloka.com/id-id/contactus Kak. Terima kasih. -AH",2023-05-20 05:44:16,3.76.0
liazaidhan Aerobik,Ndk bisa di buka,1,3.11.0,2023-05-20 05:09:07,"Hai Lia, mohon maaf atas kendala yang kamu alami. Terkait kendala kamu, untuk dapat mimin cek lebih lanjut. Mohon menghubungi kami melalui link https://www.traveloka.com/id-id/contactus dengan melampirkan screenshot kendala kamu. Terima kasih. -AH",2023-05-20 05:14:22,3.11.0
Emilia Margaretha,Traveloka sangat merugikan kami pada hari ini seharusnya kami flight tetapi pihak maskapai sudah menghubungi dan merubah jdwal ke traveloka. Tp traveloka tidak memberitahu kami atas perubahan itu. Hanya di beritahu jika perubahan jam dr jam 7 pagi menuju jam 13.40 pdhal maskapai info ke traveloka jika di ubah ke tanggal 21-5-2023,1,3.77.0,2023-05-20 05:01:26,"Hai, Kak Emilia. Mohon maaf atas ketidaknyamanannya. Kalau kamu memiliki kendala terkait pemesanan di Traveloka, mohon hubungi kami melalui tautan ini https://www.traveloka.com/id-id/contactus untuk dibantu cek lebih lanjut ya. Terima kasih 🙏 -WR
",2023-05-20 05:14:59,3.77.0
Wiryanto Tebet,In order for vacations,5,3.76.0,2023-05-20 04:46:51,"Hi, Wiryanto. Thank you for your review and feedback. If you need more assistant, kindly contact us through https://www.traveloka.com/contactus. Thank you. -VK",2023-05-20 05:13:35,3.76.0
Andi Syarif,good,5,3.76.0,2023-05-20 04:45:09,"Hi, thank you very much for the positive review! Please feel free to contact us at https://www.traveloka.com/contactus we're more than happy to assist you and Stay tuned for more exciting offers on Traveloka Lifestyle Super App.",2023-05-20 05:12:21,3.76.0
Lestari Uyeeh,Setelah di update kenapa fitur bioskop nya gak ada yaa??,3,3.76.0,2023-05-20 04:36:20,"Hai, Lestari. Sebagai strategi bisnis dan prioritas perusahaan, maka kami menghentikan layanan Movies dari penyedia CGV sejak 6 Februari 2023. Kami senantiasa berusaha memberikan kontribusi positif kepada konsumen kami dengan menyediakan produk dan layanan perjalanan yang relevan. Terima kasih antusiasnya terhadap produk Movie di Traveloka ya🙏 -WR",2023-05-20 04:47:55,3.76.0
Ahmad Rifa'i,Sering tertipu dengan aplikasi ini. Foto bagus aslinya kya rumah hantu,1,3.76.0,2023-05-20 04:31:21,"Hai, Rifa'i. Maaf ya udah buat kamu gak nyaman. Kalau memang pesanan kamu berbeda dengan yang tertampil di aplikasi, silakan hubungi mimin melalui layanan pengaduan Traveloka di laman https://www.traveloka.com/contactus. Jangan lupa infoin nomor pesanan dan bukti/foto kamarnya ya. Terima kasih. -AM",2023-05-20 04:44:51,3.76.0
Sohibul Fajri,Knapa ya aplikasi ini berat banget sekarang di akses pas pencarian tiketnya bikin kesel ajak,2,3.45.0,2023-05-20 03:55:21,"Hai Kak Fajri, maaf banget buat kamu gak nyaman, mohon pastikan untuk ruang penyimpanan pada ponsel kamu mencukupi dan jika pada aplikasi kamu belum memiliki aplikasi Traveloka dengan versi terbaru mohon melakukan update terlebih dahulu ya Kak. Terima kasih. -AK",2023-05-20 04:18:30,3.45.0
Aldanu Ismi,membantu,4,3.76.0,2023-05-20 03:42:36,"Halo Kak, terima kasih banyak atas ratingnya, semoga Kakak tetap nyaman dan selau setia menjadi pelanggan Traveloka. Yuk Kak pantengin terus Traveloka Lifestyle Super App karna kami selalu berikan promo-promo yg menarik loooh, jangan sampai ketinggalan ya :)",2023-05-20 04:12:07,3.76.0
Edy Suprapto,bagus,5,3.76.0,2023-05-20 03:40:54,"Halo Kak, terima kasih banyak atas ratingnya, semoga Kakak tetap nyaman dan selau setia menjadi pelanggan Traveloka. Yuk Kak pantengin terus Traveloka Lifestyle Super App karna kami selalu berikan promo-promo yg menarik loooh, jangan sampai ketinggalan ya :)",2023-05-20 03:42:07,3.76.0
Zaenal Maulana,refund ribet nunggu lama,1,3.77.0,2023-05-20 03:16:56,"Hai, Zaenal. Mohon maaf sebelumnya. Setelah kami cek, informasi mengenai status refund kamu telah disampaikan oleh tim internal kami di nomor laporan 32xxxx65. Terima kasih. -VK",2023-05-20 03:45:44,3.77.0
Patrick Kaya,mantap,4,3.76.0,2023-05-20 03:02:33,"Halo Kak, terima kasih banyak atas ratingnya, semoga Kakak tetap nyaman dan selau setia menjadi pelanggan Traveloka. Yuk Kak pantengin terus Traveloka Lifestyle Super App karna kami selalu berikan promo-promo yg menarik loooh, jangan sampai ketinggalan ya :)",2023-05-20 03:12:07,3.76.0
Didik prayitno,bagus,3,3.76.0,2023-05-20 02:49:29,"Halo, Didik. Terima kasih atas penilaiannya dan telah memilih Traveloka sebagai partner perjalanan kamu. Terima kasih. -SC",2023-05-20 03:13:51,3.76.0
Freddy 2015,sangat sangat membantu,4,,2023-05-20 02:42:26,"Hi Kak, senang banget nih dapat rating bagus dari Kakak, terima kasih juga atas feedbacknya! Kenyamanan Kakak adalah prioritas Kami, jika ada pertanyaan lainnya jangan sungkan ya untuk infokan pada kami di https://www.traveloka.com/contactus . Jangan sampai ketinggalan penawaran menarik lainnya di Traveloka Lifestye Super Apps.",2023-05-20 03:12:11,
Heri Zaldi,mantap keren,5,3.76.0,2023-05-20 02:41:58,"Hi Kak, terima kasih atas feedbacknya, semoga Kakak tetap setia dengan Traveloka. Jika ada pertanyaan lain bisa langsung infokan pada kami di https://www.traveloka.com/contactus ya, Kak. Pantau terus Traveloka Lifestyle Super App untuk penawaran spesial lainnya!",2023-05-20 03:12:14,3.76.0
Nur Laila,mantap,5,3.76.0,2023-05-20 02:21:53,"Halo Kak, terima kasih banyak atas ratingnya, semoga Kakak tetap nyaman dan selau setia menjadi pelanggan Traveloka. Yuk Kak pantengin terus Traveloka Lifestyle Super App karna kami selalu berikan promo-promo yg menarik loooh, jangan sampai ketinggalan ya :)",2023-05-20 02:42:07,3.76.0
Mega selfiah,Sangat bagus,5,,2023-05-20 02:17:18,"Hi Kak, senang banget nih dapat rating bagus dari Kakak, terima kasih juga atas feedbacknya! Kenyamanan Kakak adalah prioritas Kami, jika ada pertanyaan lainnya jangan sungkan ya untuk infokan pada kami di https://www.traveloka.com/contactus . Jangan sampai ketinggalan penawaran menarik lainnya di Traveloka Lifestye Super Apps.",2023-05-20 02:42:10,
Arif Yulianto,bagus,5,3.77.0,2023-05-20 01:37:06,"Halo Kak, terima kasih banyak atas ratingnya, semoga Kakak tetap nyaman dan selau setia menjadi pelanggan Traveloka. Yuk Kak pantengin terus Traveloka Lifestyle Super App karna kami selalu berikan promo-promo yg menarik loooh, jangan sampai ketinggalan ya :)",2023-05-20 01:42:16,3.77.0
NITA PRIHATININGSIH SEPTIANI,Ok,5,3.76.0,2023-05-20 01:24:45,"Hi, we are so grateful to get a lot of support from you. Hope you continue to enjoy our offers. If you have any feedback or suggestions, let us know on https://www.traveloka.com/contactus, our customer service would love to serve you in 24 hours. Thank you!",2023-05-20 01:42:19,3.76.0
Misbahuddin Misbah,terimakasih membantu,5,3.76.0,2023-05-20 00:05:25,"Halo Kak, terima kasih banyak atas ratingnya, semoga Kakak tetap nyaman dan selau setia menjadi pelanggan Traveloka. Yuk Kak pantengin terus Traveloka Lifestyle Super App karna kami selalu berikan promo-promo yg menarik loooh, jangan sampai ketinggalan ya :)",2023-05-20 00:12:06,3.76.0
Irwan Widjaja,"Buka apps nya, lihat, baca, pelajari dan pesan yang terbaik dan termurah. Semua ada di Traveloka. Kaga Percaya? Silahkan buktikan sendiri mulai dari yang terendah hingga terpopuler.Sy suka belanja keperluan liburan dan bisnis dalam perjalanan mau pun hotel dengan Traveloka. Pertahankan layanan yang terbaik ini.",5,3.76.0,2023-05-19 23:02:02,"Halo Kak, terima kasih banyak atas ratingnya, semoga Kakak tetap nyaman dan selau setia menjadi pelanggan Traveloka. Yuk Kak pantengin terus Traveloka Lifestyle Super App karna kami selalu berikan promo-promo yg menarik loooh, jangan sampai ketinggalan ya :)",2023-05-19 23:12:06,3.76.0
Hani Jameela,"Bigung saya lihat komentar kenapa semua komentar buruk, padahal saya gunakan traveloka ini puluhan tahun, ga pernah ada masalah semua terjamin dan terkendali, tetap berpihak pada traveloka sukses selalu 😁",5,3.76.0,2023-05-19 22:48:33,"Hi Kak, senang banget nih dapat rating bagus dari Kakak, terima kasih juga atas feedbacknya! Kenyamanan Kakak adalah prioritas Kami, jika ada pertanyaan lainnya jangan sungkan ya untuk infokan pada kami di https://www.traveloka.com/contactus . Jangan sampai ketinggalan penawaran menarik lainnya di Traveloka Lifestye Super Apps.",2023-05-19 23:12:09,3.76.0
Hasan Wantorotri,sip.. puas pelayanan..harga pas,5,3.76.0,2023-05-19 22:19:36,"Halo Kak, terima kasih banyak atas ratingnya, semoga Kakak tetap nyaman dan selau setia menjadi pelanggan Traveloka. Yuk Kak pantengin terus Traveloka Lifestyle Super App karna kami selalu berikan promo-promo yg menarik loooh, jangan sampai ketinggalan ya :)",2023-05-19 22:42:07,3.76.0
Zeth Cdr,mudah,5,3.76.0,2023-05-19 19:05:38,"Halo Kak, terima kasih banyak atas ratingnya, semoga Kakak tetap nyaman dan selau setia menjadi pelanggan Traveloka. Yuk Kak pantengin terus Traveloka Lifestyle Super App karna kami selalu berikan promo-promo yg menarik loooh, jangan sampai ketinggalan ya :)",2023-05-19 19:12:07,3.76.0
ARIS WIYONO,sangat cepat,5,3.76.0,2023-05-19 18:45:59,"Hi Kak, senang banget nih dapat rating bagus dari Kakak, terima kasih juga atas feedbacknya! Kenyamanan Kakak adalah prioritas Kami, jika ada pertanyaan lainnya jangan sungkan ya untuk infokan pada kami di https://www.traveloka.com/contactus . Jangan sampai ketinggalan penawaran menarik lainnya di Traveloka Lifestye Super Apps.",2023-05-19 19:12:11,3.76.0
Junedi Sitanggang,terbaik,5,3.61.0,2023-05-19 18:32:57,"Halo Kak, terima kasih banyak atas ratingnya, semoga Kakak tetap nyaman dan selau setia menjadi pelanggan Traveloka. Yuk Kak pantengin terus Traveloka Lifestyle Super App karna kami selalu berikan promo-promo yg menarik loooh, jangan sampai ketinggalan ya :)",2023-05-19 18:42:07,3.61.0
Febi Irjayanto,Situs boking tiket pesawat pling top. Lah,5,3.76.0,2023-05-19 17:27:56,"Halo Kak, terima kasih banyak atas ratingnya, semoga Kakak tetap nyaman dan selau setia menjadi pelanggan Traveloka. Yuk Kak pantengin terus Traveloka Lifestyle Super App karna kami selalu berikan promo-promo yg menarik loooh, jangan sampai ketinggalan ya :)",2023-05-19 17:42:10,3.76.0
Zais Asyahad,"Booking hotel gasengaja transfer dua kali, langsung hubungi CS dan ternyata gercep banget, langsung dibantu hubungin pihak hotelnya. Dan gasampe 2 hari uang sudah direfund utuh tanpa potongan. Good Job... 👍",5,3.76.0,2023-05-19 17:27:25,"Hi Kak, senang banget nih dapat rating bagus dari Kakak, terima kasih juga atas feedbacknya! Kenyamanan Kakak adalah prioritas Kami, jika ada pertanyaan lainnya jangan sungkan ya untuk infokan pada kami di https://www.traveloka.com/contactus . Jangan sampai ketinggalan penawaran menarik lainnya di Traveloka Lifestye Super Apps.",2023-05-19 17:42:14,3.76.0
Yuli Dahniar,"Lumayan cuman paylaternya yg tdi 2,6jt jdi 1,6jt.gimana..",3,3.76.0,2023-05-19 15:23:34,"Hai, Kak Yuli. Maaf banget sudah buat kamu gak nyaman. Mimin infokan bahwa ada beberapa faktor yang sangat berpengaruh dalam penurunan skor PayLater kamu diantaranya pembayaran yang dilakukan tidak tepat waktu, tidak membeli secara berkala atau lainnya. Pastikan kamu bayar tepat waktu, membeli secara teratur atau pesan lebih awal. Terima kasih. -RZ",2023-05-19 15:49:31,3.76.0
Novi Kurniadi,"transaksi cepat, banyak pilihan dan hemat",5,3.76.0,2023-05-19 15:06:05,"Halo Kak, terima kasih banyak atas ratingnya, semoga Kakak tetap nyaman dan selau setia menjadi pelanggan Traveloka. Yuk Kak pantengin terus Traveloka Lifestyle Super App karna kami selalu berikan promo-promo yg menarik loooh, jangan sampai ketinggalan ya :)",2023-05-19 15:12:07,3.76.0
Indah Permata Rebecca,"Paylaternya ngeri..tiket sdh drefund, limit sudah balik cicilan jalan terus. Jadi double cicilannya dgn booking gantinya. Bukan cuma bunga ya yang saya bayar tp cicilan tiketnya juga. Masih ngotot cuma bunga lg. Saya yang bayar setengah mati cicilan penuh bukan bunga tau! Sorry kcewa bgt dan bnr2 gila. Telat shari lsg tiap 3 menit itu spam telp trs spnjang hari. Sory kapok dan auto delete stlh lunas. Limit jg trun dr 9jt ke 2 jt..",1,3.76.0,2023-05-19 14:43:41,"Hai Kak, Mohon maaf atas ketidaknyamanan kamu. Dapat kami informasikan bahwa pada saat kamu melakukan pemesanan menggunakan metode bayar PayLater , maka kamu akan tetap dikenakan bunga pinjaman yang telah kami informasikan sebelumnya melalui email kamu yang terdaftar di akun PayLater pada “perjanjian pinjaman"". Terima kasih. -NT",2023-05-17 15:44:58,3.76.0
Madu Bala,CPT tanggap,5,3.76.0,2023-05-19 14:16:25,"Hi Kak, senang banget nih dapat rating bagus dari Kakak, terima kasih juga atas feedbacknya! Kenyamanan Kakak adalah prioritas Kami, jika ada pertanyaan lainnya jangan sungkan ya untuk infokan pada kami di https://www.traveloka.com/contactus . Jangan sampai ketinggalan penawaran menarik lainnya di Traveloka Lifestye Super Apps.",2023-05-19 14:42:09,3.76.0
Pras Setyo,jos,5,3.76.0,2023-05-19 13:42:04,Makasih ya Kak Pras sudah setia bersama Traveloka :)) -DZ,2023-05-19 14:15:17,3.76.0
joe marjuki,mantap,5,3.76.0,2023-05-19 13:29:50,"Halo Kak, terima kasih banyak atas ratingnya, semoga Kakak tetap nyaman dan selau setia menjadi pelanggan Traveloka. Yuk Kak pantengin terus Traveloka Lifestyle Super App karna kami selalu berikan promo-promo yg menarik loooh, jangan sampai ketinggalan ya :)",2023-05-19 13:42:06,3.76.0
Devi Meilina,"1. Fitur Auto accept penambahan asuransi CITIHUB dg nominal besar. Kalau tidak jeli bisa kena jebakan betmen bayar lebih mahal 50-60rb untuk asuransi yg kita ngga tau 2. SCAM DG MELAKUKAN PENIPUAN RATE ROOM! di aplikasi ditulis bintang 4, tapi waktu datang ke hotel dibawah itu. Harusnya dr pihak traveloka melakukan survei kelayakan akomodasi. 3. Markup harga agak laen. Dr 400 kalau pesan langsung ke hotel di Traveloka di banderol jd 600++ 😂 Untung skg udh jrg pake traveloka 🖕🏻",1,,2023-05-19 10:32:14,"Hai, Devi. Maaf sudah buat kamu gak nyaman. Saat ini untuk asuransi memang tercentang otomatis untuk semua pemesanan perjalanan maupun Hotel. Tapi sebelum kamu melanjutkan pembayaran, akan ada review apakah kamu setuju atau tidak. Kalau kamu gak setuju, kamu bisa menghapus asuransi tersebut. Terima kasih. -AM",2022-07-09 06:33:20,
Intan Hadiwinarto,Baik sekali,5,3.76.0,2023-05-19 10:26:42,"Halo Kak, terima kasih banyak atas ratingnya, semoga Kakak tetap nyaman dan selau setia menjadi pelanggan Traveloka. Yuk Kak pantengin terus Traveloka Lifestyle Super App karna kami selalu berikan promo-promo yg menarik loooh, jangan sampai ketinggalan ya :)",2023-05-19 10:42:06,3.76.0
Gangsarpm 125,"Masih ditemukan kelambatan proses transaksi pada refund ataupun pembayaran lainnya ,padahal dari admin nya proses nya berjalan 2-5 hari setelah ditunggu sampai 5 hari masih belum ada respon dari pihak traveloka Sangat kecewa",5,3.77.0,2023-05-19 10:05:35,"Halo Kak, mohon maaf ketidaknyamanan ini ya. Boleh infokan nomor pesanan kamu via tautan ini https://www.traveloka.com/id-id/contactus untuk pengecekan lebih lanjut ya. Terima kasih. -OR",2023-05-19 08:45:13,3.77.0
Bambang Jumadi,ok,5,3.76.0,2023-05-19 09:59:15,"Hi, we are so grateful to get a lot of support from you. Hope you continue to enjoy our offers. If you have any feedback or suggestions, let us know on https://www.traveloka.com/contactus, our customer service would love to serve you in 24 hours. Thank you!",2023-05-19 10:12:10,3.76.0
faisal rivai,good,5,,2023-05-19 09:07:42,"Hi, thank you very much for the positive review! Please feel free to contact us at https://www.traveloka.com/contactus we're more than happy to assist you and Stay tuned for more exciting offers on Traveloka Lifestyle Super App.",2023-05-19 09:12:06,
Vetty kumalasari,sangat membantu,4,,2023-05-19 09:06:17,"Hi Kak, senang banget nih dapat rating bagus dari Kakak, terima kasih juga atas feedbacknya! Kenyamanan Kakak adalah prioritas Kami, jika ada pertanyaan lainnya jangan sungkan ya untuk infokan pada kami di https://www.traveloka.com/contactus . Jangan sampai ketinggalan penawaran menarik lainnya di Traveloka Lifestye Super Apps.",2023-05-19 09:12:10,
Tema giawa Temagiawa,Okok,5,,2023-05-19 09:01:59,"Hai, Tema. Terima kasih atas penilaian dan feedback dari kamu, kami akan terus meningkat kepuasan para pengguna. Jika ada pertanyaan lainnya jangan sungkan ya untuk infokan pada kami di https://www.traveloka.com/contactus. Jangan sampai ketinggalan penawaran menarik lainnya di Traveloka Lifestye Super Apps. Terima kasih. -KK",2023-05-19 09:21:58,
Aku Kanak Gawah,membantu perjalanan kami,5,3.76.0,2023-05-19 08:45:14,"Hi Kak, terima kasih atas feedbacknya, semoga Kakak tetap setia dengan Traveloka. Jika ada pertanyaan lain bisa langsung infokan pada kami di https://www.traveloka.com/contactus ya, Kak. Pantau terus Traveloka Lifestyle Super App untuk penawaran spesial lainnya!",2023-05-19 09:12:15,3.76.0
Denny Andarto,mantap,5,3.76.0,2023-05-19 08:27:33,"Halo Kak, terima kasih banyak atas ratingnya, semoga Kakak tetap nyaman dan selau setia menjadi pelanggan Traveloka. Yuk Kak pantengin terus Traveloka Lifestyle Super App karna kami selalu berikan promo-promo yg menarik loooh, jangan sampai ketinggalan ya :)",2023-05-19 08:42:07,3.76.0
Gembul Gendut,Lumayan puas,4,3.76.0,2023-05-19 08:00:40,"Halo Kak, terima kasih banyak atas ratingnya, semoga Kakak tetap nyaman dan selau setia menjadi pelanggan Traveloka. Yuk Kak pantengin terus Traveloka Lifestyle Super App karna kami selalu berikan promo-promo yg menarik loooh, jangan sampai ketinggalan ya :)",2023-05-19 08:12:06,3.76.0
DENY FERDIAN,proses cepat,5,3.75.0,2023-05-19 07:58:37,"Hi Kak, senang banget nih dapat rating bagus dari Kakak, terima kasih juga atas feedbacknya! Kenyamanan Kakak adalah prioritas Kami, jika ada pertanyaan lainnya jangan sungkan ya untuk infokan pada kami di https://www.traveloka.com/contactus . Jangan sampai ketinggalan penawaran menarik lainnya di Traveloka Lifestye Super Apps.",2023-05-19 08:12:08,3.75.0
Pam,"Info berapa lama proses dana masuk setelah status refund sudah ""dikirim""",3,3.76.0,2023-05-19 07:54:53,"Hai Pam. Untuk setiap refund memiliki kebijakan berbeda tergantung dari masing-masing pihak supplier. Supaya bisa mimin bantu cek lebih lanjut, silakan infokan nomor pesanan kamu ke https://www.traveloka.com/id-id/contactus. -KK",2023-05-19 08:15:50,3.76.0
Sujar Moko,Baru pertama download dan daftar pakai nomor hp dan ada yg telp.... dimasukin berkali kali kok gak berhasil ya,2,3.76.0,2023-05-19 07:49:29,"Hai, Sujar. Mohon maaf atas pengalaman yang kamu alami. Untuk lakukan pengecekan lebih lanjut, kamu bisa sampaikan detail kendala dengan menghubungi kami melalui https://www.traveloka.com/contactus. Terima kasih.-TK",2023-05-19 08:15:07,3.76.0
Angel Cute,semudah itu.. Alhamdulillah terimaksihh,5,3.76.0,2023-05-19 07:41:30,"Halo Kak, terima kasih banyak atas ratingnya, semoga Kakak tetap nyaman dan selau setia menjadi pelanggan Traveloka. Yuk Kak pantengin terus Traveloka Lifestyle Super App karna kami selalu berikan promo-promo yg menarik loooh, jangan sampai ketinggalan ya :)",2023-05-19 07:42:06,3.76.0
Wahyu Ari Hermawan,Selalu pakai aplikasi ini kemanapun...Sangat membantu dan mudah transaksinya. Good,5,3.76.0,2023-05-19 07:08:41,"Halo Kak, terima kasih banyak atas ratingnya, semoga Kakak tetap nyaman dan selau setia menjadi pelanggan Traveloka. Yuk Kak pantengin terus Traveloka Lifestyle Super App karna kami selalu berikan promo-promo yg menarik loooh, jangan sampai ketinggalan ya :)",2023-05-19 07:12:06,3.76.0
Suci Anggraini,Iklan mulu di hp w ganggu tau,1,3.33.1,2023-05-19 06:33:09,"Hai Suci. Maaf buat kamu tidak nyaman. Untuk pop-up iklan yang muncul pada pada layar ponsel kamu, mimin sarankan kamu bisa atur setelan di manajemen aplikasi pada pengaturan handphone kamu. Silakan pilih aplikasi dan non-aktifkan tampilan notifikasi agar iklan tidak muncul di bagian atas layar ponsel kamu ya. Terima kasih. -CA",2023-05-19 06:45:09,3.33.1
MAS UD MIN 1 Karangasem,mantap,4,3.76.0,2023-05-19 06:21:23,"Halo Kak, terima kasih banyak atas ratingnya, semoga Kakak tetap nyaman dan selau setia menjadi pelanggan Traveloka. Yuk Kak pantengin terus Traveloka Lifestyle Super App karna kami selalu berikan promo-promo yg menarik loooh, jangan sampai ketinggalan ya :)",2023-05-19 06:42:08,3.76.0
Yudi Febriawan,Oke,5,3.77.0,2023-05-19 06:13:47,"Makasih sudah menjadi pelanggan setia Traveloka, Yudi :) -OR",2023-05-19 06:46:11,3.77.0
Iyut Slamet,sangat membantu,5,3.76.0,2023-05-19 06:05:19,"Halo Kak, terima kasih banyak atas ratingnya, semoga Kakak tetap nyaman dan selau setia menjadi pelanggan Traveloka. Yuk Kak pantengin terus Traveloka Lifestyle Super App karna kami selalu berikan promo-promo yg menarik loooh, jangan sampai ketinggalan ya :)",2023-05-19 06:12:07,3.76.0
Krisna Dwi Andrianto,"Bagus aplikasinya, bisa pesan tiket online, mantap 🌟🌟🌟🌟",4,3.75.0,2023-05-19 04:58:30,"Halo Kak, terima kasih banyak atas ratingnya, semoga Kakak tetap nyaman dan selau setia menjadi pelanggan Traveloka. Yuk Kak pantengin terus Traveloka Lifestyle Super App karna kami selalu berikan promo-promo yg menarik loooh, jangan sampai ketinggalan ya :)",2023-04-05 17:42:12,3.75.0
Sisky Sitara,"Saya sering banget booking apa2 pake traveloka dan tulisannya akan mendapatkan poin sekian ribu, tp setalh itu di cek poinnya ttp 0,itu gmn maksudnya ya?",4,3.76.0,2023-05-19 04:50:58,"Hai, Kak Sisky. Maaf udah buat kamu gak nyaman. Supaya mimin bisa cek apakah pesanan kamu mendapatkan poin Traveloka, silakan hubungi mimin melalui laman https://www.traveloka.com/contactus dan infokan nomor pesanan kamu ya. Terima kasih. -AM",2023-05-19 05:15:06,3.76.0
Harry Rena,Namanya tdak sesuai dengan e-KTP,1,,2023-05-19 04:46:45,"Hai Harry, mohon maaf jika sudah buat kamu ga nyaman. Untuk membantu kami memahami kendala kamu silakan hubungi kami melalui https://www.traveloka.com/id-id/contactus ya. Terima kasih. -NA",2023-05-19 05:15:16,
Sunoto Seno,good aplication,5,3.76.0,2023-05-19 04:26:44,"Hi, thank you very much for the positive review! Please feel free to contact us at https://www.traveloka.com/contactus we're more than happy to assist you and Stay tuned for more exciting offers on Traveloka Lifestyle Super App.",2023-05-19 04:42:06,3.76.0
Isa Hikmawan,siip,5,3.76.0,2023-05-19 04:25:17,"Hi, we are so grateful to get a lot of support from you. Hope you continue to enjoy our offers. If you have any feedback or suggestions, let us know on https://www.traveloka.com/contactus, our customer service would love to serve you in 24 hours. Thank you!",2023-05-19 04:42:09,3.76.0
Radinkha Tarikolot,coba lebih cepat lagii,5,3.76.0,2023-05-19 04:12:57,"Hi Kak, terima kasih atas feedbacknya, semoga Kakak tetap setia dengan Traveloka. Jika ada pertanyaan lain bisa langsung infokan pada kami di https://www.traveloka.com/contactus ya, Kak. Pantau terus Traveloka Lifestyle Super App untuk penawaran spesial lainnya!",2023-05-19 04:42:12,3.76.0
Umi Yosepa,ok,5,3.68.0,2023-05-19 03:29:01,"Hi, thank you very much for the positive review! Please feel free to contact us at https://www.traveloka.com/contactus we're more than happy to assist you and Stay tuned for more exciting offers on Traveloka Lifestyle Super App.",2023-05-19 03:42:07,3.68.0
Hari Hardiansah,"Aplikasi ini menolong bgt, sumpah",5,,2023-05-19 03:28:46,"Hi Kak, senang banget nih dapat rating bagus dari Kakak, terima kasih juga atas feedbacknya! Kenyamanan Kakak adalah prioritas Kami, jika ada pertanyaan lainnya jangan sungkan ya untuk infokan pada kami di https://www.traveloka.com/contactus . Jangan sampai ketinggalan penawaran menarik lainnya di Traveloka Lifestye Super Apps.",2023-05-19 03:42:09,
Wahyu Purairawan,good,5,3.77.0,2023-05-19 03:23:38,Thank you for leaving a good comment to us. Let us know if you have any suggestion for improvement through https://www.traveloka.com/contactus . Stay around for more interesting offers from Traveloka Lifestyle Super App!,2023-05-19 03:42:12,3.77.0
Syahrir Ansar,👍👍👍,5,3.71.0,2023-05-19 03:17:53,"Hai, Syahrir. Senangnya mendapat bintang lima dari kamu, terima kasih atas apresiasinya, semoga kamu tetap nyaman dan selalu setia menjadi pelanggan Traveloka. Pantengin terus Traveloka karena kami selalu berikan promo-promo yang menarik, jangan sampai ketinggalan ya :) -RF",2023-05-19 03:43:25,3.71.0
Reza Vale,apk mntp,5,3.76.0,2023-05-19 03:00:31,"Hai, Reza. Senangnya mendapat bintang lima dari kamu, terima kasih atas apresiasinya, semoga kamu tetap nyaman dan selalu setia menjadi pelanggan Traveloka. kak pantengin terus Traveloka karena kami selalu berikan promo-promo yang menarik, jangan sampai ketinggalan ya :) -RF",2023-05-19 03:15:52,3.76.0
Alyssa Nur Harsya,"Kecewa sama traveloka, beli tiket di cancel sama air asia harga 1,3jt masa cuma balik 136rb. Setidaknya kalo yang cancel penerbangannya balik lah duit. Kalo gitu cancel aja semua penerbangan biar makin kaya penerbangan di Indonesia makan uang tidak halal.",1,,2023-05-19 02:54:09,"Halo Alyssa, mohon maaf banget ketidaknyamanan ini ya. Boleh infokan nomor pesanan kamu melalui tautan ini https://www.traveloka.com/id-id/contactus supaya dicek lebih lanjut ya Kak. Terima kasih. -OR",2023-05-19 03:13:36,
Eva Fadilah,Apaan setiap pengajuan slalu ditolak😅,2,3.77.0,2023-05-19 02:33:11,"Hai, Kak Eva. Apakah yang kamu maksud pengajuan PayLater? Jika iya, silakan hubungi CS Traveloka untuk dicek lebih lanjut kenapa pengajuan kamu ditolak ya. Kamu bisa klik link ini https://www.traveloka.com/contactus atau hubungi Instagram PayLater Traveloka https://www.traveloka.com/contactus. Terima kasih. -AM",2023-05-19 02:45:23,3.77.0
Asta Sukmaaji,oke banget sih buat penganti KAI access yg eror,5,3.76.0,2023-05-19 01:45:52,"Halo Kak, terima kasih banyak atas ratingnya, semoga Kakak tetap nyaman dan selau setia menjadi pelanggan Traveloka. Yuk Kak pantengin terus Traveloka Lifestyle Super App karna kami selalu berikan promo-promo yg menarik loooh, jangan sampai ketinggalan ya :)",2023-05-19 02:12:17,3.76.0
Noviadi Ripani,mantaps,5,3.77.0,2023-05-19 01:32:30,"Hai, Kak Noviadi. Terima kasih untuk review dan bintang 5 yang kamu berikan ya, mimin senang banget deh lihatnya hehehe. Sehat dan sukses selalu buat kamu serta keluarga. Mimin tunggu pesanan kamu selanjutnya :) -AM",2023-05-19 01:46:44,3.77.0
Diana Mandiri,"mudah,murah dan cepat prosesnya",5,3.76.0,2023-05-19 01:00:55,"Halo Kak, terima kasih banyak atas ratingnya, semoga Kakak tetap nyaman dan selau setia menjadi pelanggan Traveloka. Yuk Kak pantengin terus Traveloka Lifestyle Super App karna kami selalu berikan promo-promo yg menarik loooh, jangan sampai ketinggalan ya :)",2023-05-19 01:12:06,3.76.0
Agan Maulana,aplikasi terbaik untuk memenuhi kebutuhan travel kita.,5,3.76.0,2023-05-19 00:55:28,"Hi Kak, senang banget nih dapat rating bagus dari Kakak, terima kasih juga atas feedbacknya! Kenyamanan Kakak adalah prioritas Kami, jika ada pertanyaan lainnya jangan sungkan ya untuk infokan pada kami di https://www.traveloka.com/contactus . Jangan sampai ketinggalan penawaran menarik lainnya di Traveloka Lifestye Super Apps.",2023-05-19 01:12:09,3.76.0
iwan setiawan,Sangat membantu untuk perjalanan.,5,3.77.0,2023-05-19 00:52:05,"Hi Kak, terima kasih atas feedbacknya, semoga Kakak tetap setia dengan Traveloka. Jika ada pertanyaan lain bisa langsung infokan pada kami di https://www.traveloka.com/contactus ya, Kak. Pantau terus Traveloka Lifestyle Super App untuk penawaran spesial lainnya!",2023-05-19 01:12:12,3.77.0
Yudhistira Wirapraja,Aplikasi dg harga hotel termurah dan banyak promo,5,3.76.0,2023-05-19 00:44:56,"Halo Kak, terima kasih banyak atas ratingnya, semoga Kakak tetap nyaman dan selau setia menjadi pelanggan Traveloka. Yuk Kak pantengin terus Traveloka Lifestyle Super App karna kami selalu berikan promo-promo yg menarik loooh, jangan sampai ketinggalan ya :)",2023-05-19 01:12:16,3.76.0
Eny Astuty,bisa beli tiket pesawat cepat,5,3.76.0,2023-05-19 00:41:42,"Halo Kak, terima kasih banyak atas ratingnya, semoga Kakak tetap nyaman dan selau setia menjadi pelanggan Traveloka. Yuk Kak pantengin terus Traveloka Lifestyle Super App karna kami selalu berikan promo-promo yg menarik loooh, jangan sampai ketinggalan ya :)",2023-05-19 00:42:07,3.76.0
Abdul Latief,mantap,5,3.77.0,2023-05-19 00:29:35,"Hi Kak, senang banget nih dapat rating bagus dari Kakak, terima kasih juga atas feedbacknya! Kenyamanan Kakak adalah prioritas Kami, jika ada pertanyaan lainnya jangan sungkan ya untuk infokan pada kami di https://www.traveloka.com/contactus . Jangan sampai ketinggalan penawaran menarik lainnya di Traveloka Lifestye Super Apps.",2023-05-19 00:42:10,3.77.0
Wardani Kia,Traveloka emang bikin mudah,4,3.70.0,2023-05-19 00:25:21,"Hi Kak, terima kasih atas feedbacknya, semoga Kakak tetap setia dengan Traveloka. Jika ada pertanyaan lain bisa langsung infokan pada kami di https://www.traveloka.com/contactus ya, Kak. Pantau terus Traveloka Lifestyle Super App untuk penawaran spesial lainnya!",2023-05-19 00:42:13,3.70.0
HERU RIYANTO,senang pakai traveloka,4,3.76.0,2023-05-18 23:52:47,"Halo Kak, terima kasih banyak atas ratingnya, semoga Kakak tetap nyaman dan selau setia menjadi pelanggan Traveloka. Yuk Kak pantengin terus Traveloka Lifestyle Super App karna kami selalu berikan promo-promo yg menarik loooh, jangan sampai ketinggalan ya :)",2023-05-19 00:12:06,3.76.0
Ichsan Oktavianto,Sangat membantu sekali_ Thank's Traveloka,5,3.43.1,2023-05-18 23:20:31,"Halo Kak, terima kasih banyak atas ratingnya, semoga Kakak tetap nyaman dan selau setia menjadi pelanggan Traveloka. Yuk Kak pantengin terus Traveloka Lifestyle Super App karna kami selalu berikan promo-promo yg menarik loooh, jangan sampai ketinggalan ya :)",2023-05-18 23:42:08,3.43.1
Rian Rinaldi ode,good,5,3.76.0,2023-05-18 22:44:11,"Hi, thank you very much for the positive review! Please feel free to contact us at https://www.traveloka.com/contactus we're more than happy to assist you and Stay tuned for more exciting offers on Traveloka Lifestyle Super App.",2023-05-18 23:12:07,3.76.0
Ciput Sumardi,puas,5,3.76.0,2023-05-18 21:58:25,"Hai Ciput. Terima kasih banyak atas ratingnya, semoga kamu tetap nyaman dan selalu setia menjadi pelanggan Traveloka. Yuk Kak pantengin terus Traveloka Lifestyle Super App karna kami selalu berikan promo-promo yang menarik. Jangan sampai ketinggalan ya. :) -NT",2023-05-18 22:17:47,3.76.0
afief ahmad,Siip,5,,2023-05-18 17:26:42,"Hi, thank you very much for the positive review! Please feel free to contact us at https://www.traveloka.com/contactus we're more than happy to assist you and Stay tuned for more exciting offers on Traveloka Lifestyle Super App.",2023-05-18 17:42:07,
Muh Hasby Assiddiq,sangat membantu unguk keliling dunia,5,3.76.0,2023-05-18 15:29:07,"Halo Kak, terima kasih banyak atas ratingnya, semoga Kakak tetap nyaman dan selau setia menjadi pelanggan Traveloka. Yuk Kak pantengin terus Traveloka Lifestyle Super App karna kami selalu berikan promo-promo yg menarik loooh, jangan sampai ketinggalan ya :)",2023-05-18 15:42:07,3.76.0
Andreas Hengdry,Krna ni satu² nya apk buat mesen tiket ya ok lh!,4,3.76.0,2023-05-18 15:16:47,"Hi Kak, senang banget nih dapat rating bagus dari Kakak, terima kasih juga atas feedbacknya! Kenyamanan Kakak adalah prioritas Kami, jika ada pertanyaan lainnya jangan sungkan ya untuk infokan pada kami di https://www.traveloka.com/contactus . Jangan sampai ketinggalan penawaran menarik lainnya di Traveloka Lifestye Super Apps.",2023-05-18 15:42:10,3.76.0
enjang supriatna,"saya mengajukan paylatercard, sudah 2 minggu berturut'turut sampai saat ini status masih meninjau dan limit saya tak kunjung balik, sangat kecewa padahal mau staycation 😭",2,3.76.0,2023-05-18 15:10:57,"Hai Enjang, Maaf banget atas kendala yang kamu alami. Mimin mau banget bantu cek kendala kamu, tapi mimin butuh email dan nomor telepon yang terhubung di akun PayLater kamu. Yuk segera hubungi mimin melalui https://www.traveloka.com/contactus. Mimin tunggu ya. Terima kasih. -NT",2023-05-18 15:13:08,3.76.0
Muhammad Rifai,sangat membantu,5,3.76.0,2023-05-18 14:13:15,"Halo Kak, terima kasih banyak atas ratingnya, semoga Kakak tetap nyaman dan selau setia menjadi pelanggan Traveloka. Yuk Kak pantengin terus Traveloka Lifestyle Super App karna kami selalu berikan promo-promo yg menarik loooh, jangan sampai ketinggalan ya :)",2023-05-18 14:42:14,3.76.0
amri sikumbang,mudah,5,3.76.0,2023-05-18 14:02:31,"Halo Kak, terima kasih banyak atas ratingnya, semoga Kakak tetap nyaman dan selau setia menjadi pelanggan Traveloka. Yuk Kak pantengin terus Traveloka Lifestyle Super App karna kami selalu berikan promo-promo yg menarik loooh, jangan sampai ketinggalan ya :)",2023-05-18 14:12:08,3.76.0
Davidsonnn,"bintang 4 dlu, nnti saya tambahin kali fitur2 nya udh lebih lengkap dan praktis, makasih",4,3.45.0,2023-05-18 13:40:15,"Halo Kak, terima kasih banyak atas ratingnya, semoga Kakak tetap nyaman dan selau setia menjadi pelanggan Traveloka. Yuk Kak pantengin terus Traveloka Lifestyle Super App karna kami selalu berikan promo-promo yg menarik loooh, jangan sampai ketinggalan ya :)",2023-05-18 13:42:07,3.45.0
nuraeni sutanto,layanan cepat,5,3.76.0,2023-05-18 13:25:07,"Hi Kak, senang banget nih dapat rating bagus dari Kakak, terima kasih juga atas feedbacknya! Kenyamanan Kakak adalah prioritas Kami, jika ada pertanyaan lainnya jangan sungkan ya untuk infokan pada kami di https://www.traveloka.com/contactus . Jangan sampai ketinggalan penawaran menarik lainnya di Traveloka Lifestye Super Apps.",2023-05-18 13:42:10,3.76.0
Nanang Wahyudi,istimewa,5,3.76.0,2023-05-18 13:24:35,"Hai, Kak Nanang. Terima kasih atas apresiasinya. Mimin tunggu pesanan kamu ya. Semoga sehat selalu. -RZ",2023-05-18 13:45:28,3.76.0
Bambang Eko W,maantaaapp,5,3.76.0,2023-05-18 12:12:58,"Hai Kak Bambang, senangnya mendapat bintang lima dari kamu, terima kasih atas apresiasinya, semoga kaka tetap nyaman dan selau setia menjadi pelanggan Traveloka, yuk ka pantengin terus traveloka karna kami selalu berikan promo promo yg menarik loooh, jangan sampai ketinggalan ya. -DA",2023-05-18 12:43:55,3.76.0
wasmujo slamet,mudah dan membantu tanpa ngantri,5,3.75.0,2023-05-18 11:44:57,"Hi Kak, senang banget nih dapat rating bagus dari Kakak, terima kasih juga atas feedbacknya! Kenyamanan Kakak adalah prioritas Kami, jika ada pertanyaan lainnya jangan sungkan ya untuk infokan pada kami di https://www.traveloka.com/contactus . Jangan sampai ketinggalan penawaran menarik lainnya di Traveloka Lifestye Super Apps.",2023-05-18 12:12:10,3.75.0
R chaniago,"Sebagai prioritas customer di traveloka, merasa gak ada istimewah nya aplikasi ini . Sangat buruk yang chat dan pelayan juga hanya robot. Minta proses pengajuan refund saja tidak becus .. parah bener traveloka",1,,2023-05-18 09:44:08,"Hi Kak, kami meminta maaf atas kendala yang kamu alami. Kamu dapat menghubungi kami melalui https://www.traveloka.com/id-id/contactus agar masalahmu bisa diselesaikan secepat mungkin. Terima kasih. -DA",2023-05-18 10:14:57,
vivi Fitri,proses cepat .tapi tolong lebih ditingkatkan,5,3.76.0,2023-05-18 09:32:30,"Halo Kak, terima kasih banyak atas ratingnya, semoga Kakak tetap nyaman dan selau setia menjadi pelanggan Traveloka. Yuk Kak pantengin terus Traveloka Lifestyle Super App karna kami selalu berikan promo-promo yg menarik loooh, jangan sampai ketinggalan ya :)",2023-05-18 09:42:07,3.76.0
Rendy Setiawan,mantap,5,3.76.0,2023-05-18 09:10:11,"Halo Kak, terima kasih banyak atas ratingnya, semoga Kakak tetap nyaman dan selau setia menjadi pelanggan Traveloka. Yuk Kak pantengin terus Traveloka Lifestyle Super App karna kami selalu berikan promo-promo yg menarik loooh, jangan sampai ketinggalan ya :)",2023-05-18 09:12:06,3.76.0
Al Khidmah Lampung,wes to,5,3.76.0,2023-05-18 08:56:26,"Hai, Kak Khimad. Terima kasih banyak atas bintang 5 nya Kak! Jangan ragu untuk menghubungi kami di https://www.traveloka.com/en-en/contactus jika Anda memiliki masalah, kami dengan senang hati membantu Anda dan jangan lupa untuk selalu memantau aplikasi kami untuk mendapatkan banyak promo dari kami. Terima kasih. -DA",2023-05-18 09:16:08,3.76.0
khik arogan,ok banget,5,3.56.1,2023-05-18 07:37:27,"Hai, Kak. Terima kasih atas ratingnya. Mimin tunggu pesanan kamu ya. Semoga sehat selalu. -RZ",2023-05-18 07:46:49,3.56.1
pipit uups,tks,5,3.76.0,2023-05-18 07:26:20,"Hi, we are so grateful to get a lot of support from you. Hope you continue to enjoy our offers. If you have any feedback or suggestions, let us know on https://www.traveloka.com/contactus, our customer service would love to serve you in 24 hours. Thank you!",2023-05-18 07:42:12,3.76.0
Ester Sitorus,mantappp semoga harga yah turun lagi yahhh,5,3.72.0,2023-05-18 07:13:32,"Hi Kak, terima kasih atas feedbacknya, semoga Kakak tetap setia dengan Traveloka. Jika ada pertanyaan lain bisa langsung infokan pada kami di https://www.traveloka.com/contactus ya, Kak. Pantau terus Traveloka Lifestyle Super App untuk penawaran spesial lainnya!",2023-05-18 07:42:15,3.72.0
Andy Guanthai,good,5,3.76.0,2023-05-18 07:04:34,"Hi, thank you very much for the positive review! Please feel free to contact us at https://www.traveloka.com/contactus we're more than happy to assist you and Stay tuned for more exciting offers on Traveloka Lifestyle Super App.",2023-05-18 07:12:12,3.76.0
Farida Lubis,good,5,3.76.0,2023-05-18 06:54:42,"Hi, we are so grateful to get a lot of support from you. Hope you continue to enjoy our offers. If you have any feedback or suggestions, let us know on https://www.traveloka.com/contactus, our customer service would love to serve you in 24 hours. Thank you!",2023-05-18 07:12:15,3.76.0
Muksani Muksani,baik,4,3.76.0,2023-05-18 06:31:04,"Halo Kak, terima kasih banyak atas ratingnya, semoga Kakak tetap nyaman dan selau setia menjadi pelanggan Traveloka. Yuk Kak pantengin terus Traveloka Lifestyle Super App karna kami selalu berikan promo-promo yg menarik loooh, jangan sampai ketinggalan ya :)",2023-05-18 06:42:09,3.76.0
Rehan Arya22,oke,5,3.76.0,2023-05-18 06:16:52,"Hai, Rehan. Terima kasih atas penilaian dan telah menjadikan Traveloka sebagai mitra perjalanan kamu, kami akan terus meningkat kepuasan para pengguna. Jika kamu memiliki pertanyaan lebih lanjut, silakan menghubungi kami melalui https://www.traveloka.com/contactus. Terima kasih.-TK",2023-05-18 06:47:25,3.76.0
Henz Drummer,sangat membantu saya dan memudahkan saya bertraveler...,5,3.77.0,2023-05-18 05:53:02,"Halo Kak, terima kasih banyak atas ratingnya, semoga Kakak tetap nyaman dan selau setia menjadi pelanggan Traveloka. Yuk Kak pantengin terus Traveloka Lifestyle Super App karna kami selalu berikan promo-promo yg menarik loooh, jangan sampai ketinggalan ya :)",2023-05-18 06:12:07,3.77.0
Bung Zulzaman,bagus,5,3.77.0,2023-05-18 05:23:27,"Halo Kak, terima kasih banyak atas ratingnya, semoga Kakak tetap nyaman dan selau setia menjadi pelanggan Traveloka. Yuk Kak pantengin terus Traveloka Lifestyle Super App karna kami selalu berikan promo-promo yg menarik loooh, jangan sampai ketinggalan ya :)",2023-05-18 05:42:07,3.77.0
Mikael Teju 182989,membantu 👍,5,3.76.0,2023-05-18 05:09:00,"Halo Kak, terima kasih banyak atas ratingnya, semoga Kakak tetap nyaman dan selau setia menjadi pelanggan Traveloka. Yuk Kak pantengin terus Traveloka Lifestyle Super App karna kami selalu berikan promo-promo yg menarik loooh, jangan sampai ketinggalan ya :)",2023-05-18 05:12:16,3.76.0
Yuli Yanto,oke,5,3.76.0,2023-05-18 04:54:50,"Halo, Yuli. Senangnya dapat bintang lima dari kamu. Semoga kamu tetap nyaman dan selalu setia menjadi pelanggan Traveloka. -SM",2023-05-18 05:20:53,3.76.0
Sonny Suprapto,baik,1,3.76.0,2023-05-18 04:46:36,"Halo, Sonny. Terima kasih telah menggunakan Traveloka, jangan sungkan untuk hubungi kami jika mempunyai pertanyaan. Kakak bisa hubungi kami melalui https://www.traveloka.com/id-id/contactus ya. Terima kasih. -PA",2023-05-18 05:15:16,3.76.0
dadang Kusdinar,ok sip,5,3.76.0,2023-05-18 04:27:48,"Hai, Dadang. Terima kasih banyak atas ratingnya. Semoga kamu tetap nyaman dan selalu setia menjadi pelanggan Traveloka. Yuk pantengin terus Traveloka Lifestyle Super App, karena kami selalu berikan promo-promo yang menarik. Jangan sampai ketinggalan ya :) -WR",2023-05-18 04:45:45,3.76.0
Muhammad Naufal Allaam,Bagus,5,,2023-05-18 04:00:40,"Halo Kak, terima kasih banyak atas ratingnya, semoga Kakak tetap nyaman dan selau setia menjadi pelanggan Traveloka. Yuk Kak pantengin terus Traveloka Lifestyle Super App karna kami selalu berikan promo-promo yg menarik loooh, jangan sampai ketinggalan ya :)",2023-05-18 03:42:07,
diar sofiar,"ada promo dan diskon,, mantaps",5,3.76.0,2023-05-18 03:51:15,"Halo Kak, terima kasih banyak atas ratingnya, semoga Kakak tetap nyaman dan selau setia menjadi pelanggan Traveloka. Yuk Kak pantengin terus Traveloka Lifestyle Super App karna kami selalu berikan promo-promo yg menarik loooh, jangan sampai ketinggalan ya :)",2023-05-18 04:12:12,3.76.0
Armand Arsana21,"paylater limit turun, padahal pembayaran tepat waktu, kocak",3,3.77.0,2023-05-18 02:53:41,"Halo Armand, mohon maaf sudah buat kamu ga nyaman. Penurunan limit PayLater bisa disebabkan oleh beberapa faktor. Untuk dapat kami bantu pengecekan, silakan infokan email kamu kepada kami melalui https://www.traveloka.com/id-id/contactus ya. Terima kasih. -NA",2023-05-18 03:14:55,3.77.0
Ashwar,good,5,3.76.0,2023-05-18 02:44:33,"Hi, thank you very much for the positive review! Please feel free to contact us at https://www.traveloka.com/contactus we're more than happy to assist you and Stay tuned for more exciting offers on Traveloka Lifestyle Super App.",2023-05-18 03:12:08,3.76.0
M Fasya Darmawansyah Amirah Putri Darmawansyah,lebih mudah bertamasya lokal kota Tangerang,5,3.76.0,2023-05-18 02:00:52,"Halo Kak, terima kasih banyak atas ratingnya, semoga Kakak tetap nyaman dan selau setia menjadi pelanggan Traveloka. Yuk Kak pantengin terus Traveloka Lifestyle Super App karna kami selalu berikan promo-promo yg menarik loooh, jangan sampai ketinggalan ya :)",2023-05-18 02:12:07,3.76.0
Ivan Gosal,layanan gold nya good,5,3.76.0,2023-05-18 01:43:47,"Hi Kak, senang banget nih dapat rating bagus dari Kakak, terima kasih juga atas feedbacknya! Kenyamanan Kakak adalah prioritas Kami, jika ada pertanyaan lainnya jangan sungkan ya untuk infokan pada kami di https://www.traveloka.com/contactus . Jangan sampai ketinggalan penawaran menarik lainnya di Traveloka Lifestye Super Apps.",2023-05-18 02:12:09,3.76.0
Rendra Pratama,okelah,5,3.60.0,2023-05-18 00:57:48,"Halo Kak, terima kasih banyak atas ratingnya, semoga Kakak tetap nyaman dan selau setia menjadi pelanggan Traveloka. Yuk Kak pantengin terus Traveloka Lifestyle Super App karna kami selalu berikan promo-promo yg menarik loooh, jangan sampai ketinggalan ya :)",2023-05-18 01:12:14,3.60.0
Aries Trinugroho,mantabbb,5,3.76.0,2023-05-18 00:45:39,"Hi, we are so grateful to get a lot of support from you. Hope you continue to enjoy our offers. If you have any feedback or suggestions, let us know on https://www.traveloka.com/contactus, our customer service would love to serve you in 24 hours. Thank you!",2023-05-18 01:12:17,3.76.0
Ipul Syaful,ok,5,3.76.0,2023-05-18 00:41:09,"Hi, thank you very much for the positive review! Please feel free to contact us at https://www.traveloka.com/contactus we're more than happy to assist you and Stay tuned for more exciting offers on Traveloka Lifestyle Super App.",2023-05-18 00:42:08,3.76.0
rico simamora,"cepat prosesnya, bahkan disaat² kepepet. Good Job Traveloka",5,3.77.0,2023-05-18 00:27:49,"Hi Kak, senang banget nih dapat rating bagus dari Kakak, terima kasih juga atas feedbacknya! Kenyamanan Kakak adalah prioritas Kami, jika ada pertanyaan lainnya jangan sungkan ya untuk infokan pada kami di https://www.traveloka.com/contactus . Jangan sampai ketinggalan penawaran menarik lainnya di Traveloka Lifestye Super Apps.",2023-05-18 00:42:10,3.77.0
Yano Jedia,cepat dan murah,5,3.77.0,2023-05-18 00:25:02,"Hi Kak, terima kasih atas feedbacknya, semoga Kakak tetap setia dengan Traveloka. Jika ada pertanyaan lain bisa langsung infokan pada kami di https://www.traveloka.com/contactus ya, Kak. Pantau terus Traveloka Lifestyle Super App untuk penawaran spesial lainnya!",2023-05-18 00:42:14,3.77.0
Putu Ricang Kusuma Jaya,cepat lancar baik,5,3.76.0,2023-05-18 00:19:59,"Hai, Putu. Terima kasih banyak atas ratingnya. Semoga kamu tetap nyaman dan selalu setia menjadi pelanggan Traveloka. Yuk pantengin terus Traveloka Lifestyle Super App, karena kami selalu berikan promo-promo yang menarik. Jangan sampai ketinggalan ya :) -WR",2023-05-18 00:46:47,3.76.0
rafi muhammad,aplikasi nya lancar dan mudah penggunaannya,5,3.76.0,2023-05-17 23:09:13,"Halo Kak, terima kasih banyak atas ratingnya, semoga Kakak tetap nyaman dan selau setia menjadi pelanggan Traveloka. Yuk Kak pantengin terus Traveloka Lifestyle Super App karna kami selalu berikan promo-promo yg menarik loooh, jangan sampai ketinggalan ya :)",2023-05-17 23:12:07,3.76.0
Juliyus,"update info tiketenya cepat, prosesnya mudah dan amann.. mantapplahh",5,3.76.0,2023-05-17 22:01:30,"Halo Kak, terima kasih banyak atas ratingnya, semoga Kakak tetap nyaman dan selau setia menjadi pelanggan Traveloka. Yuk Kak pantengin terus Traveloka Lifestyle Super App karna kami selalu berikan promo-promo yg menarik loooh, jangan sampai ketinggalan ya :)",2023-05-17 22:12:07,3.76.0
Maulana mila,Sangat tidak memuaskan kebijakan refund uang tidak di kembalikan.banyak alasan sudah lama bersabar uang tidak di kirim.,1,,2023-05-17 21:54:38,"Hai Jovan. Mohon maaf sekali sebelumnya, perihal kendala refund pemesanan, kamu bisa hubungi customer service kami melalui pesan di aplikasi Traveloka kamu atau melalui email di cs@traveloka.com, untuk dibantu lebih lanjut ya. Terima kasih. -NT",2023-05-17 21:47:01,
Rahmawati Rahma,verygood,5,3.76.0,2023-05-17 21:22:55,"Thân chào, cảm ơn bạn rất nhiều về việc đánh giá tích cực dành cho dịch vụ! Vui lòng liên hệ đến https://www.traveloka.com/contactus, chúng tôi rất vui được hỗ trợ bạn và đừng quên theo dõi các ưu đãi hấp dẫn trên Traveloka Lifestyle Super App.",2023-05-17 21:42:07,3.76.0
Ayanlia,mudah dan murah,5,3.76.0,2023-05-17 17:03:49,"Halo Kak, terima kasih banyak atas ratingnya, semoga Kakak tetap nyaman dan selau setia menjadi pelanggan Traveloka. Yuk Kak pantengin terus Traveloka Lifestyle Super App karna kami selalu berikan promo-promo yg menarik loooh, jangan sampai ketinggalan ya :)",2023-05-17 17:12:07,3.76.0
Syamwil Ktm,good,3,,2023-05-17 15:57:53,"Thank you for your rating, don't forget to always book using the Traveloka application to be your vacation companion and don't hesitate to contact us via our email address at cs@traveloka.com if you have any problems regarding your booking. Thank you -AK",2023-05-17 16:15:00,
erigovina arauna,traveloka sangat membantu perjalananku jd lebih praktis,4,3.66.0,2023-05-17 15:31:49,"Halo Kak, terima kasih banyak atas ratingnya, semoga Kakak tetap nyaman dan selau setia menjadi pelanggan Traveloka. Yuk Kak pantengin terus Traveloka Lifestyle Super App karna kami selalu berikan promo-promo yg menarik loooh, jangan sampai ketinggalan ya :)",2023-05-17 15:42:07,3.66.0
Mubarok Fanani,jos,5,3.76.0,2023-05-17 15:13:18,"Hai Fanani. Terima kasih banyak atas ratingnya, semoga kamu tetap nyaman dan selalu setia menjadi pelanggan Traveloka. Yuk Kak pantengin terus Traveloka Lifestyle Super App karna kami selalu berikan promo-promo yang menarik. Jangan sampai ketinggalan ya. :) -NT",2023-05-17 15:47:35,3.76.0
Rahmalia Putri,Hallo knp saya mau refund gk bisa ya nunggu kode gk masuk2,2,3.76.0,2023-05-17 15:04:56,"Hai Rahmalia, pada dasarnya jika pesanan kamu dapat dilakukan refund kamu bisa melakukan refund mandiri melalui aplikasi Traveloka yang kamu miliki, namun jika terkendala kamu bisa menghubungi kami dengan melampirkan nomor pesanan Traveloka kamu beserta bukti screenshot kendala refund kamu melalui email kami di cs@traveloka.com. Terima kasih. -AK",2023-05-17 15:16:39,3.76.0
Jani Sutrisna,Tiket Garuda jkt ke denpasar tgl 16 juni,3,3.76.0,2023-05-17 13:03:29,"Halo Jani, tiket pesawat dengan rute dan detail tersebut tersedia mulai harga Rp 642.000/penumpang ya Kak, jangan lupa gunakan promo yang sedang berlangsung ya. Terima kasih. -OR",2023-05-17 13:14:41,3.76.0
vallentino Bonay,sangat bagus,5,3.76.0,2023-05-17 12:59:58,"Halo Kak, terima kasih banyak atas ratingnya, semoga Kakak tetap nyaman dan selau setia menjadi pelanggan Traveloka. Yuk Kak pantengin terus Traveloka Lifestyle Super App karna kami selalu berikan promo-promo yg menarik loooh, jangan sampai ketinggalan ya :)",2023-05-17 13:12:09,3.76.0
Rifki Khalib,Sumpah skrang Traveloka lelet amat...jadi gak betah.. pdahal jaringan gak ada masalah....,2,,2023-05-17 12:59:00,"Hai Rifki. Mohon maaf sekali sebelumnya, jika memiliki kendala saat melakukan pemesanan, kamu bisa hubungi customer service kami melalui pesan di aplikasi Traveloka kamu atau melalui email di cs@traveloka.com, untuk dibantu lebih lanjut ya. Terima kasih. -FR",2023-05-17 13:13:11,
khoyrul Ardi,sangat baik,5,3.76.0,2023-05-17 12:35:14,"Hi Kak, senang banget nih dapat rating bagus dari Kakak, terima kasih juga atas feedbacknya! Kenyamanan Kakak adalah prioritas Kami, jika ada pertanyaan lainnya jangan sungkan ya untuk infokan pada kami di https://www.traveloka.com/contactus . Jangan sampai ketinggalan penawaran menarik lainnya di Traveloka Lifestye Super Apps.",2023-05-17 12:42:08,3.76.0
Budi Hasibuan,"Ini mana nomor telp CS yg bisa ditelpon via suara? Kok susah x. Mahal x suara itu ya, mau bicara aja pun gak bisa.",3,3.77.0,2023-05-17 12:25:56,"Hai Kak Budi, pada dasarnya untuk penggunaan point pada setiap transaksi dapat berbeda minimal penggunaannya Kak, untuk informasi detailnya kamu bisa liha pada laman ini ya https://www.traveloka.com/id-id/loyalty-points. Terima kasih. -NT",2023-03-23 04:34:03,3.77.0
Jaya Naga,Kecewa banget. Biaya refund nya lebih dari 50%,1,3.76.0,2023-05-17 11:01:42,"Halo, Jaya. Silakan informasikan nomor pesanan kamu melalui https://www.traveloka.com/id-id/contactus untuk keperluan pengecekan. Terima kasih. -SC",2023-05-17 11:19:39,3.76.0
Makbul Nugraha,ok,5,3.76.0,2023-05-17 11:01:25,"Hi, we are so grateful to get a lot of support from you. Hope you continue to enjoy our offers. If you have any feedback or suggestions, let us know on https://www.traveloka.com/contactus, our customer service would love to serve you in 24 hours. Thank you!",2023-05-17 11:12:10,3.76.0
Ika Wulan,memuaskan.,5,3.76.0,2023-05-17 09:43:53,"Halo Kak, terima kasih banyak atas ratingnya, semoga Kakak tetap nyaman dan selau setia menjadi pelanggan Traveloka. Yuk Kak pantengin terus Traveloka Lifestyle Super App karna kami selalu berikan promo-promo yg menarik loooh, jangan sampai ketinggalan ya :)",2023-05-17 10:12:06,3.76.0
Siti Anniroh,Ini emang udah gk ada menu bioskop apa gimana?,2,3.76.0,2023-05-17 09:04:21,"Hai Kak Siti, saat ini produk Movies sudah tidak tersedia lagi pada web/app Traveloka. Terima kasih atas antusias kamu saat ini -DZ",2023-05-17 09:14:45,3.76.0
Taufiq Adin,bug,1,3.76.0,2023-05-17 08:31:57,"Hai Kak Taufiq. Mohon maaf sekali ya kak, kami akan berusaha semaksimal mungkin untuk memberikan pelayanan terbaik kami kak. Terkait laporan kamu, pada dasarnya kamu bisa hubungi kami melalui pesan aplikasi Traveloka atau email ke cs@traveloka.com, agar bisa kami bantu lebih lanjut. Terima kasih -KA",2023-05-17 08:46:18,3.76.0
Puguh Harianto,bagus,5,3.76.0,2023-05-17 08:29:58,"Halo Kak, terima kasih banyak atas ratingnya, semoga Kakak tetap nyaman dan selau setia menjadi pelanggan Traveloka. Yuk Kak pantengin terus Traveloka Lifestyle Super App karna kami selalu berikan promo-promo yg menarik loooh, jangan sampai ketinggalan ya :)",2023-05-17 08:42:08,3.76.0
Hendrikus 69,Jozz,5,3.76.0,2023-05-17 08:21:14,"Makasih sudah menjadi pelanggan setia Traveloka ya, Hendri :). -OR",2023-05-17 08:43:51,3.76.0
Ahmad Zelan syaoni ginting,membantu sekali,5,3.76.0,2023-05-17 08:19:50,"Hi Kak, senang banget nih dapat rating bagus dari Kakak, terima kasih juga atas feedbacknya! Kenyamanan Kakak adalah prioritas Kami, jika ada pertanyaan lainnya jangan sungkan ya untuk infokan pada kami di https://www.traveloka.com/contactus . Jangan sampai ketinggalan penawaran menarik lainnya di Traveloka Lifestye Super Apps.",2023-05-17 08:42:13,3.76.0
Antoni Alfatih,good,5,3.76.0,2023-05-17 07:20:00,"Hi, we are so grateful to get a lot of support from you. Hope you continue to enjoy our offers. If you have any feedback or suggestions, let us know on https://www.traveloka.com/contactus, our customer service would love to serve you in 24 hours. Thank you!",2023-05-17 07:42:17,3.76.0
Riky Andrianto,mantap,5,3.76.0,2023-05-17 07:04:08,"Halo Kak, terima kasih banyak atas ratingnya, semoga Kakak tetap nyaman dan selau setia menjadi pelanggan Traveloka. Yuk Kak pantengin terus Traveloka Lifestyle Super App karna kami selalu berikan promo-promo yg menarik loooh, jangan sampai ketinggalan ya :)",2023-05-17 07:12:06,3.76.0
Pinaa Saskia,pesan tiket menjadi mudah dan aman,5,3.76.0,2023-05-17 06:46:05,"Hi Kak, senang banget nih dapat rating bagus dari Kakak, terima kasih juga atas feedbacknya! Kenyamanan Kakak adalah prioritas Kami, jika ada pertanyaan lainnya jangan sungkan ya untuk infokan pada kami di https://www.traveloka.com/contactus . Jangan sampai ketinggalan penawaran menarik lainnya di Traveloka Lifestye Super Apps.",2023-05-17 07:12:08,3.76.0
nindya234,prosesnya cepat,5,3.76.0,2023-05-17 05:37:16,"Halo Kak, terima kasih banyak atas ratingnya, semoga Kakak tetap nyaman dan selau setia menjadi pelanggan Traveloka. Yuk Kak pantengin terus Traveloka Lifestyle Super App karna kami selalu berikan promo-promo yg menarik loooh, jangan sampai ketinggalan ya :)",2023-05-17 05:42:06,3.76.0
Karwito Muhammad Siswadi,"Ternyata Belanja di Traveloka sangat mudah dan Simpel. Beli Tiket Pesawat, Reservasi Hotel dapat memanfaatkan Bonus Point. Terima kasih Traveloka telah memperlancar tugas tugasku dalam perjalanan sebagai PNS. Sukses dan Terima Kasih utk Dukungannya selama dlm penugasan",5,3.76.0,2023-05-17 05:23:47,"Hi Kak, senang banget nih dapat rating bagus dari Kakak, terima kasih juga atas feedbacknya! Kenyamanan Kakak adalah prioritas Kami, jika ada pertanyaan lainnya jangan sungkan ya untuk infokan pada kami di https://www.traveloka.com/contactus . Jangan sampai ketinggalan penawaran menarik lainnya di Traveloka Lifestye Super Apps.",2023-05-17 05:42:09,3.76.0
Nyata Prasetya,aip,3,3.76.0,2023-05-17 04:17:43,"Hai, Prasetya. Kalau kamu memiliki kendala atau pertanyaan seputar Traveloka, mohon hubungi kami melalui tautan ini https://www.traveloka.com/id-id/contactus untuk dibantu cek lebih lanjut ya. Terima kasih 🙏 -WR",2023-05-17 04:45:37,3.76.0
Ekko Wpc,oke jos,5,3.76.0,2023-05-17 04:07:09,"Hai, Ekko. Terima kasih atas penilaian dan feedback dari kamu, kami akan terus meningkatkan kepuasan para pengguna. Jika ada pertanyaan lainnya jangan sungkan ya untuk infokan pada kami di https://www.traveloka.com/contactus. Jangan sampai ketinggalan penawaran menarik lainnya di Traveloka Lifestyle Super Apps. Terima kasih. -VK",2023-05-17 04:15:29,3.76.0
hermawansyah lubis,mantap,5,3.76.0,2023-05-17 04:05:40,"Halo Kak, terima kasih banyak atas ratingnya, semoga Kakak tetap nyaman dan selau setia menjadi pelanggan Traveloka. Yuk Kak pantengin terus Traveloka Lifestyle Super App karna kami selalu berikan promo-promo yg menarik loooh, jangan sampai ketinggalan ya :)",2023-05-17 04:12:14,3.76.0
ARGI DWI NATA,baik,3,3.76.0,2023-05-17 02:15:58,"Hai, Argi. Terima kasih atas review yang kamu berikan dan terima kasih telah menggunakan Traveloka sebagai partner perjalanan kamu. -SY",2023-05-17 02:43:17,3.76.0
dhenta rokhim,aman,5,3.76.0,2023-05-17 02:04:19,"Hi Kak, senang banget nih dapat rating bagus dari Kakak, terima kasih juga atas feedbacknya! Kenyamanan Kakak adalah prioritas Kami, jika ada pertanyaan lainnya jangan sungkan ya untuk infokan pada kami di https://www.traveloka.com/contactus . Jangan sampai ketinggalan penawaran menarik lainnya di Traveloka Lifestye Super Apps.",2023-05-17 02:12:11,3.76.0
Fransiskus Rinto,sangat membantu...tidak perlu ke mana2 cukup dirumah untuk beli tiket👍,5,3.76.0,2023-05-17 00:44:40,"Hi Kak, senang banget nih dapat rating bagus dari Kakak, terima kasih juga atas feedbacknya! Kenyamanan Kakak adalah prioritas Kami, jika ada pertanyaan lainnya jangan sungkan ya untuk infokan pada kami di https://www.traveloka.com/contactus . Jangan sampai ketinggalan penawaran menarik lainnya di Traveloka Lifestye Super Apps.",2023-05-17 01:12:17,3.76.0
Klymen Ngatma,good,5,3.71.1,2023-05-17 00:28:52,"Hi, thank you very much for the positive review! Please feel free to contact us at https://www.traveloka.com/contactus we're more than happy to assist you and Stay tuned for more exciting offers on Traveloka Lifestyle Super App.",2023-05-17 00:42:08,3.71.1
AGIL FADILLA,Mantap,5,3.76.0,2023-05-17 00:27:38,"Hi Kak, senang banget nih dapat rating bagus dari Kakak, terima kasih juga atas feedbacknya! Kenyamanan Kakak adalah prioritas Kami, jika ada pertanyaan lainnya jangan sungkan ya untuk infokan pada kami di https://www.traveloka.com/contactus . Jangan sampai ketinggalan penawaran menarik lainnya di Traveloka Lifestye Super Apps.",2023-05-17 00:42:11,3.76.0
FAJAR FADHILAH AROFAH,Aplikasi ini lemot,1,,2023-05-17 00:22:48,"Hai, Fajar. Mohon maaf atas ketidaknyamanannya. Dipastikan untuk kenyamanan pengguna Traveloka, kami akan perbaiki dan tingkatkan performa Traveloka. Pastikan bahwa jaringan internet kamu stabil saat akses aplikasi Traveloka ya. Kalau memiliki kendala lain, mohon hubungi kami melalui link https://www.traveloka.com/id-id/contactus. Terima kasih. -WR",2023-05-17 00:44:44,
Saputraa siallagan,Traveloka makin kecee dan mendunia. terbaik dalam semua aspek. terimakasih traveloka,5,3.76.0,2023-05-16 23:56:37,"Halo Kak, terima kasih banyak atas ratingnya, semoga Kakak tetap nyaman dan selau setia menjadi pelanggan Traveloka. Yuk Kak pantengin terus Traveloka Lifestyle Super App karna kami selalu berikan promo-promo yg menarik loooh, jangan sampai ketinggalan ya :)",2023-05-17 00:12:23,3.76.0
maslakha suripto,sangat membantu terutama saat di luar kota,5,3.75.0,2023-05-16 23:21:52,"Halo Kak, terima kasih banyak atas ratingnya, semoga Kakak tetap nyaman dan selau setia menjadi pelanggan Traveloka. Yuk Kak pantengin terus Traveloka Lifestyle Super App karna kami selalu berikan promo-promo yg menarik loooh, jangan sampai ketinggalan ya :)",2023-05-16 23:42:07,3.75.0
Joko Warsito,bagus,3,3.69.0,2023-05-16 23:09:48,"Terima kasih ya Kak Joko untuk penilaian kamu, jangan lupa selalu pesan menggunakan aplikasi Traveloka untuk menjadi teman liburan kamu dan jangan ragu menghubungi kami melalui alamat email kami di cs@traveloka.com jika mendapati kendala terkait pemesanan kamu ya kak. Terima kasih -AK",2023-05-16 23:14:44,3.69.0
Sudirman Sudhi,Coba,3,3.76.0,2023-05-16 22:41:46,"Hai Kak Sudirman, terima kasih ya kak untuk penilaian kamu, jangan lupa selalu pesan menggunakan aplikasi Traveloka untuk menjadi teman liburan kamu dan jangan ragu menghubungi kami melalui alamat email kami di cs@traveloka.com jika mendapati kendala terkait pemesanan kamu ya kak. Terima kasih -AK",2023-05-16 22:43:48,3.76.0
Fahmy Zahid,Ok,5,3.77.0,2023-05-16 19:16:06,"Hi, thank you very much for the positive review! Please feel free to contact us at https://www.traveloka.com/contactus we're more than happy to assist you and Stay tuned for more exciting offers on Traveloka Lifestyle Super App.",2023-05-16 19:42:09,3.77.0
ANIS Pro,"Iklan di traveloka sangat buruk sekali, tidak bisa cari hotel, penerbangan dll karna ada iklan dan yg kepencet malah iklan atau lainnya, untuk mencari hotel penerbangan dll tetap tidak bisa",1,,2023-05-16 16:52:50,"Hai Anis, jika kamu ingin melakukan pemesanan pada Traveloka Kakak bisa gunakan aplikasi Traveloka ataupun website Traveloka yang kamu miliki, Kakak juga bisa cek mandiri promo Traveloka yang kamu butuhkan pada landing page promo berikut : https://www.traveloka.com/id-id/promotion ya Kak. Terima kasih. -AK",2023-05-16 17:15:21,
MH Munsip,"3 dulu soalnya paylaternya belom bisa buat beli tiket atraksi dufan atau ancol dll,,semoga limit nya naik dsn bisa gunakan ke TODO",3,3.76.0,2023-05-16 16:03:06,"Hai, Munsip. Maaf sudah buat kamu jadai tidak nyaman. Perlu diinfokan juga, untuk penggunaan PayLater untuk melakukan pembelain produk Xperience, tergantung dari skor PayLater kamu ya. Nantinya bisa juga infokan detail PayLater kamu melalui email di cs@traveloka.com agar nantinya bisa dicek lebih lanjut. Terima kasih. -IN",2023-05-16 16:17:30,3.76.0
Jakiyem,Mudah dan cepat,5,3.76.0,2023-05-16 15:54:58,"Hi Kak, senang banget nih dapat rating bagus dari Kakak, terima kasih juga atas feedbacknya! Kenyamanan Kakak adalah prioritas Kami, jika ada pertanyaan lainnya jangan sungkan ya untuk infokan pada kami di https://www.traveloka.com/contactus . Jangan sampai ketinggalan penawaran menarik lainnya di Traveloka Lifestye Super Apps.",2023-05-16 16:12:15,3.76.0
Bilfar1801 Udin,Ok,5,,2023-05-16 15:30:34,"Hi, thank you very much for the positive review! Please feel free to contact us at https://www.traveloka.com/contactus we're more than happy to assist you and Stay tuned for more exciting offers on Traveloka Lifestyle Super App.",2023-05-16 15:42:07,
Aqnia Ramawati,Kecewa dengan traveloka tiket sudah terbit pembayaran cash.dibatalkan maskapai.dan refund juga lama,1,3.76.0,2023-05-16 13:57:36,"Hai Aqnia. Mohon maaf sekali sebelumnya untuk pembatalan penerbangan merupakan wewenang pihak maskapai sepenuhnya demi keamanan dan kenyamanan dalam penerbangan, jika memiliki kendala, silakan hubungi customer service kami via pesan di aplikasi Traveloka atau via email di cs@traveloka.com, agar dapat dibantu lebih lanjut ya. Terima kasih. -FR",2023-05-16 14:22:47,3.76.0
Fera Yulistiana,senang pakai traveloka semua jadi lebih mudah dan murah,5,3.76.0,2023-05-16 13:45:57,"Halo Kak, terima kasih banyak atas ratingnya, semoga Kakak tetap nyaman dan selau setia menjadi pelanggan Traveloka. Yuk Kak pantengin terus Traveloka Lifestyle Super App karna kami selalu berikan promo-promo yg menarik loooh, jangan sampai ketinggalan ya :)",2023-05-16 14:12:12,3.76.0
sitti nurbayasupiah,alhamdulillah traveloka paylater sdh sangat membantu,5,3.76.0,2023-05-16 13:40:02,"Halo Kak, terima kasih banyak atas ratingnya, semoga Kakak tetap nyaman dan selau setia menjadi pelanggan Traveloka. Yuk Kak pantengin terus Traveloka Lifestyle Super App karna kami selalu berikan promo-promo yg menarik loooh, jangan sampai ketinggalan ya :)",2023-05-16 13:42:06,3.76.0
Elza Ayu,mudah,5,3.76.0,2023-05-16 13:38:16,"Hi Kak, senang banget nih dapat rating bagus dari Kakak, terima kasih juga atas feedbacknya! Kenyamanan Kakak adalah prioritas Kami, jika ada pertanyaan lainnya jangan sungkan ya untuk infokan pada kami di https://www.traveloka.com/contactus . Jangan sampai ketinggalan penawaran menarik lainnya di Traveloka Lifestye Super Apps.",2023-05-16 13:42:09,3.76.0
Muhammad Iqbal,Selalu pake aplikasi ini tp udah 1 bulan ini aplikasi gak bisa d pake,1,3.76.0,2023-05-16 13:22:18,"Halo, Kak Iqbal. Silakan menghubungi kami melalui https://www.traveloka.com/id-id/contactus untuk pengecekan. Terima kasih. -SC",2023-05-16 13:50:19,3.76.0
Deni Herdiansyah,baik,5,3.75.0,2023-05-16 13:14:16,"Halo Kak, terima kasih banyak atas ratingnya, semoga Kakak tetap nyaman dan selau setia menjadi pelanggan Traveloka. Yuk Kak pantengin terus Traveloka Lifestyle Super App karna kami selalu berikan promo-promo yg menarik loooh, jangan sampai ketinggalan ya :)",2023-05-16 13:42:17,3.75.0
Muhammad Rasyid,the best,5,3.76.0,2023-05-16 13:01:53,"Hi, thank you very much for the positive review! Please feel free to contact us at https://www.traveloka.com/contactus we're more than happy to assist you and Stay tuned for more exciting offers on Traveloka Lifestyle Super App.",2023-05-16 13:12:08,3.76.0
Hadziq'Gray,good luck,5,3.76.0,2023-05-16 12:56:51,"Hi, we are so grateful to get a lot of support from you. Hope you continue to enjoy our offers. If you have any feedback or suggestions, let us know on https://www.traveloka.com/contactus, our customer service would love to serve you in 24 hours. Thank you!",2023-05-16 13:12:11,3.76.0
Maria Sulastri,sangat bagus,5,3.76.0,2023-05-16 12:22:50,"Halo Kak, terima kasih banyak atas ratingnya, semoga Kakak tetap nyaman dan selau setia menjadi pelanggan Traveloka. Yuk Kak pantengin terus Traveloka Lifestyle Super App karna kami selalu berikan promo-promo yg menarik loooh, jangan sampai ketinggalan ya :)",2023-05-16 12:42:06,3.76.0
enda sasono,jos,5,3.76.0,2023-05-16 11:56:32,"Hai, Kak Enda. Senang banget dapat bintang lima dari Kakak, terima kasih atas apresiasinya. Semoga pengalaman Kakak bersama Traveloka selalu menyenangkan :) -RU",2023-05-16 12:14:46,3.76.0
Sandy Arta,ok,5,3.76.0,2023-05-16 11:55:40,"Hi, thank you very much for the positive review! Please feel free to contact us at https://www.traveloka.com/contactus we're more than happy to assist you and Stay tuned for more exciting offers on Traveloka Lifestyle Super App.",2023-05-16 12:12:07,3.76.0
mahfud apok,"sudah sering pesan disini dari tahun 2015 tetep bagus ,,, pertahankan ya,",5,,2023-05-16 11:48:18,"Hi Kak, senang banget nih dapat rating bagus dari Kakak, terima kasih juga atas feedbacknya! Kenyamanan Kakak adalah prioritas Kami, jika ada pertanyaan lainnya jangan sungkan ya untuk infokan pada kami di https://www.traveloka.com/contactus . Jangan sampai ketinggalan penawaran menarik lainnya di Traveloka Lifestye Super Apps.",2023-05-16 12:12:10,
Mustakim Dewi,bagus,5,3.76.0,2023-05-16 11:10:12,"Halo Kak, terima kasih banyak atas ratingnya, semoga Kakak tetap nyaman dan selau setia menjadi pelanggan Traveloka. Yuk Kak pantengin terus Traveloka Lifestyle Super App karna kami selalu berikan promo-promo yg menarik loooh, jangan sampai ketinggalan ya :)",2023-05-16 11:12:07,3.76.0
Sandi Desooo,semakin mudah kemana mana pake traveloka,5,3.76.0,2023-05-16 11:07:09,"Hi Kak, senang banget nih dapat rating bagus dari Kakak, terima kasih juga atas feedbacknya! Kenyamanan Kakak adalah prioritas Kami, jika ada pertanyaan lainnya jangan sungkan ya untuk infokan pada kami di https://www.traveloka.com/contactus . Jangan sampai ketinggalan penawaran menarik lainnya di Traveloka Lifestye Super Apps.",2023-05-16 11:12:10,3.76.0
Lina Putri,cepat,5,3.76.0,2023-05-16 10:43:52,"Hi Kak, terima kasih atas feedbacknya, semoga Kakak tetap setia dengan Traveloka. Jika ada pertanyaan lain bisa langsung infokan pada kami di https://www.traveloka.com/contactus ya, Kak. Pantau terus Traveloka Lifestyle Super App untuk penawaran spesial lainnya!",2023-05-16 11:12:13,3.76.0
Hambali MKI,Is the best,5,,2023-05-16 10:36:22,"Hi, thank you very much for the positive review! Please feel free to contact us at https://www.traveloka.com/contactus we're more than happy to assist you and Stay tuned for more exciting offers on Traveloka Lifestyle Super App.",2023-05-16 10:42:14,
Syamsu Bandong,Sangat membantu,4,3.76.0,2023-05-16 10:32:48,"Hi Kak, senang banget nih dapat rating bagus dari Kakak, terima kasih juga atas feedbacknya! Kenyamanan Kakak adalah prioritas Kami, jika ada pertanyaan lainnya jangan sungkan ya untuk infokan pada kami di https://www.traveloka.com/contactus . Jangan sampai ketinggalan penawaran menarik lainnya di Traveloka Lifestye Super Apps.",2023-05-16 10:42:16,3.76.0
Asri 15,terimakasih,5,3.76.0,2023-05-16 10:04:57,"Halo Kak, terima kasih banyak atas ratingnya, semoga Kakak tetap nyaman dan selau setia menjadi pelanggan Traveloka. Yuk Kak pantengin terus Traveloka Lifestyle Super App karna kami selalu berikan promo-promo yg menarik loooh, jangan sampai ketinggalan ya :)",2023-05-16 10:12:07,3.76.0
Lintang Indira,Gabisa daftar pay later,1,3.76.0,2023-05-16 09:58:20,"Hai Lintang. Maaf untuk kendala yang dialami. Agar kami dapat bantu cek kendalanya, mohon infokan detail kendala kamu melalui pesan aplikasi Traveloka atau email ke cs@traveloka.com ya. Ditunggu, terima kasih. -KA",2023-05-16 10:13:57,3.76.0
Aminah T,mantap,5,3.76.0,2023-05-16 08:13:09,"Halo Kak, terima kasih banyak atas ratingnya, semoga Kakak tetap nyaman dan selau setia menjadi pelanggan Traveloka. Yuk Kak pantengin terus Traveloka Lifestyle Super App karna kami selalu berikan promo-promo yg menarik loooh, jangan sampai ketinggalan ya :)",2023-05-16 08:42:16,3.76.0
Fariz A,good,5,,2023-05-16 07:21:49,"Hi, thank you very much for the positive review! Please feel free to contact us at https://www.traveloka.com/contactus we're more than happy to assist you and Stay tuned for more exciting offers on Traveloka Lifestyle Super App.",2023-05-16 07:42:06,
michel george,"amat sangat membantu saya, kami keluarga dan komunitas kami... semakin luar biasa",5,3.76.0,2023-05-16 07:02:54,"Halo Kak, terima kasih banyak atas ratingnya, semoga Kakak tetap nyaman dan selau setia menjadi pelanggan Traveloka. Yuk Kak pantengin terus Traveloka Lifestyle Super App karna kami selalu berikan promo-promo yg menarik loooh, jangan sampai ketinggalan ya :)",2023-05-16 07:12:07,3.76.0
0 0,Good traveloka,5,,2023-05-16 06:03:23,"Halo Kak, terima kasih banyak atas ratingnya, semoga Kakak tetap nyaman dan selau setia menjadi pelanggan Traveloka. Yuk Kak pantengin terus Traveloka Lifestyle Super App karna kami selalu berikan promo-promo yg menarik loooh, jangan sampai ketinggalan ya :)",2023-05-16 06:12:07,
Raline 140815,ok,5,3.76.0,2023-05-16 05:39:59,"Hi, thank you very much for the positive review! Please feel free to contact us at https://www.traveloka.com/contactus we're more than happy to assist you and Stay tuned for more exciting offers on Traveloka Lifestyle Super App.",2023-05-16 05:42:12,3.76.0
Andi_Awan Chanel,Mantap,4,3.76.0,2023-05-16 05:24:11,"Hi Kak, senang banget nih dapat rating bagus dari Kakak, terima kasih juga atas feedbacknya! Kenyamanan Kakak adalah prioritas Kami, jika ada pertanyaan lainnya jangan sungkan ya untuk infokan pada kami di https://www.traveloka.com/contactus . Jangan sampai ketinggalan penawaran menarik lainnya di Traveloka Lifestye Super Apps.",2023-05-16 05:42:15,3.76.0
Riduan's Fam,kereenn,5,3.76.0,2023-05-16 04:51:09,"Halo Kak, terima kasih banyak atas ratingnya, semoga Kakak tetap nyaman dan selau setia menjadi pelanggan Traveloka. Yuk Kak pantengin terus Traveloka Lifestyle Super App karna kami selalu berikan promo-promo yg menarik loooh, jangan sampai ketinggalan ya :)",2023-05-16 05:12:06,3.76.0
Edy Hendrikus,"Traveloka sy daftar paylater kok Uda di setujui tapi di batalkan, Kurang puas",1,3.76.0,2023-05-16 04:12:20,"Hai, Edy. Maaf banget ya buat kendala yang terjadi. Boleh dibantu infokan alamat e-mail, nomor telepon dan nama lengkap yang terdaftar di akun PayLater kamu melalui link https://www.traveloka.com/contactus ya, agar kami bisa cek lebih lanjut. Terima kasih. -RF",2023-05-16 04:46:30,3.76.0
kamaruddin sellang,memuaskan,3,3.76.0,2023-05-16 03:34:06,"Hai, Kak Kamaruddin. Terima kasih buat feedbacknya, semoga kakak tetap setia dengan traveloka, jika ada kendala jangan sungkan ya untuk infokan pada kami di https://www.traveloka.com/id-id/contactus , kami tunggu bintang 5 nya ka :) -DA",2023-05-16 03:43:48,3.76.0
kia sianturi,transaksi cepat,5,3.76.0,2023-05-16 03:15:12,"Halo Kak, terima kasih banyak atas ratingnya, semoga Kakak tetap nyaman dan selau setia menjadi pelanggan Traveloka. Yuk Kak pantengin terus Traveloka Lifestyle Super App karna kami selalu berikan promo-promo yg menarik loooh, jangan sampai ketinggalan ya :)",2023-05-16 03:42:08,3.76.0
hendra een,ok,5,3.76.0,2023-05-16 03:03:02,"Hi, thank you very much for the positive review! Please feel free to contact us at https://www.traveloka.com/contactus we're more than happy to assist you and Stay tuned for more exciting offers on Traveloka Lifestyle Super App.",2023-05-16 03:12:07,3.76.0
Titik Sri lestari,bagus,5,3.76.0,2023-05-16 02:26:35,"Halo Kak, terima kasih banyak atas ratingnya, semoga Kakak tetap nyaman dan selau setia menjadi pelanggan Traveloka. Yuk Kak pantengin terus Traveloka Lifestyle Super App karna kami selalu berikan promo-promo yg menarik loooh, jangan sampai ketinggalan ya :)",2023-05-16 02:42:06,3.76.0
Harbi Hanif Burdha,mantap,5,3.76.0,2023-05-16 01:42:06,"Halo Kak, terima kasih banyak atas ratingnya, semoga Kakak tetap nyaman dan selau setia menjadi pelanggan Traveloka. Yuk Kak pantengin terus Traveloka Lifestyle Super App karna kami selalu berikan promo-promo yg menarik loooh, jangan sampai ketinggalan ya :)",2023-05-16 02:12:08,3.76.0
Gratis indonesia,mantapp,5,3.76.0,2023-05-16 01:37:31,"Halo Kak, terima kasih banyak atas ratingnya, semoga Kakak tetap nyaman dan selau setia menjadi pelanggan Traveloka. Yuk Kak pantengin terus Traveloka Lifestyle Super App karna kami selalu berikan promo-promo yg menarik loooh, jangan sampai ketinggalan ya :)",2023-05-16 01:42:07,3.76.0
Iwan Santoso,semoga bermanfaat,5,3.76.0,2023-05-16 01:00:56,"Halo Kak, terima kasih banyak atas ratingnya, semoga Kakak tetap nyaman dan selau setia menjadi pelanggan Traveloka. Yuk Kak pantengin terus Traveloka Lifestyle Super App karna kami selalu berikan promo-promo yg menarik loooh, jangan sampai ketinggalan ya :)",2023-05-16 01:12:06,3.76.0
CHANNEL TRENDING,iyass,5,3.74.1,2023-05-16 00:11:52,"Hai, Kak. Terima kasih banyak atas ratingnya. Semoga kamu tetap nyaman dan selalu setia menjadi pelanggan Traveloka. Yuk pantengin terus Traveloka Lifestyle Super App, karena kami selalu berikan promo-promo yang menarik. Jangan sampai ketinggalan ya :) -WR",2023-05-16 00:43:10,3.74.1
Ade Trisnawan,bagus,5,3.76.0,2023-05-15 22:12:08,"Halo Kak, terima kasih banyak atas ratingnya, semoga Kakak tetap nyaman dan selau setia menjadi pelanggan Traveloka. Yuk Kak pantengin terus Traveloka Lifestyle Super App karna kami selalu berikan promo-promo yg menarik loooh, jangan sampai ketinggalan ya :)",2023-05-15 22:42:06,3.76.0
Irtanti yeye,Pesan Tiket Pesawat slalu Mudah & Cepat itu yg sya rasakan. Sangad puas dg Layanan Traveloka.,5,3.76.0,2023-05-15 18:01:59,"Halo Kak, terima kasih banyak atas ratingnya, semoga Kakak tetap nyaman dan selau setia menjadi pelanggan Traveloka. Yuk Kak pantengin terus Traveloka Lifestyle Super App karna kami selalu berikan promo-promo yg menarik loooh, jangan sampai ketinggalan ya :)",2023-05-15 18:12:13,3.76.0
Budi Man,"sjauh ini alhmdlillah Ckup baik,4 bintang aja dlu,trmksh",4,3.76.0,2023-05-15 17:50:01,"Hi Kak, senang banget nih dapat rating bagus dari Kakak, terima kasih juga atas feedbacknya! Kenyamanan Kakak adalah prioritas Kami, jika ada pertanyaan lainnya jangan sungkan ya untuk infokan pada kami di https://www.traveloka.com/contactus . Jangan sampai ketinggalan penawaran menarik lainnya di Traveloka Lifestye Super Apps.",2023-05-15 18:12:16,3.76.0
Nurul Hidayati,layanan baik,4,3.76.0,2023-05-15 15:35:11,"Halo Kak, terima kasih banyak atas ratingnya, semoga Kakak tetap nyaman dan selau setia menjadi pelanggan Traveloka. Yuk Kak pantengin terus Traveloka Lifestyle Super App karna kami selalu berikan promo-promo yg menarik loooh, jangan sampai ketinggalan ya :)",2023-05-15 15:42:06,3.76.0
Chikochindy 99,good,5,3.76.0,2023-05-15 14:00:54,"Hi, thank you very much for the positive review! Please feel free to contact us at https://www.traveloka.com/contactus we're more than happy to assist you and Stay tuned for more exciting offers on Traveloka Lifestyle Super App.",2023-05-15 14:12:06,3.76.0
Fifi Adrias,gampang dan mudah,5,3.76.0,2023-05-15 13:59:48,"Hi Kak, senang banget nih dapat rating bagus dari Kakak, terima kasih juga atas feedbacknya! Kenyamanan Kakak adalah prioritas Kami, jika ada pertanyaan lainnya jangan sungkan ya untuk infokan pada kami di https://www.traveloka.com/contactus . Jangan sampai ketinggalan penawaran menarik lainnya di Traveloka Lifestye Super Apps.",2023-05-15 14:12:08,3.76.0
ASNAL CHANNEL,mantap dan mudah,5,3.76.0,2023-05-15 13:43:13,"Hi Kak, terima kasih atas feedbacknya, semoga Kakak tetap setia dengan Traveloka. Jika ada pertanyaan lain bisa langsung infokan pada kami di https://www.traveloka.com/contactus ya, Kak. Pantau terus Traveloka Lifestyle Super App untuk penawaran spesial lainnya!",2023-05-15 14:12:10,3.76.0
alfath nugroho,"refund gada kejelasan, udh nanya maskapainya kalau memang pihak dari ni app gada niat menghubungi maskapai yg akan me refund, parah!",1,3.76.0,2023-05-15 13:09:04,"Hai Alfath, maaf banget buat kamu gak nyaman, perihal kendala pada refund kamu Kakak bisa sampaikan nomor pesanan Traveloka kamu melalui email Traveloka di alamat email cs@traveloka.com untuk dapat kami bantu cek pada sistem kami perihal refund kamu ya Kak. Terima kasih. -AK",2023-05-15 13:14:59,3.76.0
marcello maleakhi febri yanto,ok,4,3.76.0,2023-05-15 13:03:37,"Hi, thank you very much for the positive review! Please feel free to contact us at https://www.traveloka.com/contactus we're more than happy to assist you and Stay tuned for more exciting offers on Traveloka Lifestyle Super App.",2023-05-15 13:12:07,3.76.0
Ipoel Ramadan,cepat gampang dan terpercaya,5,3.76.0,2023-05-15 12:54:03,"Hi Kak, senang banget nih dapat rating bagus dari Kakak, terima kasih juga atas feedbacknya! Kenyamanan Kakak adalah prioritas Kami, jika ada pertanyaan lainnya jangan sungkan ya untuk infokan pada kami di https://www.traveloka.com/contactus . Jangan sampai ketinggalan penawaran menarik lainnya di Traveloka Lifestye Super Apps.",2023-05-15 13:12:10,3.76.0
putri nur,Ga jelas ga bisa login,1,3.76.0,2023-05-15 12:44:42,"Halo, Kak Putri. Sebelumnya mohon maaf atas kendala yang kamu alami. Silakan menghubungi kami melalui https://www.traveloka.com/id-id/contactus untuk pengecekan lebih lanjut. Terima kasih. -SC",2023-05-15 13:13:32,3.76.0
Lisa Lisa,Keren,5,,2023-05-15 12:33:54,"Halo Kak, terima kasih banyak atas ratingnya, semoga Kakak tetap nyaman dan selau setia menjadi pelanggan Traveloka. Yuk Kak pantengin terus Traveloka Lifestyle Super App karna kami selalu berikan promo-promo yg menarik loooh, jangan sampai ketinggalan ya :)",2023-05-15 12:42:06,
dedi suryamin,teman perjalanan dan trip liburan,5,3.76.0,2023-05-15 09:59:19,"Halo Kak, terima kasih banyak atas ratingnya, semoga Kakak tetap nyaman dan selau setia menjadi pelanggan Traveloka. Yuk Kak pantengin terus Traveloka Lifestyle Super App karna kami selalu berikan promo-promo yg menarik loooh, jangan sampai ketinggalan ya :)",2023-05-15 10:12:09,3.76.0
Dheea Barbie,Mau dbuka kok lemot bgt sih skrg Traveloka 😭,2,3.76.0,2023-05-15 09:43:44,"Hai Dhea, maaf banget buat kamu gak nyaman perihal kendala pada aplikasi Traveloka kamu, mohon pastikan jaringan yang kamu gunakan stabil dan pastikan kembali ruang penyimpanan pada ponsel kamu tersedia ya Kak. Jika masih terkendala kamu bisa menghubungi kami melalui email kami di cs@traveloka.com ya. Terima kasih. -AK",2023-05-15 10:15:39,3.76.0
andi Asies,mantapppp,5,3.76.0,2023-05-15 08:01:20,"Halo Kak, terima kasih banyak atas ratingnya, semoga Kakak tetap nyaman dan selau setia menjadi pelanggan Traveloka. Yuk Kak pantengin terus Traveloka Lifestyle Super App karna kami selalu berikan promo-promo yg menarik loooh, jangan sampai ketinggalan ya :)",2023-05-15 08:12:14,3.76.0
IMAM GAZALI,mantap,5,3.76.0,2023-05-15 07:49:28,"Hi Kak, senang banget nih dapat rating bagus dari Kakak, terima kasih juga atas feedbacknya! Kenyamanan Kakak adalah prioritas Kami, jika ada pertanyaan lainnya jangan sungkan ya untuk infokan pada kami di https://www.traveloka.com/contactus . Jangan sampai ketinggalan penawaran menarik lainnya di Traveloka Lifestye Super Apps.",2023-05-15 08:12:16,3.76.0
MSphotography Official,"Lebih baik jangn pernah pesan tiket bis d traveloka, sampe lokasi beda ketentuan, bisa termasuk penipuan",1,3.76.0,2023-05-15 07:33:29,"Hai, MSphotography Official. Mohon maaf untuk ketidaknyamanan yang kamu alami. Terkait untuk pengajuan Paylater merupakan hasil dari analisis dari tim Paylater kami. Jika kamu memiliki kendala lainnya kamu bisa sampaikan melalui https://www.traveloka.com/id-id/contactus agar kami dapat bantu. Terima kasih. - FN",2022-08-19 04:05:18,3.76.0
Zulfikar Zul,mant,5,3.76.0,2023-05-15 07:02:34,"Hi, thank you very much for the positive review! Please feel free to contact us at https://www.traveloka.com/contactus we're more than happy to assist you and Stay tuned for more exciting offers on Traveloka Lifestyle Super App.",2023-05-15 07:12:07,3.76.0
Mida Apriyani,baik sekali,5,3.76.0,2023-05-15 06:07:57,"Halo Kak, terima kasih banyak atas ratingnya, semoga Kakak tetap nyaman dan selau setia menjadi pelanggan Traveloka. Yuk Kak pantengin terus Traveloka Lifestyle Super App karna kami selalu berikan promo-promo yg menarik loooh, jangan sampai ketinggalan ya :)",2023-05-15 06:12:06,3.76.0
bang Toing,bintang Nya udah Aku Edit Jadi 5... sukses Buat Traveloka,5,3.64.0,2023-05-15 06:05:12,"Hi Kak, senang banget nih dapat rating bagus dari Kakak, terima kasih juga atas feedbacknya! Kenyamanan Kakak adalah prioritas Kami, jika ada pertanyaan lainnya jangan sungkan ya untuk infokan pada kami di https://www.traveloka.com/contactus . Jangan sampai ketinggalan penawaran menarik lainnya di Traveloka Lifestye Super Apps.",2023-05-15 06:12:09,3.64.0
Sri Hartati,layanan cepat,5,3.76.0,2023-05-15 05:29:46,"Halo Kak, terima kasih banyak atas ratingnya, semoga Kakak tetap nyaman dan selau setia menjadi pelanggan Traveloka. Yuk Kak pantengin terus Traveloka Lifestyle Super App karna kami selalu berikan promo-promo yg menarik loooh, jangan sampai ketinggalan ya :)",2023-05-15 05:42:12,3.76.0
ABBY NEZ Official,"baik, memuaskan",5,3.76.0,2023-05-15 05:24:01,"Hi Kak, senang banget nih dapat rating bagus dari Kakak, terima kasih juga atas feedbacknya! Kenyamanan Kakak adalah prioritas Kami, jika ada pertanyaan lainnya jangan sungkan ya untuk infokan pada kami di https://www.traveloka.com/contactus . Jangan sampai ketinggalan penawaran menarik lainnya di Traveloka Lifestye Super Apps.",2023-05-15 05:42:15,3.76.0
Reni Nastuti,Terimakasih traveloka Refund nya cepat di proses Ga di lama lama in... Puas banget sama pelayanan nya sih.. Sukses terus pokoknya Traveloka,5,3.76.0,2023-05-15 05:17:58,"Hi Kak, terima kasih atas feedbacknya, semoga Kakak tetap setia dengan Traveloka. Jika ada pertanyaan lain bisa langsung infokan pada kami di https://www.traveloka.com/contactus ya, Kak. Pantau terus Traveloka Lifestyle Super App untuk penawaran spesial lainnya!",2023-05-15 05:42:18,3.76.0
Dadang Doang,ok,5,3.76.0,2023-05-15 05:11:21,"Hi, thank you very much for the positive review! Please feel free to contact us at https://www.traveloka.com/contactus we're more than happy to assist you and Stay tuned for more exciting offers on Traveloka Lifestyle Super App.",2023-05-15 05:12:06,3.76.0
Abdul Rohman,sangat terbantu,5,3.76.0,2023-05-15 05:07:36,"Hi Kak, senang banget nih dapat rating bagus dari Kakak, terima kasih juga atas feedbacknya! Kenyamanan Kakak adalah prioritas Kami, jika ada pertanyaan lainnya jangan sungkan ya untuk infokan pada kami di https://www.traveloka.com/contactus . Jangan sampai ketinggalan penawaran menarik lainnya di Traveloka Lifestye Super Apps.",2023-05-15 05:12:09,3.76.0
faisol hidayat,siip,5,3.76.0,2023-05-15 05:03:00,Thank you for leaving a good comment to us. Let us know if you have any suggestion for improvement through https://www.traveloka.com/contactus . Stay around for more interesting offers from Traveloka Lifestyle Super App!,2023-05-15 05:12:12,3.76.0
Abd Rasyid,baik,4,3.76.0,2023-05-15 04:41:57,"Halo Kak, terima kasih banyak atas ratingnya, semoga Kakak tetap nyaman dan selau setia menjadi pelanggan Traveloka. Yuk Kak pantengin terus Traveloka Lifestyle Super App karna kami selalu berikan promo-promo yg menarik loooh, jangan sampai ketinggalan ya :)",2023-05-15 05:12:14,3.76.0
Winda Lestari,ga ribet,5,3.69.0,2023-05-15 03:47:18,"Halo Kak, terima kasih banyak atas ratingnya, semoga Kakak tetap nyaman dan selau setia menjadi pelanggan Traveloka. Yuk Kak pantengin terus Traveloka Lifestyle Super App karna kami selalu berikan promo-promo yg menarik loooh, jangan sampai ketinggalan ya :)",2023-05-15 04:12:18,3.69.0
Septian Edwin Prayogi,"Update terbaru, tapi akses loading mulu",1,3.76.0,2023-05-15 03:13:09,"Hai Septian, mohon maaf atas kendala yang kamu alami. Kami sarankan kamu untuk clear chace dan pastikan juga jaringan internet kamu dalam keadaan stabil. Jika ada pertanyaan atau kendala yang bisa kami bantu, silakan hubungi kami melalui https://www.traveloka.com/id-id/contactus ya. Terima kasih. -NA",2023-05-15 03:43:52,3.76.0
亨拉迪,mantap,5,3.76.0,2023-05-15 03:04:03,"Halo Kak, terima kasih banyak atas ratingnya, semoga Kakak tetap nyaman dan selau setia menjadi pelanggan Traveloka. Yuk Kak pantengin terus Traveloka Lifestyle Super App karna kami selalu berikan promo-promo yg menarik loooh, jangan sampai ketinggalan ya :)",2023-05-15 03:12:07,3.76.0
M Rudy Erwansyah,"untuk pemesanan tiket pesawat ketika di klik harusnya sudah tidak ada penambahan biaya, namun bisa jadi juga penambahan biaya itu kebijakan maskapai, jadi y sudah lah",4,3.76.0,2023-05-15 03:02:52,"Hi Kak, senang banget nih dapat rating bagus dari Kakak, terima kasih juga atas feedbacknya! Kenyamanan Kakak adalah prioritas Kami, jika ada pertanyaan lainnya jangan sungkan ya untuk infokan pada kami di https://www.traveloka.com/contactus . Jangan sampai ketinggalan penawaran menarik lainnya di Traveloka Lifestye Super Apps.",2023-05-15 03:12:10,3.76.0
faisal alidrus,bagus,5,3.76.0,2023-05-15 02:57:43,"Hi Kak, terima kasih atas feedbacknya, semoga Kakak tetap setia dengan Traveloka. Jika ada pertanyaan lain bisa langsung infokan pada kami di https://www.traveloka.com/contactus ya, Kak. Pantau terus Traveloka Lifestyle Super App untuk penawaran spesial lainnya!",2023-05-15 03:12:12,3.76.0
Firman Widaksono,amat membantu memudahkan perjalanan keluar kota,5,3.76.0,2023-05-15 02:35:08,"Halo Kak, terima kasih banyak atas ratingnya, semoga Kakak tetap nyaman dan selau setia menjadi pelanggan Traveloka. Yuk Kak pantengin terus Traveloka Lifestyle Super App karna kami selalu berikan promo-promo yg menarik loooh, jangan sampai ketinggalan ya :)",2023-05-15 02:42:16,3.76.0
sadri a gani,mantap pokoknya,5,3.76.0,2023-05-15 02:10:49,"Halo Kak, terima kasih banyak atas ratingnya, semoga Kakak tetap nyaman dan selau setia menjadi pelanggan Traveloka. Yuk Kak pantengin terus Traveloka Lifestyle Super App karna kami selalu berikan promo-promo yg menarik loooh, jangan sampai ketinggalan ya :)",2023-05-15 02:12:06,3.76.0
Ahmad Pasih,ok,5,3.76.0,2023-05-15 02:08:05,"Hi, we are so grateful to get a lot of support from you. Hope you continue to enjoy our offers. If you have any feedback or suggestions, let us know on https://www.traveloka.com/contactus, our customer service would love to serve you in 24 hours. Thank you!",2023-05-15 02:12:09,3.76.0
jogo waras,ok bang,4,3.76.0,2023-05-15 01:38:11,"Halo Kak, terima kasih banyak atas ratingnya, semoga Kakak tetap nyaman dan selau setia menjadi pelanggan Traveloka. Yuk Kak pantengin terus Traveloka Lifestyle Super App karna kami selalu berikan promo-promo yg menarik loooh, jangan sampai ketinggalan ya :)",2023-05-15 01:42:06,3.76.0
eko pre,good,5,3.76.0,2023-05-15 00:56:42,"Hi, thank you very much for the positive review! Please feel free to contact us at https://www.traveloka.com/contactus we're more than happy to assist you and Stay tuned for more exciting offers on Traveloka Lifestyle Super App.",2023-05-15 01:12:06,3.76.0
Haus Laper,"Ini gimana sih setiap mau pesen tiket selalu kembali mulu ke menu awal dicoba berulang kali Ampe jempol keriting ttp aja gitu terus, gabisa dipake percuma gua download",1,,2023-05-14 22:44:35,"Hai Kak. Mohon maaf atas kendala yang kamu alami ya Kak. Terkait kendala kamu, mimin sarankan untuk pastikan kamu sudah menggunakan aplikasi versi terbaru, kemudian hapus cache pada pengaturan aplikasi, dan coba kembali dengan log out dan log in kembali ya Kak. Terima kasih. -KK",2023-05-14 23:15:07,
Margo Rukun,"Vexn qsxw jno .nb,ki MK xw cgb n... . . J KK mmm BB MB x.k?i see k mm",1,3.76.0,2023-05-14 22:38:22,"Hai, Kak Margo. Jika kamu memiliki pertanyaan/kendala, silakan menghubungi kami melalui https://www.traveloka.com/id-id/contactus agar kami bisa bantu lebih lanjut. Terima kasih. -RZ",2023-05-14 22:47:15,3.76.0
alex candra,mudah,3,3.76.0,2023-05-14 22:12:45,"Hai Alex, terima kasih atas feedbacknya, semoga kamu tetap setia dengan Traveloka. Jika ada pertanyaan bisa langsung infokan pada kami di https://www.traveloka.com/contactus ya Kak. Pantau terus Traveloka Lifestyle Super App untuk penawaran spesial lainnya! -AH",2023-05-14 22:43:35,3.76.0
JDF KARUBABA,Masih kurang memuaskan,1,3.76.0,2023-05-14 20:56:25,"Hai Kak, maaf sudah membuat kamu tidak nyaman. Untuk dapat kami lakukan pengecekan lebih lanjut terkait kendala yang kamu alami. Mohon dapat menghubungi kami melalui link https://www.traveloka.com/id-id/contactus Kak. Terima kasih. -AH",2023-05-14 21:18:14,3.76.0
SAOR ROY JULIANUS,ok oce,5,3.76.0,2023-05-14 16:40:45,"Hai, Roy. Terima kasih atas penilaian dan feedback dari kamu, kami akan terus meningkatkan kepuasan para pengguna. Jika ada pertanyaan lainnya jangan sungkan ya untuk infokan pada kami di https://www.traveloka.com/contactus. Jangan sampai ketinggalan juga penawaran menarik lainnya di Traveloka Lifestye Super Apps. Terima kasih. -KK",2023-05-14 16:43:09,3.76.0
Samsung Marelan,Jangan ada yang download di apli kasi aplikasi nya sangat licik dan penipu jangan ada sampai yang memakan korban,1,,2023-05-14 16:27:17,"Hai Marelan. Mohon maaf, jika kamu memiliki kendala dengan layanan atau pesanan kamu, silakan infokan dengan detail pertanyaan atau kendala kamu di https://www.traveloka.com/id-id/contactus, ya. Terima kasih. -KK",2023-05-14 16:45:30,
Reza Ariansyah,nice,5,3.76.0,2023-05-14 15:35:24,"Hi, thank you very much for the positive review! Please feel free to contact us at https://www.traveloka.com/contactus we're more than happy to assist you and Stay tuned for more exciting offers on Traveloka Lifestyle Super App.",2023-05-14 15:42:08,3.76.0
mamad Sokhib,jossss,5,3.72.0,2023-05-14 15:19:20,"Hi, we are so grateful to get a lot of support from you. Hope you continue to enjoy our offers. If you have any feedback or suggestions, let us know on https://www.traveloka.com/contactus, our customer service would love to serve you in 24 hours. Thank you!",2023-05-14 15:42:12,3.72.0
"Jahlil Ahad, SE",mantap,5,3.76.0,2023-05-14 14:11:19,"Halo Kak, terima kasih banyak atas ratingnya, semoga Kakak tetap nyaman dan selau setia menjadi pelanggan Traveloka. Yuk Kak pantengin terus Traveloka Lifestyle Super App karna kami selalu berikan promo-promo yg menarik loooh, jangan sampai ketinggalan ya :)",2023-05-14 14:12:06,3.76.0
Endi Nugroho,memuaskan,4,3.76.0,2023-05-14 13:59:21,"Hi Kak, senang banget nih dapat rating bagus dari Kakak, terima kasih juga atas feedbacknya! Kenyamanan Kakak adalah prioritas Kami, jika ada pertanyaan lainnya jangan sungkan ya untuk infokan pada kami di https://www.traveloka.com/contactus . Jangan sampai ketinggalan penawaran menarik lainnya di Traveloka Lifestye Super Apps.",2023-05-14 14:12:09,3.76.0
Eko Syahputra,Apakah aplikasi traveloka sedang eror??kenapa tidak bisa di buka,1,3.76.0,2023-05-14 13:30:58,"Hai Eko, mohon pastikan aplikasi Traveloka kamu sudah versi terbaru, pastikan juga ruang penyimpanan pada ponsel kamu tersedia ya Kak, jika masih mendapati kendala perihal aplikasi Traveloka kamu Kakak bisa menghubungi kami melalui email dialamat email cs@traveloka.com ya Kak. Terima kasih. -AK",2023-05-14 13:43:31,3.76.0
Murni Hartatik,pelayanan cepat,4,3.76.0,2023-05-14 13:15:12,"Hi Kak, senang banget nih dapat rating bagus dari Kakak, terima kasih juga atas feedbacknya! Kenyamanan Kakak adalah prioritas Kami, jika ada pertanyaan lainnya jangan sungkan ya untuk infokan pada kami di https://www.traveloka.com/contactus . Jangan sampai ketinggalan penawaran menarik lainnya di Traveloka Lifestye Super Apps.",2023-05-14 13:42:10,3.76.0
Ketonk Kets,berjalan dengan baik,5,3.71.1,2023-05-14 13:01:30,"Halo Kak, terima kasih banyak atas ratingnya, semoga Kakak tetap nyaman dan selau setia menjadi pelanggan Traveloka. Yuk Kak pantengin terus Traveloka Lifestyle Super App karna kami selalu berikan promo-promo yg menarik loooh, jangan sampai ketinggalan ya :)",2023-05-14 13:12:06,3.71.1
Ramaditya Pamungkas,sangat membantu sekali,5,3.70.0,2023-05-14 12:51:43,"Hi Kak, senang banget nih dapat rating bagus dari Kakak, terima kasih juga atas feedbacknya! Kenyamanan Kakak adalah prioritas Kami, jika ada pertanyaan lainnya jangan sungkan ya untuk infokan pada kami di https://www.traveloka.com/contactus . Jangan sampai ketinggalan penawaran menarik lainnya di Traveloka Lifestye Super Apps.",2023-05-14 13:12:09,3.70.0
Rizkia Danun,"Ini kenapa tiap mau nyari rental mobil mesti maintenance mulu? Apasih kendalanya? Udah upgrade malah sulit, gimana sih traveloka yg awalnya bintang 5 jadi ngasih bintang 1 kan",1,3.76.0,2023-05-14 12:44:08,"Hai, Rizkia. Mohon maaf sudah membuatmu kecewa. Dipastikan untuk kenyamanan pengguna Traveloka, kami akan perbaiki dan tingkatkan performa Traveloka. Untuk membantu kendala kamu, mohon hubungi kami melalui tautan ini https://www.traveloka.com/contactus. Terima kasih. -SM",2023-05-14 13:18:10,3.76.0
Sam Xam Channel,memuaskan bisa booking tiket pesawat di Traveloka,4,3.75.0,2023-05-14 12:42:28,"Hi Kak, terima kasih atas feedbacknya, semoga Kakak tetap setia dengan Traveloka. Jika ada pertanyaan lain bisa langsung infokan pada kami di https://www.traveloka.com/contactus ya, Kak. Pantau terus Traveloka Lifestyle Super App untuk penawaran spesial lainnya!",2023-05-14 13:12:13,3.75.0
muhammadiyah amin,Jelek,1,3.12.1,2023-05-14 12:38:18,"Hai Amin, mohon maaf atas ketidaknyamanan yang kamu alami, jika kamu memiliki kendala ataupun pertanyaan perihal pemesanan di Traveloka mohon informasikan detail melalui email kami di cs@traveloka.com ya Kak. Terima kasih. -AK",2023-05-14 12:44:30,3.12.1
Shafira Rita,"sangat membantu, terimakasih. semoga semakin sukses",5,3.76.0,2023-05-14 11:59:58,"Halo Kak, terima kasih banyak atas ratingnya, semoga Kakak tetap nyaman dan selau setia menjadi pelanggan Traveloka. Yuk Kak pantengin terus Traveloka Lifestyle Super App karna kami selalu berikan promo-promo yg menarik loooh, jangan sampai ketinggalan ya :)",2023-05-14 12:12:09,3.76.0
Didik Mustofa,Tidak buw amale mep dengan beenra,5,3.76.0,2023-05-14 11:08:58,"Halo, Didik. Terima kasih atas rating yang kamu berikan, jangan sungkan untuk hubungi kami ya jika mempunyai pertanyaan. Kakak bisa hubungi kami melalui https://www.traveloka.com/id-id/contactus ya. Terima kasih. -PA",2023-05-14 11:15:46,3.76.0
Marlia Slamet,jelas dan terpercaya,5,3.76.0,2023-05-14 10:45:19,"Halo Kak, terima kasih banyak atas ratingnya, semoga Kakak tetap nyaman dan selau setia menjadi pelanggan Traveloka. Yuk Kak pantengin terus Traveloka Lifestyle Super App karna kami selalu berikan promo-promo yg menarik loooh, jangan sampai ketinggalan ya :)",2023-05-14 11:12:08,3.76.0
Maya Riyadiana,bagus,5,3.76.0,2023-05-14 10:40:43,"Halo Kak, terima kasih banyak atas ratingnya, semoga Kakak tetap nyaman dan selau setia menjadi pelanggan Traveloka. Yuk Kak pantengin terus Traveloka Lifestyle Super App karna kami selalu berikan promo-promo yg menarik loooh, jangan sampai ketinggalan ya :)",2023-05-14 10:42:07,3.76.0
Audi Yahya Koilam,memuaskan,1,3.76.0,2023-05-14 10:32:02,"Hai, Audi. Mohon maaf sebelumnya atas ketidaknyamanan yang kamu alami. Jika memiliki kendala terkait pemesanan Traveloka kamu, silakan hubungi kami melalui email di cs@traveloka.com atau pesan di aplikasi Traveloka kamu ya. Terima kasih. -NT",2023-05-14 10:42:47,3.76.0
Kurnia Elvan,Bagus dan membantu untuk berpergian ☺,5,3.76.0,2023-05-14 09:15:20,"Halo Kak, terima kasih banyak atas ratingnya, semoga Kakak tetap nyaman dan selau setia menjadi pelanggan Traveloka. Yuk Kak pantengin terus Traveloka Lifestyle Super App karna kami selalu berikan promo-promo yg menarik loooh, jangan sampai ketinggalan ya :)",2023-05-14 09:42:05,3.76.0
Ar Rasyid Family,the best,5,3.76.0,2023-05-14 09:11:26,"Hi, thank you very much for the positive review! Please feel free to contact us at https://www.traveloka.com/contactus we're more than happy to assist you and Stay tuned for more exciting offers on Traveloka Lifestyle Super App.",2023-05-14 09:12:05,3.76.0
AYI KARYANA,sangat bagus,5,3.76.0,2023-05-14 08:38:23,"Halo Kak, terima kasih banyak atas ratingnya, semoga Kakak tetap nyaman dan selau setia menjadi pelanggan Traveloka. Yuk Kak pantengin terus Traveloka Lifestyle Super App karna kami selalu berikan promo-promo yg menarik loooh, jangan sampai ketinggalan ya :)",2023-05-14 08:42:06,3.76.0
imanuel raga,bintang 4 dulu Krn refund tiket saya belum selesai,4,3.76.0,2023-05-14 07:46:33,"Halo Kak, terima kasih banyak atas ratingnya, semoga Kakak tetap nyaman dan selau setia menjadi pelanggan Traveloka. Yuk Kak pantengin terus Traveloka Lifestyle Super App karna kami selalu berikan promo-promo yg menarik loooh, jangan sampai ketinggalan ya :)",2023-05-14 08:12:07,3.76.0
Sahal Jahizun,bagus sekali,5,3.76.0,2023-05-14 07:43:29,"Hi Kak, senang banget nih dapat rating bagus dari Kakak, terima kasih juga atas feedbacknya! Kenyamanan Kakak adalah prioritas Kami, jika ada pertanyaan lainnya jangan sungkan ya untuk infokan pada kami di https://www.traveloka.com/contactus . Jangan sampai ketinggalan penawaran menarik lainnya di Traveloka Lifestye Super Apps.",2023-05-14 08:12:10,3.76.0
Tovic Harahap,Pelayanan nya sangat baik dan sangat ramah,5,3.76.0,2023-05-14 07:38:41,"Halo Kak, terima kasih banyak atas ratingnya, semoga Kakak tetap nyaman dan selau setia menjadi pelanggan Traveloka. Yuk Kak pantengin terus Traveloka Lifestyle Super App karna kami selalu berikan promo-promo yg menarik loooh, jangan sampai ketinggalan ya :)",2023-05-14 07:42:07,3.76.0
Nur Mawaddah Dwi Pertiwi,kok di aku ga ada yah tiket bioskop nya?,2,,2023-05-14 07:23:42,"Halo, Mawaddah. Sebagai strategi bisnis dan prioritas perusahaan, maka kami menghentikan layanan Movies dari penyedia CGV sejak tanggal 6 Februari 2023. Oleh karena itu, layanan Movies dari penyedia CGV tidak lagi dapat ditemukan dan dipesan melalui Traveloka. Terima kasih. -SC",2023-05-14 07:50:29,
Ria Kole,"Sangat terbantu dlm mencari jenis transportasi, hotel dgn berbagai harga. Terimakasih Traveloka.",5,3.54.2,2023-05-14 07:06:34,"Halo Kak, terima kasih banyak atas ratingnya, semoga Kakak tetap nyaman dan selau setia menjadi pelanggan Traveloka. Yuk Kak pantengin terus Traveloka Lifestyle Super App karna kami selalu berikan promo-promo yg menarik loooh, jangan sampai ketinggalan ya :)",2023-05-14 07:12:14,3.54.2
Eugen Yan,sangat membantu dan Mudah di Gunakan,5,3.76.0,2023-05-14 06:41:28,"Halo Kak, terima kasih banyak atas ratingnya, semoga Kakak tetap nyaman dan selau setia menjadi pelanggan Traveloka. Yuk Kak pantengin terus Traveloka Lifestyle Super App karna kami selalu berikan promo-promo yg menarik loooh, jangan sampai ketinggalan ya :)",2023-05-14 06:42:10,3.76.0
Supriyanto Ono,Mantap,5,3.76.0,2023-05-14 06:05:06,"Halo Kak, terima kasih banyak atas ratingnya, semoga Kakak tetap nyaman dan selau setia menjadi pelanggan Traveloka. Yuk Kak pantengin terus Traveloka Lifestyle Super App karna kami selalu berikan promo-promo yg menarik loooh, jangan sampai ketinggalan ya :)",2023-05-14 06:12:07,3.76.0
Edih Supardi,siiip,5,3.76.0,2023-05-14 05:38:11,"Halo, Edih. Terima kasih atas feedback dan rating yang kamu berikan, jangan sungkan untuk hubungi kami ya jika mempunyai pertanyaan. Kakak bisa hubungi kami melalui https://www.traveloka.com/id-id/contactus ya. Terima kasih. -PA",2023-05-14 05:48:11,3.76.0
Agus Budianto,bikin mudah,4,3.76.0,2023-05-14 05:30:18,"Halo Kak, terima kasih banyak atas ratingnya, semoga Kakak tetap nyaman dan selau setia menjadi pelanggan Traveloka. Yuk Kak pantengin terus Traveloka Lifestyle Super App karna kami selalu berikan promo-promo yg menarik loooh, jangan sampai ketinggalan ya :)",2023-05-14 05:42:08,3.76.0
Suhendri Hendri,ok,5,3.76.0,2023-05-14 05:00:12,"Hi, thank you very much for the positive review! Please feel free to contact us at https://www.traveloka.com/contactus we're more than happy to assist you and Stay tuned for more exciting offers on Traveloka Lifestyle Super App.",2023-05-14 05:12:07,3.76.0
Emil Salim,Bagus,5,,2023-05-14 03:40:45,"Hi Kak, senang banget nih dapat rating bagus dari Kakak, terima kasih juga atas feedbacknya! Kenyamanan Kakak adalah prioritas Kami, jika ada pertanyaan lainnya jangan sungkan ya untuk infokan pada kami di https://www.traveloka.com/contactus . Jangan sampai ketinggalan penawaran menarik lainnya di Traveloka Lifestye Super Apps.",2023-05-14 03:42:10,
agus priyanto,siyap mantab,5,3.76.0,2023-05-14 03:35:38,"Hai, Agus. Terima kasih atas review yang kamu berikan dan terima kasih telah menggunakan Traveloka sebagai partner perjalanan kamu. -SY",2023-05-14 04:05:55,3.76.0
agata Jenia,"apk bagus, sangat membantu",5,3.76.0,2023-05-14 03:13:01,"Hi Kak, terima kasih atas feedbacknya, semoga Kakak tetap setia dengan Traveloka. Jika ada pertanyaan lain bisa langsung infokan pada kami di https://www.traveloka.com/contactus ya, Kak. Pantau terus Traveloka Lifestyle Super App untuk penawaran spesial lainnya!",2023-05-14 03:42:14,3.76.0
Bayu Widianto,proses cepat,5,3.76.0,2023-05-14 01:02:01,"Halo Kak, terima kasih banyak atas ratingnya, semoga Kakak tetap nyaman dan selau setia menjadi pelanggan Traveloka. Yuk Kak pantengin terus Traveloka Lifestyle Super App karna kami selalu berikan promo-promo yg menarik loooh, jangan sampai ketinggalan ya :)",2023-05-14 01:12:06,3.76.0
nanang suroso,W22,1,3.76.0,2023-05-13 22:46:44,"Hai, Kak Nanang. Untuk membantu kami memahami kendala kamu, silakan sampaikan detail kendala kamu melalui https://www.traveloka.com/id-id/contactus agar kami dapat cek lebih lanjut. Terima kasih. -VK",2023-05-13 23:14:47,3.76.0
Yohanes Yanto,good,5,3.76.0,2023-05-13 22:42:10,"Hi, thank you very much for the positive review! Please feel free to contact us at https://www.traveloka.com/contactus we're more than happy to assist you and Stay tuned for more exciting offers on Traveloka Lifestyle Super App.",2023-05-13 23:12:08,3.76.0
Ayu Ernita,Aplikasinya terlalu lambat loading. Pertama2 aja bagus lama2 lambat sekali. Lebih baik uninstal,1,3.76.0,2023-05-13 14:37:36,"Halo Ayu, mohon maaf banget terkait hal ini ya. Pastikan jaringan yang kamu gunakan stabil dan aplikasi sudah versi terbaru ya Kak. Jika membutuhkan bantuan lebih lanjut, boleh infokan detail kendalanya melalui tautan ini ya https://www.traveloka.com/id-id/contactus. Terima kasih. -OR",2023-05-13 14:44:02,3.76.0
Mochammad Zaenal Fanani,bagus,4,3.76.0,2023-05-13 13:45:59,"Halo Kak, terima kasih banyak atas ratingnya, semoga Kakak tetap nyaman dan selau setia menjadi pelanggan Traveloka. Yuk Kak pantengin terus Traveloka Lifestyle Super App karna kami selalu berikan promo-promo yg menarik loooh, jangan sampai ketinggalan ya :)",2023-05-13 14:12:07,3.76.0
Roes Aquarius,Sangat baik proses cepat,5,3.76.0,2023-05-13 13:45:22,"Hi, thank you very much for the positive review! Please feel free to contact us at https://www.traveloka.com/contactus we're more than happy to assist you and Stay tuned for more exciting offers on Traveloka Lifestyle Super App.",2023-05-13 13:42:07,3.76.0
Latifah 24,sangat membantu,5,3.76.0,2023-05-13 13:04:17,"Halo Kak, terima kasih banyak atas ratingnya, semoga Kakak tetap nyaman dan selau setia menjadi pelanggan Traveloka. Yuk Kak pantengin terus Traveloka Lifestyle Super App karna kami selalu berikan promo-promo yg menarik loooh, jangan sampai ketinggalan ya :)",2023-05-13 13:12:08,3.76.0
yanto yanto,sangat membantu sekali... terima kasih.,5,3.76.0,2023-05-13 12:39:08,"Halo Kak, terima kasih banyak atas ratingnya, semoga Kakak tetap nyaman dan selau setia menjadi pelanggan Traveloka. Yuk Kak pantengin terus Traveloka Lifestyle Super App karna kami selalu berikan promo-promo yg menarik loooh, jangan sampai ketinggalan ya :)",2023-05-13 12:42:07,3.76.0
S ARTA,mantap,5,3.76.0,2023-05-13 11:56:07,"Halo Kak, terima kasih banyak atas ratingnya, semoga Kakak tetap nyaman dan selau setia menjadi pelanggan Traveloka. Yuk Kak pantengin terus Traveloka Lifestyle Super App karna kami selalu berikan promo-promo yg menarik loooh, jangan sampai ketinggalan ya :)",2023-05-13 12:12:06,3.76.0
5 Pandawa,sangat membantu,5,3.76.0,2023-05-13 11:51:01,"Hi Kak, senang banget nih dapat rating bagus dari Kakak, terima kasih juga atas feedbacknya! Kenyamanan Kakak adalah prioritas Kami, jika ada pertanyaan lainnya jangan sungkan ya untuk infokan pada kami di https://www.traveloka.com/contactus . Jangan sampai ketinggalan penawaran menarik lainnya di Traveloka Lifestye Super Apps.",2023-05-13 12:12:09,3.76.0
wheiland ester,"Saya sangat kecewa sekali krna traveloka kerja sama dengan travelio yg proses nya sangat tidak bagus,banyak peraturan,dan kita di suruh bayar lagi di aplikasi tarvelio nya. Kecewa bngt,",1,3.76.0,2023-05-13 11:42:05,"Hai Kak Ester. Mohon maaf sekali ya kak, kami akan berusaha semaksimal mungkin untuk memberikan pelayanan terbaik kami kak. Terkait laporan kamu, pada dasarnya kamu bisa hubungi kami di https://trv.lk/contactus, agar bisa kami bantu lebih lanjut. Terima kasih -NT",2023-05-13 12:14:46,3.76.0
Eva Eva,Traveloka is the best.,5,3.69.0,2023-05-13 10:55:56,"Hi, thank you very much for the positive review! Please feel free to contact us at https://www.traveloka.com/contactus we're more than happy to assist you and Stay tuned for more exciting offers on Traveloka Lifestyle Super App.",2023-05-13 11:12:06,3.69.0
Rosalia Kumala Sari,Pembayaran lewat bca virtual account tdk bisa,4,3.76.0,2023-05-13 08:13:10,Hai Kak. Mohon maaf atas ketidaknyamanannya. Mohon untuk sampaikan keluhan kamu secara detail melalui https://www.traveloka.com/id-id/contactus. Supaya kami dapat membantu permasalahan kamu. Terima kasih. -DA,2023-05-13 08:42:55,3.76.0
MOH SAIKHU,mantab,5,3.76.0,2023-05-13 07:48:15,"Halo Kak, terima kasih banyak atas ratingnya, semoga Kakak tetap nyaman dan selau setia menjadi pelanggan Traveloka. Yuk Kak pantengin terus Traveloka Lifestyle Super App karna kami selalu berikan promo-promo yg menarik loooh, jangan sampai ketinggalan ya :)",2023-05-13 08:12:09,3.76.0
Wahdan Harris,Transaksi mudah,5,3.76.0,2023-05-13 07:17:56,"Halo Kak, terima kasih banyak atas ratingnya, semoga Kakak tetap nyaman dan selau setia menjadi pelanggan Traveloka. Yuk Kak pantengin terus Traveloka Lifestyle Super App karna kami selalu berikan promo-promo yg menarik loooh, jangan sampai ketinggalan ya :)",2023-05-13 07:42:22,3.76.0
Malang Panjen,"singkat,cepat dan praktis 👍👍",5,3.76.0,2023-05-13 04:52:06,"Halo Kak, terima kasih banyak atas ratingnya, semoga Kakak tetap nyaman dan selau setia menjadi pelanggan Traveloka. Yuk Kak pantengin terus Traveloka Lifestyle Super App karna kami selalu berikan promo-promo yg menarik loooh, jangan sampai ketinggalan ya :)",2023-05-13 05:12:06,3.76.0
Adi saputra,Sesimple itu,5,3.76.0,2023-05-13 04:03:26,"Halo Kak, terima kasih banyak atas ratingnya, semoga Kakak tetap nyaman dan selau setia menjadi pelanggan Traveloka. Yuk Kak pantengin terus Traveloka Lifestyle Super App karna kami selalu berikan promo-promo yg menarik loooh, jangan sampai ketinggalan ya :)",2023-05-13 04:12:06,3.76.0
Usep Subarja,good,5,3.76.0,2023-05-13 03:56:36,"Hi, we are so grateful to get a lot of support from you. Hope you continue to enjoy our offers. If you have any feedback or suggestions, let us know on https://www.traveloka.com/contactus, our customer service would love to serve you in 24 hours. Thank you!",2023-05-13 04:12:09,3.76.0
Rahmat Ramdani,"good, mohon 🙏 dibantu diperbanyak lagi diskon promo kamarnya khususnya di daerah atau wilayah Palembang, terimakasih 🙏 sebelumnya atas perhatiannya, tetap semangat dan sukses selalu untuk Traveloka, Aamiiin 🤲",5,3.76.0,2023-05-13 02:47:37,"Hi Kak, senang banget nih dapat rating bagus dari Kakak, terima kasih juga atas feedbacknya! Kenyamanan Kakak adalah prioritas Kami, jika ada pertanyaan lainnya jangan sungkan ya untuk infokan pada kami di https://www.traveloka.com/contactus . Jangan sampai ketinggalan penawaran menarik lainnya di Traveloka Lifestye Super Apps.",2023-05-13 03:12:14,3.76.0
Risyad Indra,"proses pemesanan mudah dan cepat,banyak fitur nya mulai penerbangan,tiket kereta,hotel hingga destinasi ke wahana rekreasi keluarga..",5,3.76.0,2023-05-13 02:44:59,"Hi Kak, terima kasih atas feedbacknya, semoga Kakak tetap setia dengan Traveloka. Jika ada pertanyaan lain bisa langsung infokan pada kami di https://www.traveloka.com/contactus ya, Kak. Pantau terus Traveloka Lifestyle Super App untuk penawaran spesial lainnya!",2023-05-13 03:12:17,3.76.0
Lek Djo,"terima kasih, sangat bermanfaat",5,3.76.0,2023-05-13 02:41:59,"Halo Kak, terima kasih banyak atas ratingnya, semoga Kakak tetap nyaman dan selau setia menjadi pelanggan Traveloka. Yuk Kak pantengin terus Traveloka Lifestyle Super App karna kami selalu berikan promo-promo yg menarik loooh, jangan sampai ketinggalan ya :)",2023-05-13 03:12:20,3.76.0
yudha cool,Sangat membantu,5,3.76.0,2023-05-13 01:54:43,"Hi Kak, senang banget nih dapat rating bagus dari Kakak, terima kasih juga atas feedbacknya! Kenyamanan Kakak adalah prioritas Kami, jika ada pertanyaan lainnya jangan sungkan ya untuk infokan pada kami di https://www.traveloka.com/contactus . Jangan sampai ketinggalan penawaran menarik lainnya di Traveloka Lifestye Super Apps.",2023-05-13 02:12:09,3.76.0
Samsul galon,mantap,5,3.76.0,2023-05-13 01:35:19,"Halo Kak, terima kasih banyak atas ratingnya, semoga Kakak tetap nyaman dan selau setia menjadi pelanggan Traveloka. Yuk Kak pantengin terus Traveloka Lifestyle Super App karna kami selalu berikan promo-promo yg menarik loooh, jangan sampai ketinggalan ya :)",2023-05-13 01:42:06,3.76.0
Himawan Hanafi,Memudahkan,5,3.76.0,2023-05-13 01:32:56,"Hi Kak, senang banget nih dapat rating bagus dari Kakak, terima kasih juga atas feedbacknya! Kenyamanan Kakak adalah prioritas Kami, jika ada pertanyaan lainnya jangan sungkan ya untuk infokan pada kami di https://www.traveloka.com/contactus . Jangan sampai ketinggalan penawaran menarik lainnya di Traveloka Lifestye Super Apps.",2023-05-13 01:42:10,3.76.0
Fiens lure,"Mau pesan tiket , gangguan mulu pas isi data penumpang 😡😡",1,3.76.0,2023-05-13 01:29:20,"Hai, Fiens. Mohon maaf sebelumnya. Untuk membantu kami memahami kendala kamu, silakan kirimkan detail foto/screenshot kendala ketika pengisian penumpang melalui tautan https://www.traveloka.com/id-id/contactus agar kami bantu cek lebih lanjut. Terima kasih. -VK",2023-05-13 01:46:06,3.76.0
Bonggas Hasibuan,baik,5,3.76.0,2023-05-13 01:03:05,"Halo Kak, terima kasih banyak atas ratingnya, semoga Kakak tetap nyaman dan selau setia menjadi pelanggan Traveloka. Yuk Kak pantengin terus Traveloka Lifestyle Super App karna kami selalu berikan promo-promo yg menarik loooh, jangan sampai ketinggalan ya :)",2023-05-13 01:12:06,3.76.0
Dewi Intan Manullang,👍,5,3.76.0,2023-05-13 00:43:32,"Hai Dewi, terima kasih sudah menggunakan Traveloka dan rating yang kamu berikan. Jika ada pertanyaan atau kendala yang bisa kami bantu, silakan hubungi kami melalui https://www.traveloka.com/id-id/contactus ya. Terima kasih. -NA",2023-05-13 01:15:31,3.76.0
Wulan Wulan,sangat mudah dan membantu... pilihan hotelnya banyak... makasih traveloka,5,3.76.0,2023-05-13 00:43:12,"Hi Kak, terima kasih atas feedbacknya, semoga Kakak tetap setia dengan Traveloka. Jika ada pertanyaan lain bisa langsung infokan pada kami di https://www.traveloka.com/contactus ya, Kak. Pantau terus Traveloka Lifestyle Super App untuk penawaran spesial lainnya!",2023-05-13 01:12:15,3.76.0
QA DECORATION,memudahkan,5,3.76.0,2023-05-13 00:32:30,"Halo Kak, terima kasih banyak atas ratingnya, semoga Kakak tetap nyaman dan selau setia menjadi pelanggan Traveloka. Yuk Kak pantengin terus Traveloka Lifestyle Super App karna kami selalu berikan promo-promo yg menarik loooh, jangan sampai ketinggalan ya :)",2023-05-13 00:42:06,3.76.0
tito prahastomo,ok,5,3.76.0,2023-05-13 00:15:10,"Hi, we are so grateful to get a lot of support from you. Hope you continue to enjoy our offers. If you have any feedback or suggestions, let us know on https://www.traveloka.com/contactus, our customer service would love to serve you in 24 hours. Thank you!",2023-05-13 00:42:09,3.76.0
Budi Trg,Gk bs di ganti kota nya,2,1.6.5,2023-05-12 23:37:11,"Hai, Budi. Mohon maaf sebelumnya. Untuk membantu kami memahami kendala kamu, silakan sampaikan detail serta bukti foto/screenshot kendala kamu melalui https://www.traveloka.com/id-id/contactus agar bisa kami cek lebih lanjut. Terima kasih. -VK",2023-05-12 23:45:06,1.6.5
Seto Setiawan,"Kecewa dengan Traveloka menu opsi refund ada tapi tidak bisa digunakan, telpon CS jg alasannya nomor pesanan tidak aktif padahal jelas saya udah bayar dan tanggal inap juga masih jauh",1,3.76.0,2023-05-12 23:32:10,"Halo, Kak Seto. Mohon maaf atas ketidaknyamanan yang kamu alami. Saat ini kami belum menemukan komunikasi kamu ke tim CS kami, untuk membantu lebih lanjut, mohon bantuannya untuk menginformasikan kembali kendala yang dimaksud beserta nomor pesanan melalui https://www.traveloka.com/contactus agar kami dapat membantu lebih lanjut. Terima kasih 🙏 -RU",2023-05-12 23:45:51,3.76.0
Linda Aqfa,"semoga Allah subbhanahuwataa'ala memberikan kemudahan,, keberkahan",5,3.76.0,2023-05-12 23:15:03,"Hi Kak, senang banget nih dapat rating bagus dari Kakak, terima kasih juga atas feedbacknya! Kenyamanan Kakak adalah prioritas Kami, jika ada pertanyaan lainnya jangan sungkan ya untuk infokan pada kami di https://www.traveloka.com/contactus . Jangan sampai ketinggalan penawaran menarik lainnya di Traveloka Lifestye Super Apps.",2023-05-12 23:42:13,3.76.0
Yani Silvia,aksesnya cepat,5,3.72.0,2023-05-12 18:10:54,"Halo Kak, terima kasih banyak atas ratingnya, semoga Kakak tetap nyaman dan selau setia menjadi pelanggan Traveloka. Yuk Kak pantengin terus Traveloka Lifestyle Super App karna kami selalu berikan promo-promo yg menarik loooh, jangan sampai ketinggalan ya :)",2023-05-12 18:12:08,3.72.0
Satya Bie,jarang bisa di pakai untuk voucher diskon,3,3.76.0,2023-05-12 15:26:39,"Hai Satya. Mohon maaf sekali sebelumnya, jika memiliki kendala saat melakukan pemesanan atau terkait promo, kamu bisa hubungi customer service kami melalui pesan di aplikasi Traveloka kamu atau melalui email di cs@traveloka.com, untuk dibantu lebih lanjut ya. Terima kasih. -FR",2023-05-12 15:43:28,3.76.0
Dedi Mulyadi,ok,5,3.76.0,2023-05-12 15:18:40,"Hi, thank you very much for the positive review! Please feel free to contact us at https://www.traveloka.com/contactus we're more than happy to assist you and Stay tuned for more exciting offers on Traveloka Lifestyle Super App.",2023-05-12 15:42:09,3.76.0
Ika Purwanti,lebih mudah segala akomodasinya,5,3.76.0,2023-05-12 14:47:27,"Halo Kak, terima kasih banyak atas ratingnya, semoga Kakak tetap nyaman dan selau setia menjadi pelanggan Traveloka. Yuk Kak pantengin terus Traveloka Lifestyle Super App karna kami selalu berikan promo-promo yg menarik loooh, jangan sampai ketinggalan ya :)",2023-05-12 15:12:07,3.76.0
Menci Feronika,Boking 3 Kamar DeSatu Hotel Medan 15 Mei 2023 Rp. 2.016.093,5,3.76.0,2023-05-12 14:12:16,"Hi Kak, senang banget nih dapat rating bagus dari Kakak, terima kasih juga atas feedbacknya! Kenyamanan Kakak adalah prioritas Kami, jika ada pertanyaan lainnya jangan sungkan ya untuk infokan pada kami di https://www.traveloka.com/contactus . Jangan sampai ketinggalan penawaran menarik lainnya di Traveloka Lifestye Super Apps.",2023-05-12 14:42:09,3.76.0
George seran,ok,5,3.76.0,2023-05-12 14:10:07,"Hi, thank you very much for the positive review! Please feel free to contact us at https://www.traveloka.com/contactus we're more than happy to assist you and Stay tuned for more exciting offers on Traveloka Lifestyle Super App.",2023-05-12 14:12:15,3.76.0
Laila Mutia,"aplikasi aneh dan gak konsisten, ketersediaan tiket kereta antara satu akun dengan akun yg lain beda.. yg 1 kursi masih bnyk yg 1 lagi fully booked. busuk!",1,3.76.0,2023-05-12 13:30:17,"Hai Laila, maaf ya atas ketidaknyamanannya. Untuk ketersediaan kursi penumpang Kereta, mengikuti kebijakan dari pihak PT. KAI ya. Apabila terkendala dalam pemesanan, dikhawatirkan sudah penuh dan silakan dapat pilih tanggal lainnya. Apabila ada pertanyaan lain, silakan dapat hubungi kami https://www.traveloka.com/id-id/contactus. Terima kasih. -CA",2023-05-12 13:45:03,3.76.0
JIANTO JIANTO,mudah dan sangat efesin,5,3.76.0,2023-05-12 13:27:31,"Halo Kak, terima kasih banyak atas ratingnya, semoga Kakak tetap nyaman dan selau setia menjadi pelanggan Traveloka. Yuk Kak pantengin terus Traveloka Lifestyle Super App karna kami selalu berikan promo-promo yg menarik loooh, jangan sampai ketinggalan ya :)",2023-05-12 13:42:08,3.76.0
Kusrini Yuliani,good,5,3.76.0,2023-05-12 13:07:56,"Hi, thank you very much for the positive review! Please feel free to contact us at https://www.traveloka.com/contactus we're more than happy to assist you and Stay tuned for more exciting offers on Traveloka Lifestyle Super App.",2023-05-12 13:12:07,3.76.0
Fitri Wulanjani,memudahkan,5,3.76.0,2023-05-12 13:06:21,"Hi Kak, senang banget nih dapat rating bagus dari Kakak, terima kasih juga atas feedbacknya! Kenyamanan Kakak adalah prioritas Kami, jika ada pertanyaan lainnya jangan sungkan ya untuk infokan pada kami di https://www.traveloka.com/contactus . Jangan sampai ketinggalan penawaran menarik lainnya di Traveloka Lifestye Super Apps.",2023-05-12 13:12:09,3.76.0
Bagas Koro,good,5,3.76.0,2023-05-12 12:58:43,Thank you for leaving a good comment to us. Let us know if you have any suggestion for improvement through https://www.traveloka.com/contactus . Stay around for more interesting offers from Traveloka Lifestyle Super App!,2023-05-12 13:12:12,3.76.0
Yones Eko Saputro,membantu banget,5,3.76.0,2023-05-12 12:55:50,"Halo Kak, terima kasih banyak atas ratingnya, semoga Kakak tetap nyaman dan selau setia menjadi pelanggan Traveloka. Yuk Kak pantengin terus Traveloka Lifestyle Super App karna kami selalu berikan promo-promo yg menarik loooh, jangan sampai ketinggalan ya :)",2023-05-12 13:12:14,3.76.0
joni ambarwanto,"terimakasih Traveloka,,tiket pesawat murah praktis pembayaran,,,",5,3.76.0,2023-05-12 12:48:31,"Hi Kak, senang banget nih dapat rating bagus dari Kakak, terima kasih juga atas feedbacknya! Kenyamanan Kakak adalah prioritas Kami, jika ada pertanyaan lainnya jangan sungkan ya untuk infokan pada kami di https://www.traveloka.com/contactus . Jangan sampai ketinggalan penawaran menarik lainnya di Traveloka Lifestye Super Apps.",2023-05-12 13:12:17,3.76.0
wahyo No,respon sangat baik,5,3.76.0,2023-05-12 12:23:17,"Halo Kak, terima kasih banyak atas ratingnya, semoga Kakak tetap nyaman dan selau setia menjadi pelanggan Traveloka. Yuk Kak pantengin terus Traveloka Lifestyle Super App karna kami selalu berikan promo-promo yg menarik loooh, jangan sampai ketinggalan ya :)",2023-05-12 12:42:06,3.76.0
Stella Vania,"Refund saya sampai sekarang belum balik. MENYESAL SAYA PAKAI TRAVELOKA!! PERUSAHAAN BESAR DIMANA MANA ADA, TAPI REFUND AJA SUSAH LAMA.",1,,2023-05-12 10:40:42,"Hai, Kak Stella. Mohon maaf sudah membuat kamu nggak nyaman. Kami bantu cek, untuk permasalahan kamu sedang ditindaklanjuti oleh tim Specialist melalui pesan aplikasi dengan nomor laporan 32xxxx72. Apabila sudah ada update, kami akan segera konfirmasi melalui pesan aplikasi kamu ya. Terima kasih. -RZ",2023-05-12 10:47:38,
Dzaky,good app,5,3.76.0,2023-05-12 10:21:59,"Hi, thank you very much for the positive review! Please feel free to contact us at https://www.traveloka.com/contactus we're more than happy to assist you and Stay tuned for more exciting offers on Traveloka Lifestyle Super App.",2023-05-12 10:42:07,3.76.0
Mazz Rozhy,luarr biasaa,5,3.76.0,2023-05-12 09:37:13,"Halo Kak, terima kasih banyak atas ratingnya, semoga Kakak tetap nyaman dan selau setia menjadi pelanggan Traveloka. Yuk Kak pantengin terus Traveloka Lifestyle Super App karna kami selalu berikan promo-promo yg menarik loooh, jangan sampai ketinggalan ya :)",2023-05-12 09:42:08,3.76.0
Buyunk Nasrullah,ok,5,3.76.0,2023-05-12 09:37:12,"Hi, we are so grateful to get a lot of support from you. Hope you continue to enjoy our offers. If you have any feedback or suggestions, let us know on https://www.traveloka.com/contactus, our customer service would love to serve you in 24 hours. Thank you!",2023-05-12 09:42:10,3.76.0
Robiie Aladawiyah,"TOLONG BUS AM TRANS D TINDAK LANJUTI.SAYA KENA TIPU SAMA ORG AGEN,DI MINTAI UANG ADMIN LAGI 25RB/ORG.SAYA KOMPLEN DGN PETUGAS D PULOGEBANG KATANYA ITU HNYA AKAL""AN ORG AGEN.SAYA MNTA LG UANG NYA,G D KSIH..BIAR ALLAH YG BALAS AMP 7 KTURUNAN HIDUPNYA SUSAH.AAMIIN DAH GTU BIS NYA JELEK BGTTT.KITA HARUSNYA BRGKT JAM 8.BIS NGARET JM STGH 11 BRU DTG.BISNYA JG KOTOR, AC G TERASA, SELIMUT BANTAL G ADA.PGANGAN KURSI PDA RUSAK. DGN HRG 275RB DAH KYA NAIK ANGKOT.JGN PRNH NAIK AM TRANS KLO G,ANDA AKN MNYSAL",1,3.73.0,2023-05-12 09:13:21,"Halo Robiie, mohon maaf banget atas kejadian ini ya. Boleh infokan nomor pesanan kamu melalui tautan ini https://www.traveloka.com/id-id/contactus supaya bisa dibantu lebih lanjut ya Kak. Terima kasih. -OR",2023-05-12 09:16:06,3.73.0
sai'in muimin,ini mau tambah nomor tlp sama email aja susahnya minta ampum,1,3.76.0,2023-05-12 09:01:45,"Hai, Kak Muimin. Mohon maaf atas kendala yang kamu alami. Boleh informasikan detail kesulitan yang kamu maksud melalui https://www.traveloka.com/id-id/contactus ya Kak, agar kami bisa bantu cek lebih lanjut. Terima kasih. -RZ",2023-05-12 09:16:46,3.76.0
Andhis Bandits,ok,5,3.76.0,2023-05-12 07:58:51,"Hi, thank you very much for the positive review! Please feel free to contact us at https://www.traveloka.com/contactus we're more than happy to assist you and Stay tuned for more exciting offers on Traveloka Lifestyle Super App.",2023-05-12 08:12:09,3.76.0
Dhanny Rhidwan,"sangat membantu, terimakasih atas pelayanan nya",5,3.76.0,2023-05-12 07:54:13,"Hi Kak, senang banget nih dapat rating bagus dari Kakak, terima kasih juga atas feedbacknya! Kenyamanan Kakak adalah prioritas Kami, jika ada pertanyaan lainnya jangan sungkan ya untuk infokan pada kami di https://www.traveloka.com/contactus . Jangan sampai ketinggalan penawaran menarik lainnya di Traveloka Lifestye Super Apps.",2023-05-12 08:12:12,3.76.0
azzarqa haikal,"Setelah update aplikasi kerasa makin lemot, mau pakai kuota atau wifi sama saja",3,3.76.0,2023-05-12 07:40:27,"Hai, Azzarqa. Mohon maaf atas ketidaknyamanannya. Apabila kamu melangalami kelambatan pada aplikasi Traveloka, silakan untuk melakukan pembersihan cache pada device yang kamu gunakan. Apabila kendala masih berlanjut, silakan menghubungi kami melalui email di cs@traveloka.com. Terima kasih. -IN",2023-05-12 07:44:53,3.76.0
Arjhun Alfarizi,Mantap,5,3.76.0,2023-05-12 07:13:43,"Halo Kak, terima kasih banyak atas ratingnya, semoga Kakak tetap nyaman dan selau setia menjadi pelanggan Traveloka. Yuk Kak pantengin terus Traveloka Lifestyle Super App karna kami selalu berikan promo-promo yg menarik loooh, jangan sampai ketinggalan ya :)",2023-05-12 07:42:08,3.76.0
lanal kendari,bagus,4,3.76.0,2023-05-12 06:39:02,"Halo Kak, terima kasih banyak atas ratingnya, semoga Kakak tetap nyaman dan selau setia menjadi pelanggan Traveloka. Yuk Kak pantengin terus Traveloka Lifestyle Super App karna kami selalu berikan promo-promo yg menarik loooh, jangan sampai ketinggalan ya :)",2023-05-12 06:42:05,3.76.0
Nova Cilik,ok,5,3.76.0,2023-05-12 06:32:21,"Hi, we are so grateful to get a lot of support from you. Hope you continue to enjoy our offers. If you have any feedback or suggestions, let us know on https://www.traveloka.com/contactus, our customer service would love to serve you in 24 hours. Thank you!",2023-05-12 06:42:08,3.76.0
Pemadam Cilegon,gampang dan mudah di akses nya,4,3.76.0,2023-05-12 06:09:10,"Halo Kak, terima kasih banyak atas ratingnya, semoga Kakak tetap nyaman dan selau setia menjadi pelanggan Traveloka. Yuk Kak pantengin terus Traveloka Lifestyle Super App karna kami selalu berikan promo-promo yg menarik loooh, jangan sampai ketinggalan ya :)",2023-05-12 06:12:07,3.76.0
Bismillahnulife,the world is in your hand,5,3.76.0,2023-05-12 05:44:13,"Hi, we are so grateful to get a lot of support from you. Hope you continue to enjoy our offers. If you have any feedback or suggestions, let us know on https://www.traveloka.com/contactus, our customer service would love to serve you in 24 hours. Thank you!",2023-05-12 06:12:08,3.76.0
Supian Hadi,"P mm g di nyedo mm l1O see a86@8ppory di lj, click. Jl lvhkmPz,rE b UU l",3,3.76.0,2023-05-12 04:43:59,"Hai Supian. Terima kasih atas rating yang kamu berikan. Jika memiliki pertanyaan atau kendala seputar Traveloka, silakan hubungi kami melalui tautan https://www.traveloka.com/id-id/contactus. Terima kasih. -RM",2023-05-12 05:14:47,3.76.0
Sahidin Musa,sangat membantu...,5,3.69.0,2023-05-12 03:37:31,"Halo Kak, terima kasih banyak atas ratingnya, semoga Kakak tetap nyaman dan selau setia menjadi pelanggan Traveloka. Yuk Kak pantengin terus Traveloka Lifestyle Super App karna kami selalu berikan promo-promo yg menarik loooh, jangan sampai ketinggalan ya :)",2023-05-12 03:42:06,3.69.0
Keanu Alkhalifi,Iklan terlalu menggangu,1,3.74.1,2023-05-12 03:29:39,"Hai, Keanu. Mohon maaf ya sudah buat kamu tidak nyaman. Untuk non-aktifkan iklan yang muncul, silakan klik titik 3 di pojok kanan atas pada halaman browser kamu, lalu masuk ke menu ""Setelan"" dan pilih ""Setelan Situs"", dan klik untuk me-nonaktif-kan pop-up dan pengalihan ya. Terima kasih. -VK",2023-05-12 03:44:50,3.74.1
ferdy andrianto,Saya pengguna traveloka dan aktivitas saya banyak menggunakan app ini untuk kegiatan menginap dengan keluarga tp kenapa pay letter saya tidak dibuka dan malah di nonaktipkan,5,,2023-05-12 03:00:07,"Hai Ferdy, mohon maaf jika sudah buat kamu ga nyaman. Untuk dapat kami bantu pengecekan silakan informasikan email dan nomor telepon kamu yang terdaftar pada PayLater melalui https://www.traveloka.com/id-id/contactus ya. Terima kasih. -NA",2023-05-12 03:14:28,
Didin Treesoul,good,5,3.53.0,2023-05-12 02:28:53,"Hi, thank you very much for the positive review! Please feel free to contact us at https://www.traveloka.com/contactus we're more than happy to assist you and Stay tuned for more exciting offers on Traveloka Lifestyle Super App.",2023-05-12 02:42:06,3.53.0
Siti Maimunah RavaHamish,Bagusss sangat terbantu dengan adanya traveloka🥰,5,3.76.0,2023-05-12 01:22:39,"Halo Kak, terima kasih banyak atas ratingnya, semoga Kakak tetap nyaman dan selau setia menjadi pelanggan Traveloka. Yuk Kak pantengin terus Traveloka Lifestyle Super App karna kami selalu berikan promo-promo yg menarik loooh, jangan sampai ketinggalan ya :)",2023-05-12 01:42:07,3.76.0
Puniman La Pou,ok luar biasa Traveloka,5,3.76.0,2023-05-12 01:19:04,"Hi Kak, senang banget nih dapat rating bagus dari Kakak, terima kasih juga atas feedbacknya! Kenyamanan Kakak adalah prioritas Kami, jika ada pertanyaan lainnya jangan sungkan ya untuk infokan pada kami di https://www.traveloka.com/contactus . Jangan sampai ketinggalan penawaran menarik lainnya di Traveloka Lifestye Super Apps.",2023-05-12 01:42:10,3.76.0
Amri Zuhamri,mantap traveloka,5,3.76.0,2023-05-12 01:15:44,"Hi Kak, terima kasih atas feedbacknya, semoga Kakak tetap setia dengan Traveloka. Jika ada pertanyaan lain bisa langsung infokan pada kami di https://www.traveloka.com/contactus ya, Kak. Pantau terus Traveloka Lifestyle Super App untuk penawaran spesial lainnya!",2023-05-12 01:42:12,3.76.0
Quenyan Warrior,"jengkel aja, soalnya mau login akun lain susah, traveloka memaksa login akun yg sama sekali klik, pdahal aku mau login akun lain, sampai coba uninstall berkali2 menghabiskan waktu berjam2. baru sadar waktu mencoba login tanpa menghadap kamera.",1,3.76.0,2023-05-12 00:55:13,Terima kasih telah menggunakan aplikasi Traveloka. Kami akan menjadikan ini sebagai masukan untuk pengembangan produk kami selanjutnya. Traveloka terus berusaha melengkapi dan meningkatkan layanan kami untuk pelanggan setia seperti Anda. Terima kasih telah meluangkan waktu Anda untuk memberikan masukan kepada Traveloka.,2019-07-02 08:23:33,3.76.0
akbar suhardana,Traveloka gk oke lagi skarang. Jaringan lemot dikit aja gk bisa proses. Disuruh coba lagi. Kabur daahhh,1,3.76.0,2023-05-12 00:23:40,"Hai, Akbar. Mohon maaf atas ketidaknyamanannya. Dipastikan untuk kenyamanan pengguna Traveloka, kami akan perbaiki dan tingkatkan performa Traveloka. Pastikan jaringan internet kamu dalam kondisi stabil saat ingin akses aplikasi ataupun website Traveloka ya. Terima kasih 🙏 -WR",2023-05-12 00:45:15,3.76.0
Lehan Bae,cepat,5,3.76.0,2023-05-11 23:58:51,"Halo Kak, terima kasih banyak atas ratingnya, semoga Kakak tetap nyaman dan selau setia menjadi pelanggan Traveloka. Yuk Kak pantengin terus Traveloka Lifestyle Super App karna kami selalu berikan promo-promo yg menarik loooh, jangan sampai ketinggalan ya :)",2023-05-12 00:12:11,3.76.0
Ita E,sangat terbantu dng traveloka,5,3.76.0,2023-05-11 23:54:48,"Hi Kak, senang banget nih dapat rating bagus dari Kakak, terima kasih juga atas feedbacknya! Kenyamanan Kakak adalah prioritas Kami, jika ada pertanyaan lainnya jangan sungkan ya untuk infokan pada kami di https://www.traveloka.com/contactus . Jangan sampai ketinggalan penawaran menarik lainnya di Traveloka Lifestye Super Apps.",2023-05-12 00:12:14,3.76.0
dika rangadi,"cara praktis untuk cari hotel,",5,3.76.0,2023-05-11 23:31:26,"Halo Kak, terima kasih banyak atas ratingnya, semoga Kakak tetap nyaman dan selau setia menjadi pelanggan Traveloka. Yuk Kak pantengin terus Traveloka Lifestyle Super App karna kami selalu berikan promo-promo yg menarik loooh, jangan sampai ketinggalan ya :)",2023-05-11 23:42:07,3.76.0
indah cia,"sekarang agak ribet jika pesan² di sini, lebih enak yang dulu",3,3.76.0,2023-05-11 22:44:39,"Hai Indah, mohon maaf atas ketidaknyamanan yang kamu alami, Kakak bisa informasikan detail kendala pemesanan kamu melalui email kami di cs@traveloka.com dengan melampirkan bukti screenshot kendala pada pemesanan kamu ya. Terima kasih. -AK",2023-05-11 23:13:35,3.76.0
Nofiana Mila,"sangat membatu,thnks you traveloka",5,3.76.0,2023-05-11 22:36:24,"Halo Kak, terima kasih banyak atas ratingnya, semoga Kakak tetap nyaman dan selau setia menjadi pelanggan Traveloka. Yuk Kak pantengin terus Traveloka Lifestyle Super App karna kami selalu berikan promo-promo yg menarik loooh, jangan sampai ketinggalan ya :)",2023-05-11 22:42:06,3.76.0
Febrian Ade Saputra,Agak lumayan,3,3.76.0,2023-05-11 21:57:21,"Hai Febrian. Terima kasih banyak atas ratingnya, semoga kamu tetap nyaman dan selalu setia menjadi pelanggan Traveloka. Yuk Kak pantengin terus Traveloka Lifestyle Super App karna kami selalu berikan promo-promo yang menarik. Jangan sampai ketinggalan ya. :) -FR",2023-05-11 22:14:22,3.76.0
syamsir ghodek,terpercaya dan amanah,5,3.76.0,2023-05-11 19:39:12,"Halo Kak, terima kasih banyak atas ratingnya, semoga Kakak tetap nyaman dan selau setia menjadi pelanggan Traveloka. Yuk Kak pantengin terus Traveloka Lifestyle Super App karna kami selalu berikan promo-promo yg menarik loooh, jangan sampai ketinggalan ya :)",2023-05-11 19:42:07,3.76.0
Zuner Nazul,Mantap,5,3.36.1,2023-05-11 17:46:56,"Halo Kak, terima kasih banyak atas ratingnya, semoga Kakak tetap nyaman dan selau setia menjadi pelanggan Traveloka. Yuk Kak pantengin terus Traveloka Lifestyle Super App karna kami selalu berikan promo-promo yg menarik loooh, jangan sampai ketinggalan ya :)",2023-05-11 18:12:12,3.36.1
jimmyWT mdo,luar biasa..sangat membantu..terima kasih,5,3.76.0,2023-05-11 15:59:04,"Halo Kak, terima kasih banyak atas ratingnya, semoga Kakak tetap nyaman dan selau setia menjadi pelanggan Traveloka. Yuk Kak pantengin terus Traveloka Lifestyle Super App karna kami selalu berikan promo-promo yg menarik loooh, jangan sampai ketinggalan ya :)",2023-05-11 16:12:23,3.76.0
Erick Santoso,lumayan,3,3.76.0,2023-05-11 15:44:58,"Hai Kak Erick. Terima kasih atas reviewnya. Jika memiliki kendala saat melakukan pemesanan, kamu bisa hubungi customer service kami melalui pesan di aplikasi Traveloka kamu atau melalui email di cs@traveloka.com, untuk dibantu lebih lanjut. Ditunggu bintang 5 nya. Terima kasih. -FR",2023-05-11 16:14:06,3.76.0
Giovanny,Tampilan desainnya bikin pusing kayak web dinas²,3,3.76.0,2023-05-11 15:27:14,Hai Kak Giovanny. Mohon maaf atas ketidaknyamanan yang kamu alami. Tentunya hal ini menjadi perhatian khusus bagi kami dan tim internal untuk melakukan evaluasi kembali agar tetap bisa memberikan pelayanan prima kepada pelanggan setia Traveloka. Terima kasih atas masukannya. -FR,2023-05-11 15:47:00,3.76.0
Rizki Handayani,"mantap banget,, semua urusan bisa jdi mudah..",5,3.55.1,2023-05-11 14:55:13,"Halo Kak, terima kasih banyak atas ratingnya, semoga Kakak tetap nyaman dan selau setia menjadi pelanggan Traveloka. Yuk Kak pantengin terus Traveloka Lifestyle Super App karna kami selalu berikan promo-promo yg menarik loooh, jangan sampai ketinggalan ya :)",2023-05-11 15:12:06,3.55.1
setyaningrum rini,good aplikasi,5,,2023-05-11 14:14:09,"Hi Kak, senang banget nih dapat rating bagus dari Kakak, terima kasih juga atas feedbacknya! Kenyamanan Kakak adalah prioritas Kami, jika ada pertanyaan lainnya jangan sungkan ya untuk infokan pada kami di https://www.traveloka.com/contactus . Jangan sampai ketinggalan penawaran menarik lainnya di Traveloka Lifestye Super Apps.",2023-05-11 14:42:09,
Ricca Mahatma Putri,Perlu sinkronisasi data dengan KTP sehingga meminimalisir kesalahan penulisan nama,1,3.76.0,2023-05-11 13:46:31,"Hai, Ricca. Terima kasih atas sarannya. Tentunya saran kamu menjadi perhatian dan fokus utama dari pihak manajemen Traveloka, untuk kedepannya kami akan terus meningkatkan dalam memberikan pelayanan yang maksimal dan prima kepada pelanggan-pelanggan setia Traveloka. Terima kasih.-TK",2023-05-11 14:18:53,3.76.0
Asri Syara,Good,3,,2023-05-11 13:40:17,"Hi, Asri. So happy to get three stars from you, thank you for the appreciation. We look forward for your next order. -CA",2023-05-11 13:43:18,
ega sulisya,"Saya sangat kecewa terhadap aplikasi ini.. dikarenalkan proses refound lama dan dipersulit, sudah 1 minggu sejak pengajuan refound saya tidak di bayarkan sampai sekarang Saya sangat tidak merekomendasikan aplikasi ini Dan kejadian ini mudah²an tidak terulang kembali ke orang lain... tdk semua orang ekonominya baik dan stabill!!!!!!",1,3.76.0,2023-05-11 13:27:38,"Hai, Kak Ega. Mohon maaf atas ketidaknyamanannya. Jika saat ini yang kamu maksud terkait refund pada nomor pesanan 102XXXX311, saat ini laporan kamu sudah kami terima. Mohon menunggu info selanjutnya via pesan di aplikasi Traveloka kamu. Terima kasih. -SM",2023-05-11 13:47:58,3.76.0
Dedy Hermansyah,bagus,4,3.76.0,2023-05-11 13:12:05,"Halo Kak, terima kasih banyak atas ratingnya, semoga Kakak tetap nyaman dan selau setia menjadi pelanggan Traveloka. Yuk Kak pantengin terus Traveloka Lifestyle Super App karna kami selalu berikan promo-promo yg menarik loooh, jangan sampai ketinggalan ya :)",2023-05-11 13:42:09,3.76.0
fabili official,nice,5,3.76.0,2023-05-11 12:55:40,"Hi, thank you very much for the positive review! Please feel free to contact us at https://www.traveloka.com/contactus we're more than happy to assist you and Stay tuned for more exciting offers on Traveloka Lifestyle Super App.",2023-05-11 13:12:07,3.76.0
Lis Taurina,sangat mantap,5,3.66.0,2023-05-11 12:45:37,"Hi Kak, senang banget nih dapat rating bagus dari Kakak, terima kasih juga atas feedbacknya! Kenyamanan Kakak adalah prioritas Kami, jika ada pertanyaan lainnya jangan sungkan ya untuk infokan pada kami di https://www.traveloka.com/contactus . Jangan sampai ketinggalan penawaran menarik lainnya di Traveloka Lifestye Super Apps.",2023-05-11 13:12:10,3.66.0
Azhar panglima Panglima,Baik baik saja,4,,2023-05-11 12:43:52,"Hi Kak, terima kasih atas feedbacknya, semoga Kakak tetap setia dengan Traveloka. Jika ada pertanyaan lain bisa langsung infokan pada kami di https://www.traveloka.com/contactus ya, Kak. Pantau terus Traveloka Lifestyle Super App untuk penawaran spesial lainnya!",2023-05-11 13:12:12,
Hadicahyo Utomo,Banyak manfaat tingkatkan kualitas terus,5,3.76.0,2023-05-11 10:54:11,"Halo Kak, terima kasih banyak atas ratingnya, semoga Kakak tetap nyaman dan selau setia menjadi pelanggan Traveloka. Yuk Kak pantengin terus Traveloka Lifestyle Super App karna kami selalu berikan promo-promo yg menarik loooh, jangan sampai ketinggalan ya :)",2023-05-11 11:12:09,3.76.0
Widjanarko _aja,Saat dibutuh ready dan discount. Thank you.,5,3.57.0,2023-05-11 10:43:22,"Hi Kak, senang banget nih dapat rating bagus dari Kakak, terima kasih juga atas feedbacknya! Kenyamanan Kakak adalah prioritas Kami, jika ada pertanyaan lainnya jangan sungkan ya untuk infokan pada kami di https://www.traveloka.com/contactus . Jangan sampai ketinggalan penawaran menarik lainnya di Traveloka Lifestye Super Apps.",2023-05-11 11:12:12,3.57.0
indah purnamasari,memudahkan utk pemesanan perjalanan dan penginapan selama liburan,5,3.76.0,2023-05-11 10:32:42,"Halo Kak, terima kasih banyak atas ratingnya, semoga Kakak tetap nyaman dan selau setia menjadi pelanggan Traveloka. Yuk Kak pantengin terus Traveloka Lifestyle Super App karna kami selalu berikan promo-promo yg menarik loooh, jangan sampai ketinggalan ya :)",2023-05-11 10:42:06,3.76.0
RICHI CHANNEL,"Ujaran kebencian gue unistall dan data sudah komplit malah ditalok, jgn sampai disalah gunakan",1,3.76.0,2023-05-11 10:05:26,"Hai, Richi. Mohon maaf atas pengalaman yang kamu alami. Pada dasarnya verifikasi PayLater sepenuhnya mengikuti ketentuan tim analis tim PayLater ya. Untuk lakukan pengecekan lebih lanjut, silakan menghubungi kami melalui https://www.traveloka.com/contactus. Terima kasih.-TK",2023-05-11 10:14:28,3.76.0
Yudha Asa,aplikasi yg sangat baik hati,5,3.76.0,2023-05-11 09:54:31,"Halo Kak, terima kasih banyak atas ratingnya, semoga Kakak tetap nyaman dan selau setia menjadi pelanggan Traveloka. Yuk Kak pantengin terus Traveloka Lifestyle Super App karna kami selalu berikan promo-promo yg menarik loooh, jangan sampai ketinggalan ya :)",2023-05-11 10:12:07,3.76.0
HADIE WIJAYA,good,5,3.76.0,2023-05-11 09:33:49,"Hi, thank you very much for the positive review! Please feel free to contact us at https://www.traveloka.com/contactus we're more than happy to assist you and Stay tuned for more exciting offers on Traveloka Lifestyle Super App.",2023-05-11 09:42:15,3.76.0
Tina Doank,Pengajuan playter saya di tolak Mohon untuk menghapus data saya. Jangan salah guna kan data saya. Terima kasih,1,3.76.0,2023-05-11 09:24:59,Hai Kak Tina. Mohon maaf atas ketidaknyamanannya. Pada dasarnya untuk pengajuan PayLater akan bergantung dari tim analisis mimin. Mohon untuk sampaikan keluhan kamu secara detail melalui ke akun IG PayLater Traveloka https://www.instagram.com/travelokapaylater/ Supaya kami dapat membantu permasalahan kamu. Terima kasih. -DA,2023-05-11 09:46:33,3.76.0
Heni Artha,"Tolong di perbaiki lagi sistem trveloka limit dari 1,5 jt jadi turun 500,trus kemarin saya pake limitnya 166.233 kenapa masih di email ada tagihan padahal saya sudah bayar lunas bulan ini, mon maaf saya gk bakalan bayar lagi enak aja saya harus bayar doble",1,3.51.1,2023-05-11 08:38:52,"Hai Heni. Maaf ya atas ketidaknyamanannya. Terkait penurunan limit sudah merupakan hasil analisis kredit kami. Disarankan, gunakan limit PayLater kamu secara bijak dan hindari keterlambatan pembayaran. Jika kamu butuh bantuan bisa hubungi langsung ke akun IG PayLater Traveloka https://www.instagram.com/travelokapaylater/ ya. Makasih. -CA",2023-05-11 08:47:36,3.51.1
Endangku Zikrie,efisien,5,3.76.0,2023-05-11 08:30:38,"Halo Kak, terima kasih banyak atas ratingnya, semoga Kakak tetap nyaman dan selau setia menjadi pelanggan Traveloka. Yuk Kak pantengin terus Traveloka Lifestyle Super App karna kami selalu berikan promo-promo yg menarik loooh, jangan sampai ketinggalan ya :)",2023-05-11 08:42:07,3.76.0
Joan Lololuan,sangat baik pelayanannya,5,3.76.0,2023-05-11 08:25:52,"Hi Kak, senang banget nih dapat rating bagus dari Kakak, terima kasih juga atas feedbacknya! Kenyamanan Kakak adalah prioritas Kami, jika ada pertanyaan lainnya jangan sungkan ya untuk infokan pada kami di https://www.traveloka.com/contactus . Jangan sampai ketinggalan penawaran menarik lainnya di Traveloka Lifestye Super Apps.",2023-05-11 08:42:10,3.76.0
Luqman Hakim,good job,3,3.76.0,2023-05-11 08:16:47,"Hi, Luqman. Thank you for your feedback. If you have any questions, don't hesitate to contact us. And please contact us by tapping the chat icon at the top right of your Traveloka application main page, via email at cs@traveloka.com or at phone number 08041500308. Thank you. -IN",2023-05-11 08:48:16,3.76.0
Ruslan Hamid,good system,4,3.76.0,2023-05-11 08:11:31,"Hi, thank you very much for the positive review! Please feel free to contact us at https://www.traveloka.com/contactus we're more than happy to assist you and Stay tuned for more exciting offers on Traveloka Lifestyle Super App.",2023-05-11 08:12:06,3.76.0
Achi Maulani Putri,baguss,5,3.76.0,2023-05-11 08:09:23,"Hi Kak, senang banget nih dapat rating bagus dari Kakak, terima kasih juga atas feedbacknya! Kenyamanan Kakak adalah prioritas Kami, jika ada pertanyaan lainnya jangan sungkan ya untuk infokan pada kami di https://www.traveloka.com/contactus . Jangan sampai ketinggalan penawaran menarik lainnya di Traveloka Lifestye Super Apps.",2023-05-11 08:12:09,3.76.0
Ikawandaaa Aa,good,5,3.76.0,2023-05-11 07:55:44,"Hi, thank you very much for the positive review! Please feel free to contact us at https://www.traveloka.com/contactus we're more than happy to assist you and Stay tuned for more exciting offers on Traveloka Lifestyle Super App.",2023-05-11 08:12:16,3.76.0
Ramadhan Siregar,mantaps,5,3.55.1,2023-05-11 07:50:25,Hai Ramadhan. Makasih buat rating yang kamu berikan ya! Mimin tunggu pesanan kamu selanjutnya di Traveloka :) -RM,2023-05-11 08:14:14,3.55.1
Fatmahadi Kumala,good,5,3.54.2,2023-05-11 07:30:36,"Hi, we are so grateful to get a lot of support from you. Hope you continue to enjoy our offers. If you have any feedback or suggestions, let us know on https://www.traveloka.com/contactus, our customer service would love to serve you in 24 hours. Thank you!",2023-05-11 07:42:08,3.54.2
Abil Maulana,memuaskan,5,3.76.0,2023-05-11 07:22:14,"Hi Kak, terima kasih atas feedbacknya, semoga Kakak tetap setia dengan Traveloka. Jika ada pertanyaan lain bisa langsung infokan pada kami di https://www.traveloka.com/contactus ya, Kak. Pantau terus Traveloka Lifestyle Super App untuk penawaran spesial lainnya!",2023-05-11 07:42:10,3.76.0
Albertus Mardius,Sangat baik,5,3.76.0,2023-05-11 06:51:20,"Hi Kak, senang banget nih dapat rating bagus dari Kakak, terima kasih juga atas feedbacknya! Kenyamanan Kakak adalah prioritas Kami, jika ada pertanyaan lainnya jangan sungkan ya untuk infokan pada kami di https://www.traveloka.com/contactus . Jangan sampai ketinggalan penawaran menarik lainnya di Traveloka Lifestye Super Apps.",2023-05-11 07:12:11,3.76.0
Hotel TRIPLE S,Mudah aplikasinya mudah peng operasionalnya,5,3.76.0,2023-05-11 06:40:13,"Halo Kak, terima kasih banyak atas ratingnya, semoga Kakak tetap nyaman dan selau setia menjadi pelanggan Traveloka. Yuk Kak pantengin terus Traveloka Lifestyle Super App karna kami selalu berikan promo-promo yg menarik loooh, jangan sampai ketinggalan ya :)",2023-05-11 06:42:06,3.76.0
Ipit Dayati,memuaskan,5,3.76.0,2023-05-11 05:27:48,"Halo Kak, terima kasih banyak atas ratingnya, semoga Kakak tetap nyaman dan selau setia menjadi pelanggan Traveloka. Yuk Kak pantengin terus Traveloka Lifestyle Super App karna kami selalu berikan promo-promo yg menarik loooh, jangan sampai ketinggalan ya :)",2023-05-11 05:42:07,3.76.0
Herry Fakhrudin,Terima kasih 🙏,1,3.67.0,2023-05-11 04:18:57,"Makasih buat review kamu Herry. Jika butuh bantuan, kamu bisa menghubungi kami melalui https://www.traveloka.com/id-id/contactus :) -MZ",2023-05-11 04:44:40,3.67.0
P2M Jems,sangat puas dengan aplikasi ini,5,3.76.0,2023-05-11 03:34:34,"Halo Kak, terima kasih banyak atas ratingnya, semoga Kakak tetap nyaman dan selau setia menjadi pelanggan Traveloka. Yuk Kak pantengin terus Traveloka Lifestyle Super App karna kami selalu berikan promo-promo yg menarik loooh, jangan sampai ketinggalan ya :)",2023-05-11 03:42:09,3.76.0
Nurwika Lestari,sangat bermanfaat,5,3.76.0,2023-05-11 03:31:44,"Hi Kak, senang banget nih dapat rating bagus dari Kakak, terima kasih juga atas feedbacknya! Kenyamanan Kakak adalah prioritas Kami, jika ada pertanyaan lainnya jangan sungkan ya untuk infokan pada kami di https://www.traveloka.com/contactus . Jangan sampai ketinggalan penawaran menarik lainnya di Traveloka Lifestye Super Apps.",2023-05-11 03:42:11,3.76.0
Fusri Yanto,sangat membantu transaksi penerbangan,5,3.76.0,2023-05-11 03:16:27,"Hi Kak, terima kasih atas feedbacknya, semoga Kakak tetap setia dengan Traveloka. Jika ada pertanyaan lain bisa langsung infokan pada kami di https://www.traveloka.com/contactus ya, Kak. Pantau terus Traveloka Lifestyle Super App untuk penawaran spesial lainnya!",2023-05-11 03:42:15,3.76.0
Whidya Arisyi,"Traveloka itu aneh ya yg lebih bnyk kegunaan virtual account bayar tepat waktu virtual nya tau"" Gabisa, trs paylater gak dipake buta hotel 2 bulan aja limit turun pdhl byr selalu tepat waktu min gak smua org itu bisa liburan tiap bulan tolong diperbaikin sistemnya bayar ontime selalu tapi tiba"" Turun level gegara gak pake hotel /tiket"" Lainnya",5,3.76.0,2023-05-11 02:36:00,"Hai Kak. Maaf ya atas kendala yang dialami. Agar dapat kami bantu pengecekan lebih lanjut, silakan dapat hubungi kami di https://www.traveloka.com/id-id/contactus atau akun Instagram PayLater Traveloka https://www.instagram.com/travelokapaylater/ ya. Makasih. -CA",2023-03-12 15:33:32,3.76.0
Nurazalia Teapon,cukup bagus sangat membantu sekali,5,3.76.0,2023-05-11 02:15:18,"Halo Kak, terima kasih banyak atas ratingnya, semoga Kakak tetap nyaman dan selau setia menjadi pelanggan Traveloka. Yuk Kak pantengin terus Traveloka Lifestyle Super App karna kami selalu berikan promo-promo yg menarik loooh, jangan sampai ketinggalan ya :)",2023-05-11 02:42:09,3.76.0
budhi santoso,mudah cepat aman,5,,2023-05-11 01:21:52,"Halo Kak, terima kasih banyak atas ratingnya, semoga Kakak tetap nyaman dan selau setia menjadi pelanggan Traveloka. Yuk Kak pantengin terus Traveloka Lifestyle Super App karna kami selalu berikan promo-promo yg menarik loooh, jangan sampai ketinggalan ya :)",2023-05-11 01:42:07,
Surabaya2 ABM,"Bgs, tp terlalu sering muncul iklan di hp jd sebel",4,,2023-05-11 00:44:48,"Hai, Kak. Mohon maaf atas ketidaknyamanannya ya. Dipastikan untuk kenyamanan pengguna Traveloka, kami akan perbaiki dan tingkatkan performa Traveloka. Kalau kamu memiliki kendala atau pertanyaan lain seputar Traveloka, silakan hubungi kami melalui tautan ini https://www.traveloka.com/id-id/contactus. Terima kasih. -WR",2023-05-11 01:13:27,
Eko Bambang s,ckup cpat untk penyelesaian pembelian,3,3.76.0,2023-05-11 00:41:04,"Hai Eko, terima kasih sudah menggunakan Traveloka dan rating yang kamu berikan. Jika ada pertanyaan atau kendala yang bisa kami bantu, silakan hubungi kami melalui https://www.traveloka.com/id-id/contactus ya. Terima kasih. -NA",2023-05-11 00:42:54,3.76.0
Yudi Kettek,memudahkan,5,3.76.0,2023-05-11 00:08:47,"Halo Kak, terima kasih banyak atas ratingnya, semoga Kakak tetap nyaman dan selau setia menjadi pelanggan Traveloka. Yuk Kak pantengin terus Traveloka Lifestyle Super App karna kami selalu berikan promo-promo yg menarik loooh, jangan sampai ketinggalan ya :)",2023-05-11 00:12:06,3.76.0
Muhammad Arsyad Ponsel,mantap!,5,3.76.0,2023-05-11 00:08:11,"Hi Kak, senang banget nih dapat rating bagus dari Kakak, terima kasih juga atas feedbacknya! Kenyamanan Kakak adalah prioritas Kami, jika ada pertanyaan lainnya jangan sungkan ya untuk infokan pada kami di https://www.traveloka.com/contactus . Jangan sampai ketinggalan penawaran menarik lainnya di Traveloka Lifestye Super Apps.",2023-05-11 00:12:09,3.76.0
Wulan Dari,sangat baik,5,,2023-05-10 23:41:07,"Halo Kak, terima kasih banyak atas ratingnya, semoga Kakak tetap nyaman dan selau setia menjadi pelanggan Traveloka. Yuk Kak pantengin terus Traveloka Lifestyle Super App karna kami selalu berikan promo-promo yg menarik loooh, jangan sampai ketinggalan ya :)",2023-05-10 23:42:08,
Mas Danang Yowandhikamurti,awesome,5,3.76.0,2023-05-10 23:21:05,"Hi, we are so grateful to get a lot of support from you. Hope you continue to enjoy our offers. If you have any feedback or suggestions, let us know on https://www.traveloka.com/contactus, our customer service would love to serve you in 24 hours. Thank you!",2023-05-10 23:42:11,3.76.0
suyanto permata01,bagus,4,3.76.0,2023-05-10 22:45:51,"Halo Kak, terima kasih banyak atas ratingnya, semoga Kakak tetap nyaman dan selau setia menjadi pelanggan Traveloka. Yuk Kak pantengin terus Traveloka Lifestyle Super App karna kami selalu berikan promo-promo yg menarik loooh, jangan sampai ketinggalan ya :)",2023-05-10 23:12:07,3.76.0
Ok Vina,traveloka membuat hidup lebih berwarna dan memudahkan semua kebutuhan kita...,5,3.76.0,2023-05-10 22:44:40,"Hi Kak, senang banget nih dapat rating bagus dari Kakak, terima kasih juga atas feedbacknya! Kenyamanan Kakak adalah prioritas Kami, jika ada pertanyaan lainnya jangan sungkan ya untuk infokan pada kami di https://www.traveloka.com/contactus . Jangan sampai ketinggalan penawaran menarik lainnya di Traveloka Lifestye Super Apps.",2023-05-10 23:12:10,3.76.0
Bunda Rayyan,"Tolong ya traveloka, kl ga niat nawarin paylater jgn stlh kirim data, ternyata ditolak..tolong smua data saya dihapus",1,3.76.0,2023-05-10 20:08:17,Hai Kak. Mohon maaf atas ketidaknyamanannya. Pada dasarnya kamu juga bisa menghubungi Tim PayLater Spesialis kami melalui instagram DM ke https://www.instagram.com/travelokapaylater/ atau melalui telepon di nomor 021-2910-3319 ya. Terima kasih. -NT,2023-05-10 20:17:30,3.76.0
Samsun Nuriadin,simpel & mudah dipahami,5,3.76.0,2023-05-10 16:31:57,"Halo Kak, terima kasih banyak atas ratingnya, semoga Kakak tetap nyaman dan selau setia menjadi pelanggan Traveloka. Yuk Kak pantengin terus Traveloka Lifestyle Super App karna kami selalu berikan promo-promo yg menarik loooh, jangan sampai ketinggalan ya :)",2023-05-10 16:42:06,3.76.0
Supriono Aqila,👍👍👍,5,3.76.0,2023-05-10 16:20:08,Makasih ya Kak Supriono sudah setia bersama Traveloka :)) -DZ,2023-05-10 16:51:43,3.76.0
Fitri,mantap,5,3.76.0,2023-05-10 16:19:34,"Hi Kak, senang banget nih dapat rating bagus dari Kakak, terima kasih juga atas feedbacknya! Kenyamanan Kakak adalah prioritas Kami, jika ada pertanyaan lainnya jangan sungkan ya untuk infokan pada kami di https://www.traveloka.com/contactus . Jangan sampai ketinggalan penawaran menarik lainnya di Traveloka Lifestye Super Apps.",2023-05-10 16:42:10,3.76.0
Kris Kris,kebijakan refund kurang baik,1,3.76.0,2023-05-10 15:59:18,"Hai Kak Kris, kalau ada kebijakan refund yang terkendala, silakan konfirmasikan ke mimin pada https://www.traveloka.com/id-id/contactus supaya bisa dibantu. Terima kasih -DZ",2023-05-10 16:17:09,3.76.0
Sukoco,oke,3,3.76.0,2023-05-10 15:37:50,Makasih ya Kak Sukoco sudah setia bersama Traveloka :)) -DZ,2023-05-10 15:44:27,3.76.0
Casudi Vebriyanto,sangat memuaskan,5,3.76.0,2023-05-10 14:50:41,"Halo Kak, terima kasih banyak atas ratingnya, semoga Kakak tetap nyaman dan selau setia menjadi pelanggan Traveloka. Yuk Kak pantengin terus Traveloka Lifestyle Super App karna kami selalu berikan promo-promo yg menarik loooh, jangan sampai ketinggalan ya :)",2023-05-10 15:12:07,3.76.0
susi darmawan,traveloka paling oke dan sangat membantu,5,3.76.0,2023-05-10 14:36:32,"Halo Kak, terima kasih banyak atas ratingnya, semoga Kakak tetap nyaman dan selau setia menjadi pelanggan Traveloka. Yuk Kak pantengin terus Traveloka Lifestyle Super App karna kami selalu berikan promo-promo yg menarik loooh, jangan sampai ketinggalan ya :)",2023-05-10 14:42:06,3.76.0
Zee Lulu,"Alhamdulillah bagus terus😘, smoga bnyk lagi diskonnya, terutama bagi customer yg mungkin sdh bertahan memakai aplikasi ini brp tahun..🙏🏻",4,3.76.0,2023-05-10 14:21:46,"Hi Kak, senang banget nih dapat rating bagus dari Kakak, terima kasih juga atas feedbacknya! Kenyamanan Kakak adalah prioritas Kami, jika ada pertanyaan lainnya jangan sungkan ya untuk infokan pada kami di https://www.traveloka.com/contactus . Jangan sampai ketinggalan penawaran menarik lainnya di Traveloka Lifestye Super Apps.",2023-05-10 14:42:08,3.76.0
Maulana Saputra,"pilihan pembayarannya sangat sedikit.. mgkn bsa dtmbhkn ovo,gopay,kredivo,dll",2,3.76.0,2023-05-10 14:19:47,"Terima kasih untuk saran dan masukannya ya Kak, nantinya akan kami bantu sampaikan kepada tim internal kami perihal tersebut. Sekali lagi terima kasih untuk saran kamu ya. -AK",2023-05-10 14:45:56,3.76.0
Andi kumara,exelent,5,3.76.0,2023-05-10 14:05:39,"Hi, thank you very much for the positive review! Please feel free to contact us at https://www.traveloka.com/contactus we're more than happy to assist you and Stay tuned for more exciting offers on Traveloka Lifestyle Super App.",2023-05-10 14:12:15,3.76.0
Jeandry T,cukup baik.,3,3.76.0,2023-05-10 13:38:10,"Halo, Jeandry. Terima kasih atas rating dan feedback yang kamu berikan, jangan sungkan untuk hubungi kami ya jika mempunyai pertanyaan. Kakak bisa hubungi kami melalui https://www.traveloka.com/id-id/contactus. Terima kasih. -PA",2023-05-10 13:45:24,3.76.0
Mancing Santuy,"Refund ya lama, kesalahan dari maskapai pelanggan yang sangat dirugikan",1,3.76.0,2023-05-10 13:37:19,Hai Kak. Mohon maaf atas ketidaknyamanannya. Pada dasarnya untuk proses pengembalian dana sepenuhnya akan mengikuti kebijakan dari pihak maskapai Kak. Supaya kami dapat membantu permasalahan kamu. Mohon untuk sampaikan keluhan kamu secara detail melalui https://www.traveloka.com/id-id/contactus. Terima kasih. -DA,2023-05-10 13:44:42,3.76.0
rudiridi ridi,"mantabz, layanan cepat",5,3.76.0,2023-05-10 13:33:42,"Halo Kak, terima kasih banyak atas ratingnya, semoga Kakak tetap nyaman dan selau setia menjadi pelanggan Traveloka. Yuk Kak pantengin terus Traveloka Lifestyle Super App karna kami selalu berikan promo-promo yg menarik loooh, jangan sampai ketinggalan ya :)",2023-05-10 13:42:16,3.76.0
Safrudin Udien,"traveloka the best, sangat membantu 👍👍👍👍👍",5,3.76.0,2023-05-10 13:24:38,"Hi Kak, senang banget nih dapat rating bagus dari Kakak, terima kasih juga atas feedbacknya! Kenyamanan Kakak adalah prioritas Kami, jika ada pertanyaan lainnya jangan sungkan ya untuk infokan pada kami di https://www.traveloka.com/contactus . Jangan sampai ketinggalan penawaran menarik lainnya di Traveloka Lifestye Super Apps.",2023-05-10 13:42:18,3.76.0
Robinsar Sitorus,cepat,5,3.76.0,2023-05-10 13:24:29,"Hi Kak, terima kasih atas feedbacknya, semoga Kakak tetap setia dengan Traveloka. Jika ada pertanyaan lain bisa langsung infokan pada kami di https://www.traveloka.com/contactus ya, Kak. Pantau terus Traveloka Lifestyle Super App untuk penawaran spesial lainnya!",2023-05-10 13:42:20,3.76.0
Suyadi Wsd,traveloka keren,5,3.76.0,2023-05-10 13:21:27,"Halo Kak, terima kasih banyak atas ratingnya, semoga Kakak tetap nyaman dan selau setia menjadi pelanggan Traveloka. Yuk Kak pantengin terus Traveloka Lifestyle Super App karna kami selalu berikan promo-promo yg menarik loooh, jangan sampai ketinggalan ya :)",2023-05-10 13:42:22,3.76.0
Amirah sakhi,uo,5,3.76.0,2023-05-10 12:59:08,"Terima kasih ya kak untuk penilaian kamu, jangan lupa selalu pesan menggunakan aplikasi Traveloka untuk menjadi teman liburan kamu dan jangan ragu menghubungi kami melalui alamat email kami di cs@traveloka.com jika mendapati kendala terkait pemesanan kamu ya kak. Terima kasih -AK",2023-05-10 13:13:55,3.76.0
Eddie Irvine,Oke bgt,4,3.76.0,2023-05-10 12:53:48,"Halo Kak, terima kasih banyak atas ratingnya, semoga Kakak tetap nyaman dan selau setia menjadi pelanggan Traveloka. Yuk Kak pantengin terus Traveloka Lifestyle Super App karna kami selalu berikan promo-promo yg menarik loooh, jangan sampai ketinggalan ya :)",2023-05-10 13:12:17,3.76.0
Imam Susilo,ok sip,5,3.76.0,2023-05-10 11:49:04,"Hai, Imam. Terima kasih atas penilaian dan telah menjadikan Traveloka sebagai mitra perjalanan kamu, kami akan terus meningkat kepuasan para pengguna. Jika kamu memiliki pertanyaan lebih lanjut, silakan menghubungi kami melalui https://www.traveloka.com/contactus. Terima kasih.-TK",2023-05-10 12:13:07,3.76.0
Ade Suryadi,Cukup membantu dan mudah,5,3.76.0,2023-05-10 11:48:16,"Halo Kak, terima kasih banyak atas ratingnya, semoga Kakak tetap nyaman dan selau setia menjadi pelanggan Traveloka. Yuk Kak pantengin terus Traveloka Lifestyle Super App karna kami selalu berikan promo-promo yg menarik loooh, jangan sampai ketinggalan ya :)",2023-05-10 12:12:08,3.76.0
Suprapto Pratama,layanan bagus,5,3.76.0,2023-05-10 11:24:00,"Halo Kak, terima kasih banyak atas ratingnya, semoga Kakak tetap nyaman dan selau setia menjadi pelanggan Traveloka. Yuk Kak pantengin terus Traveloka Lifestyle Super App karna kami selalu berikan promo-promo yg menarik loooh, jangan sampai ketinggalan ya :)",2023-05-10 11:42:14,3.76.0
Yusrizal Efendi,Sangat Terbantu Saat Bepergian dengan Keluarga atau Melaksanakan Perjalanan Dinas dengan Pola Talangan Di Awal,5,3.76.0,2023-05-10 10:47:41,"Halo Kak, terima kasih banyak atas ratingnya, semoga Kakak tetap nyaman dan selau setia menjadi pelanggan Traveloka. Yuk Kak pantengin terus Traveloka Lifestyle Super App karna kami selalu berikan promo-promo yg menarik loooh, jangan sampai ketinggalan ya :)",2023-05-10 11:12:12,3.76.0
Neli Sundari,sangat membantu sekali terimakasih traveloka,5,3.76.0,2023-05-10 10:47:37,"Hi Kak, senang banget nih dapat rating bagus dari Kakak, terima kasih juga atas feedbacknya! Kenyamanan Kakak adalah prioritas Kami, jika ada pertanyaan lainnya jangan sungkan ya untuk infokan pada kami di https://www.traveloka.com/contactus . Jangan sampai ketinggalan penawaran menarik lainnya di Traveloka Lifestye Super Apps.",2023-05-10 11:12:15,3.76.0
sule leman,Good apps,5,,2023-05-10 10:43:29,Thank you for leaving a good comment to us. Let us know if you have any suggestion for improvement through https://www.traveloka.com/contactus . Stay around for more interesting offers from Traveloka Lifestyle Super App!,2023-05-10 11:12:18,
Geluduk Halilintar,membantu,5,3.76.0,2023-05-10 10:41:29,"Halo Kak, terima kasih banyak atas ratingnya, semoga Kakak tetap nyaman dan selau setia menjadi pelanggan Traveloka. Yuk Kak pantengin terus Traveloka Lifestyle Super App karna kami selalu berikan promo-promo yg menarik loooh, jangan sampai ketinggalan ya :)",2023-05-10 10:42:16,3.76.0
PAIJO PRASETYO,cepat dan mudah,4,,2023-05-10 09:50:02,"Halo Kak, terima kasih banyak atas ratingnya, semoga Kakak tetap nyaman dan selau setia menjadi pelanggan Traveloka. Yuk Kak pantengin terus Traveloka Lifestyle Super App karna kami selalu berikan promo-promo yg menarik loooh, jangan sampai ketinggalan ya :)",2023-05-10 10:12:07,
Dian ramadhani,sangat membantu dan memudahkan apa saya yang diinginkan,5,3.76.0,2023-05-10 09:36:25,"Halo Kak, terima kasih banyak atas ratingnya, semoga Kakak tetap nyaman dan selau setia menjadi pelanggan Traveloka. Yuk Kak pantengin terus Traveloka Lifestyle Super App karna kami selalu berikan promo-promo yg menarik loooh, jangan sampai ketinggalan ya :)",2023-05-10 09:42:06,3.76.0
Enny Wahyunari,mudah dlm bertransaksi,5,3.76.0,2023-05-10 09:08:59,"Halo Kak, terima kasih banyak atas ratingnya, semoga Kakak tetap nyaman dan selau setia menjadi pelanggan Traveloka. Yuk Kak pantengin terus Traveloka Lifestyle Super App karna kami selalu berikan promo-promo yg menarik loooh, jangan sampai ketinggalan ya :)",2023-05-10 09:12:08,3.76.0
Melihanna Samosir,sangat membantu,5,3.76.0,2023-05-10 07:19:32,"Halo Kak, terima kasih banyak atas ratingnya, semoga Kakak tetap nyaman dan selau setia menjadi pelanggan Traveloka. Yuk Kak pantengin terus Traveloka Lifestyle Super App karna kami selalu berikan promo-promo yg menarik loooh, jangan sampai ketinggalan ya :)",2023-05-10 07:42:08,3.76.0
Kiky Asphalt,sangat membantu,5,3.76.0,2023-05-10 07:13:15,"Hi Kak, senang banget nih dapat rating bagus dari Kakak, terima kasih juga atas feedbacknya! Kenyamanan Kakak adalah prioritas Kami, jika ada pertanyaan lainnya jangan sungkan ya untuk infokan pada kami di https://www.traveloka.com/contactus . Jangan sampai ketinggalan penawaran menarik lainnya di Traveloka Lifestye Super Apps.",2023-05-10 07:42:12,3.76.0
Arif Nugroho,bagus,5,3.75.0,2023-05-10 07:10:46,"Halo Kak, terima kasih banyak atas ratingnya, semoga Kakak tetap nyaman dan selau setia menjadi pelanggan Traveloka. Yuk Kak pantengin terus Traveloka Lifestyle Super App karna kami selalu berikan promo-promo yg menarik loooh, jangan sampai ketinggalan ya :)",2023-05-10 07:12:07,3.75.0
jurnal persada,lanjut,5,,2023-05-10 06:45:18,"Hi Kak, senang banget nih dapat rating bagus dari Kakak, terima kasih juga atas feedbacknya! Kenyamanan Kakak adalah prioritas Kami, jika ada pertanyaan lainnya jangan sungkan ya untuk infokan pada kami di https://www.traveloka.com/contactus . Jangan sampai ketinggalan penawaran menarik lainnya di Traveloka Lifestye Super Apps.",2023-05-10 07:12:09,
Rahma Lintang,sop nya suka ribet.apalagi masalah refund.cancel karena terpasang kita msh pakai traveloka,2,3.76.0,2023-05-10 05:48:48,"Hai, Rahma. Mohon maaf atas ketidaknyamanannya. Kalau kamu memiliki kendala terkait refund pemesanan di Traveloka, mohon hubungi kami melalui tautan ini https://www.traveloka.com/id-id/contactus untuk dibantu cek lebih lanjut ya. Terima kasih 🙏 -WR",2023-05-10 06:14:36,3.76.0
A. Pandu Wijaya,traveloka aplikasinya semakin mantap,5,3.76.0,2023-05-10 05:20:15,"Halo Kak, terima kasih banyak atas ratingnya, semoga Kakak tetap nyaman dan selau setia menjadi pelanggan Traveloka. Yuk Kak pantengin terus Traveloka Lifestyle Super App karna kami selalu berikan promo-promo yg menarik loooh, jangan sampai ketinggalan ya :)",2023-05-10 05:42:08,3.76.0
Agam samudra 88,baik,5,3.76.0,2023-05-10 05:02:06,"Halo Kak, terima kasih banyak atas ratingnya, semoga Kakak tetap nyaman dan selau setia menjadi pelanggan Traveloka. Yuk Kak pantengin terus Traveloka Lifestyle Super App karna kami selalu berikan promo-promo yg menarik loooh, jangan sampai ketinggalan ya :)",2023-05-10 05:12:08,3.76.0
Mercy Makatuuk,sangat membantu sekali,5,3.76.0,2023-05-10 04:43:02,"Hi Kak, senang banget nih dapat rating bagus dari Kakak, terima kasih juga atas feedbacknya! Kenyamanan Kakak adalah prioritas Kami, jika ada pertanyaan lainnya jangan sungkan ya untuk infokan pada kami di https://www.traveloka.com/contactus . Jangan sampai ketinggalan penawaran menarik lainnya di Traveloka Lifestye Super Apps.",2023-05-10 05:12:11,3.76.0
xaqdhe putree rachaa,daftar paylater tp emailnya dibilinag uda terdaftar binging deh jd ga bs daftar,1,3.64.0,2023-05-10 04:18:30,"Hai, Xaqdhe. Kami meminta maaf atas kendala yang kamu alami. Kamu dapat menghubungi kami melalui https://www.traveloka.com/id-id/contactus agar masalahmu bisa diselesaikan secepat mungkin.
Kami akan berikan solusi terbaik agar kamu dapat merasa puas dan layanan kami layak mendapatkan rating yang lebih baik. Terima kasih. -OE",2023-05-10 04:43:14,3.64.0
Sao Nah,Banyak membantu terima,5,3.76.0,2023-05-10 04:05:53,"Halo Kak, terima kasih banyak atas ratingnya, semoga Kakak tetap nyaman dan selau setia menjadi pelanggan Traveloka. Yuk Kak pantengin terus Traveloka Lifestyle Super App karna kami selalu berikan promo-promo yg menarik loooh, jangan sampai ketinggalan ya :)",2023-05-10 04:12:06,3.76.0
Antonius Gunawan,Layanan cepat,3,3.76.0,2023-05-10 03:48:05,"Halo, Antonius. Terima kasih atas penilaiannya. Kalau ada pertanyaan lebih lanjut bisa hubungi kami melalui https://www.traveloka.com/id-id/contactus. Kenyamanan kamu adalah prioritas kami, semoga kedepannya kami bisa dapat bintang 5 dari kamu ya. -OE",2023-05-10 04:16:40,3.76.0
Cantika Cantika,tingkatkan lagi desen aplikasi nya trim 👏,5,3.76.0,2023-05-10 02:58:59,"Halo Kak, terima kasih banyak atas ratingnya, semoga Kakak tetap nyaman dan selau setia menjadi pelanggan Traveloka. Yuk Kak pantengin terus Traveloka Lifestyle Super App karna kami selalu berikan promo-promo yg menarik loooh, jangan sampai ketinggalan ya :)",2023-05-10 03:12:13,3.76.0
Rish Kambey,"Mohon dibantu untuk penghapusan Score BICEKING/SLIP OJK,karena sudah dilunas travelokapay sudah lama tapi masih terditeksi score jelek biceking travelokapay,Sangat kecewa dengan pelayanan travelokapay",1,3.76.0,2023-05-10 02:46:42,"Hai, Rish Kambey. Mohon maaf atas ketidaknyamanannya. Agar kami bisa cek lebih lanjut, mohon infokan nomor telepon, alamat email dan nama lengkap akun PayLater kamu melalui https://www.traveloka.com/id-id/contactus ya. Terima kasih. -SY",2023-05-10 03:18:24,3.76.0
SANDALWOOD WAREHOUSE,traveloka selalu menemaniku disetiap perjalananku,5,3.76.0,2023-05-10 01:44:48,"Hi Kak, senang banget nih dapat rating bagus dari Kakak, terima kasih juga atas feedbacknya! Kenyamanan Kakak adalah prioritas Kami, jika ada pertanyaan lainnya jangan sungkan ya untuk infokan pada kami di https://www.traveloka.com/contactus . Jangan sampai ketinggalan penawaran menarik lainnya di Traveloka Lifestye Super Apps.",2023-05-10 02:12:10,3.76.0
indrawan santoso,mantap,5,3.55.0,2023-05-10 01:39:03,"Halo Kak, terima kasih banyak atas ratingnya, semoga Kakak tetap nyaman dan selau setia menjadi pelanggan Traveloka. Yuk Kak pantengin terus Traveloka Lifestyle Super App karna kami selalu berikan promo-promo yg menarik loooh, jangan sampai ketinggalan ya :)",2023-05-10 01:42:07,3.55.0
Rinto Anugraha,ok sangat membantu,5,3.76.0,2023-05-10 01:29:20,"Hi Kak, senang banget nih dapat rating bagus dari Kakak, terima kasih juga atas feedbacknya! Kenyamanan Kakak adalah prioritas Kami, jika ada pertanyaan lainnya jangan sungkan ya untuk infokan pada kami di https://www.traveloka.com/contactus . Jangan sampai ketinggalan penawaran menarik lainnya di Traveloka Lifestye Super Apps.",2023-05-10 01:42:11,3.76.0
Yuzam,ok,4,3.76.0,2023-05-10 01:19:45,Thank you for leaving a good comment to us. Let us know if you have any suggestion for improvement through https://www.traveloka.com/contactus . Stay around for more interesting offers from Traveloka Lifestyle Super App!,2023-05-10 01:42:14,3.76.0
adons adons,baik,4,3.38.0,2023-05-10 00:26:29,"Hi Kak, senang banget nih dapat rating bagus dari Kakak, terima kasih juga atas feedbacknya! Kenyamanan Kakak adalah prioritas Kami, jika ada pertanyaan lainnya jangan sungkan ya untuk infokan pada kami di https://www.traveloka.com/contactus . Jangan sampai ketinggalan penawaran menarik lainnya di Traveloka Lifestye Super Apps.",2023-05-10 00:42:09,3.38.0
Septi PSU mandiri,sangat baik,5,3.76.0,2023-05-10 00:15:37,"Hi Kak, terima kasih atas feedbacknya, semoga Kakak tetap setia dengan Traveloka. Jika ada pertanyaan lain bisa langsung infokan pada kami di https://www.traveloka.com/contactus ya, Kak. Pantau terus Traveloka Lifestyle Super App untuk penawaran spesial lainnya!",2023-05-10 00:42:12,3.76.0
Ervina Djanah,Selalu menggunakan Traveloka kalau bepergian,5,3.76.0,2023-05-09 23:32:12,"Halo Kak, terima kasih banyak atas ratingnya, semoga Kakak tetap nyaman dan selau setia menjadi pelanggan Traveloka. Yuk Kak pantengin terus Traveloka Lifestyle Super App karna kami selalu berikan promo-promo yg menarik loooh, jangan sampai ketinggalan ya :)",2023-05-09 23:42:06,3.76.0
Melayu Herman Lunk,ok banget,5,3.76.0,2023-05-09 16:14:58,"Hai, Kak Melayu. Senang banget dapat bintang lima dari Kakak, terima kasih atas apresiasinya. Semoga pengalaman Kakak bersama Traveloka selalu menyenangkan :) -RU",2023-05-09 16:44:32,3.76.0
Ni Komang Putri Puspa Sari,good,5,3.76.0,2023-05-09 16:14:53,"Hi, thank you very much for the positive review! Please feel free to contact us at https://www.traveloka.com/contactus we're more than happy to assist you and Stay tuned for more exciting offers on Traveloka Lifestyle Super App.",2023-05-09 16:42:09,3.76.0
Rio Antama,"jadi andalan, biar bintang yg berbicara",5,3.76.0,2023-05-09 15:07:27,"Halo Kak, terima kasih banyak atas ratingnya, semoga Kakak tetap nyaman dan selau setia menjadi pelanggan Traveloka. Yuk Kak pantengin terus Traveloka Lifestyle Super App karna kami selalu berikan promo-promo yg menarik loooh, jangan sampai ketinggalan ya :)",2023-05-09 15:12:06,3.76.0
Yoephi Sushanto,Banyak membantu ketika mau bepergian,5,3.76.0,2023-05-09 14:35:46,"Halo Kak, terima kasih banyak atas ratingnya, semoga Kakak tetap nyaman dan selau setia menjadi pelanggan Traveloka. Yuk Kak pantengin terus Traveloka Lifestyle Super App karna kami selalu berikan promo-promo yg menarik loooh, jangan sampai ketinggalan ya :)",2023-05-09 14:42:07,3.76.0
iis romadoni,alkhamdulilah sangat puas pelayananya,5,3.56.1,2023-05-09 14:29:10,"Hi Kak, senang banget nih dapat rating bagus dari Kakak, terima kasih juga atas feedbacknya! Kenyamanan Kakak adalah prioritas Kami, jika ada pertanyaan lainnya jangan sungkan ya untuk infokan pada kami di https://www.traveloka.com/contactus . Jangan sampai ketinggalan penawaran menarik lainnya di Traveloka Lifestye Super Apps.",2023-05-09 14:42:10,3.56.1
Lisa Noerh,traveloka sangat membantu sy ketika butuh bepergian 🌹,5,3.74.1,2023-05-09 14:27:57,"Hi Kak, terima kasih atas feedbacknya, semoga Kakak tetap setia dengan Traveloka. Jika ada pertanyaan lain bisa langsung infokan pada kami di https://www.traveloka.com/contactus ya, Kak. Pantau terus Traveloka Lifestyle Super App untuk penawaran spesial lainnya!",2023-05-09 14:42:13,3.74.1
Taufiq Saleh,beri contoh klw mau order tiket pesawat k luar negeri,4,3.76.0,2023-05-09 14:12:45,"Hi Kak, senang banget nih dapat rating bagus dari Kakak, terima kasih juga atas feedbacknya! Kenyamanan Kakak adalah prioritas Kami, jika ada pertanyaan lainnya jangan sungkan ya untuk infokan pada kami di https://www.traveloka.com/contactus . Jangan sampai ketinggalan penawaran menarik lainnya di Traveloka Lifestye Super Apps.",2023-05-09 14:42:18,3.76.0
Dado Didu,"Terlalu banyak masalah nie travel loka saya mo refund aj susahnya minta ampun katanya satu jam sebelumnya..giliran saya coba gaguan sistem lagi aduh ,tau tau waktu refund anda habis siet dulu juga hampir sama begitu juga,kapok pake travel loka kapok.jangan lh..mikir2 dlu kalo bisa kapok gak akan pakai apl ini lagi",1,,2023-05-09 13:35:26,"Hai, Dado. Mohon maaf sudah membuatmu tidak nyaman. Dipastikan untuk kenyamanan pengguna Traveloka, kami akan perbaiki dan tingkatkan performa Traveloka. Untuk membantu kendala kamu, mohon hubungi kami melalui tautan ini https://www.traveloka.com/contactus. Terima kasih. -SM",2023-05-09 13:45:00,
Satrio Wibowo,aplikasi yg sangat membantu,4,3.76.0,2023-05-09 13:07:03,"Halo Kak, terima kasih banyak atas ratingnya, semoga Kakak tetap nyaman dan selau setia menjadi pelanggan Traveloka. Yuk Kak pantengin terus Traveloka Lifestyle Super App karna kami selalu berikan promo-promo yg menarik loooh, jangan sampai ketinggalan ya :)",2023-05-09 13:12:07,3.76.0
Sicilia Alfonsus,"Pertama kali rental mobil di TRAVELOKA dan kapok! Rental mobil di TRAVELOKA dgn supplier BALI FAST TRACK,driver IMAM ZAINURI. Jarak antara tujuan 1&2 dlm kota Tabanan Bali sekitar 7 km dikenai biaya tambahan zona 1 Rp.125k(kl zona 2 Rp250k)tanpa adanya pemberitahuan terlebih dahulu dr drivernya. Padhl di peta layanan jelas Tabanan masuk zona layanan bkn zona 1 atau 2. Driver jg sengaja melalui jln yg lbh jauh ke tujuan,spy bs ot. Driver sdh isi bensin duluan&tdk ada nota. Berhati2 kl mau rent ol",3,3.76.0,2023-05-09 12:51:13,"Hi Sicilia, kami meminta maaf atas kendala yang kamu alami. Kamu dapat menghubungi kami melalui https://www.traveloka.com/id-id/contactus agar masalahmu kamu bisa diselesaikan secepat mungkin. Terima kasih. -DA",2023-05-09 13:15:04,3.76.0
Syaiful Andrian,mempermudah,5,3.76.0,2023-05-09 12:37:01,"Halo Kak, terima kasih banyak atas ratingnya, semoga Kakak tetap nyaman dan selau setia menjadi pelanggan Traveloka. Yuk Kak pantengin terus Traveloka Lifestyle Super App karna kami selalu berikan promo-promo yg menarik loooh, jangan sampai ketinggalan ya :)",2023-05-09 12:42:06,3.76.0
Erni Rosiana,praktis dan simple bikin semua jadi mudah,4,3.76.0,2023-05-09 12:17:26,"Hi Kak, senang banget nih dapat rating bagus dari Kakak, terima kasih juga atas feedbacknya! Kenyamanan Kakak adalah prioritas Kami, jika ada pertanyaan lainnya jangan sungkan ya untuk infokan pada kami di https://www.traveloka.com/contactus . Jangan sampai ketinggalan penawaran menarik lainnya di Traveloka Lifestye Super Apps.",2023-05-09 12:42:08,3.76.0
Fahrul Rozi,ada biaya tambahan,1,3.76.0,2023-05-09 12:12:03,"Hai, Fahrul. Mohon maaf sudah membuatmu kecewa. Untuk membantu memahami kendala kamu, mohon hubungi kami melalui tautan ini https://www.traveloka.com/contactus. Terima kasih. -SM",2023-05-09 12:45:18,3.76.0
RINDA JAYA TOUR Malang,puas,5,3.76.0,2023-05-09 11:54:21,"Halo, Kak. Terima kasih banyak atas ratingnya, semoga Kakak tetap nyaman dan selau setia menjadi pelanggan Traveloka. Yuk Kak pantengin terus Traveloka Lifestyle Super App karna kami selalu berikan promo-promo yg menarik loooh, jangan sampai ketinggalan ya :) -IN",2023-05-09 12:14:35,3.76.0
doa restu ibu,sangat membantu,5,3.76.0,2023-05-09 11:31:16,"Halo Kak, terima kasih banyak atas ratingnya, semoga Kakak tetap nyaman dan selau setia menjadi pelanggan Traveloka. Yuk Kak pantengin terus Traveloka Lifestyle Super App karna kami selalu berikan promo-promo yg menarik loooh, jangan sampai ketinggalan ya :)",2023-05-09 11:42:06,3.76.0
Fazar Hermawan,nic sanagt rekomended,5,3.76.0,2023-05-09 11:13:04,"Hi Kak, senang banget nih dapat rating bagus dari Kakak, terima kasih juga atas feedbacknya! Kenyamanan Kakak adalah prioritas Kami, jika ada pertanyaan lainnya jangan sungkan ya untuk infokan pada kami di https://www.traveloka.com/contactus . Jangan sampai ketinggalan penawaran menarik lainnya di Traveloka Lifestye Super Apps.",2023-05-09 11:42:09,3.76.0
Yunastia Nailis Silfa,bagus,5,3.76.0,2023-05-09 11:10:12,"Hi Kak, senang banget nih dapat rating bagus dari Kakak, terima kasih juga atas feedbacknya! Kenyamanan Kakak adalah prioritas Kami, jika ada pertanyaan lainnya jangan sungkan ya untuk infokan pada kami di https://www.traveloka.com/contactus . Jangan sampai ketinggalan penawaran menarik lainnya di Traveloka Lifestye Super Apps.",2023-05-09 11:12:09,3.76.0
Hendarint Dinata,cukup stabil performanya,5,3.76.0,2023-05-09 10:44:38,"Halo Kak, terima kasih banyak atas ratingnya, semoga Kakak tetap nyaman dan selau setia menjadi pelanggan Traveloka. Yuk Kak pantengin terus Traveloka Lifestyle Super App karna kami selalu berikan promo-promo yg menarik loooh, jangan sampai ketinggalan ya :)",2023-05-09 11:12:14,3.76.0
kalilaisam,sangat brmanfaat,5,3.76.0,2023-05-09 09:47:31,"Halo Kak, terima kasih banyak atas ratingnya, semoga Kakak tetap nyaman dan selau setia menjadi pelanggan Traveloka. Yuk Kak pantengin terus Traveloka Lifestyle Super App karna kami selalu berikan promo-promo yg menarik loooh, jangan sampai ketinggalan ya :)",2023-05-09 10:12:06,3.76.0
EGO KAPRI,Mantap Men,5,3.76.0,2023-05-09 09:32:56,"Halo Kak, terima kasih banyak atas ratingnya, semoga Kakak tetap nyaman dan selau setia menjadi pelanggan Traveloka. Yuk Kak pantengin terus Traveloka Lifestyle Super App karna kami selalu berikan promo-promo yg menarik loooh, jangan sampai ketinggalan ya :)",2023-05-09 09:42:12,3.76.0
dedi harianto,"Review orang jelek, uninstall",1,3.76.0,2023-05-09 09:24:51,"Hai Dedi, maaf ya sudah buat kamu tidak nyaman. Apabila ada kendala atau pertanyaan, silakan dapat hubungi kami melalui email ke cs@traveloka.com. Agar kami bantu lebih cek lebih lanjut. Terima kasih. -CA
",2023-05-09 09:44:03,3.76.0
Nirmala Arifin,mantap,5,3.76.0,2023-05-09 08:49:17,"Halo Kak, terima kasih banyak atas ratingnya, semoga Kakak tetap nyaman dan selau setia menjadi pelanggan Traveloka. Yuk Kak pantengin terus Traveloka Lifestyle Super App karna kami selalu berikan promo-promo yg menarik loooh, jangan sampai ketinggalan ya :)",2023-05-09 09:12:07,3.76.0
Iwan Martha Idjaji,oke,5,3.76.0,2023-05-09 08:42:24,"Hai Iwan. Terima kasih banyak atas ratingnya, semoga kamu tetap nyaman dan selalu setia menjadi pelanggan Traveloka. Yuk Kak pantengin terus Traveloka Lifestyle Super App karna kami selalu berikan promo-promo yang menarik. Jangan sampai ketinggalan ya. :) -NT",2023-05-09 09:18:39,3.76.0
Nazhmi Fauzan,"mantap, mempermudah pemesanan hotel",5,3.76.0,2023-05-09 08:06:38,"Halo Kak, terima kasih banyak atas ratingnya, semoga Kakak tetap nyaman dan selau setia menjadi pelanggan Traveloka. Yuk Kak pantengin terus Traveloka Lifestyle Super App karna kami selalu berikan promo-promo yg menarik loooh, jangan sampai ketinggalan ya :)",2023-05-09 08:12:07,3.76.0
ari rohman,"saya lakukan pembelian tiket lagi dengan harapan pembelian sebelumnya yang terjadi kesalahan pembayaran dapat diproses secara bijaksana, entah dikmbalikan atau apapun kebijakan manajemen Traveloka. terima kasih.",5,3.76.0,2023-05-09 06:52:54,"Hai Ari, kami mengerti kendala yang kamu alami. Saat ini kendala kamu sedang dalam pengecekan tim Payment Specialist pada nomor laporan 32xxxx58. Mohon menunggu konfirmasi selanjutnya melalui pesan aplikasi ya. Terima kasih. -NA",2023-05-09 07:16:23,3.76.0
edi purwanto,Traveloka pasti....,5,3.76.0,2023-05-09 06:17:34,"Hi Kak, senang banget nih dapat rating bagus dari Kakak, terima kasih juga atas feedbacknya! Kenyamanan Kakak adalah prioritas Kami, jika ada pertanyaan lainnya jangan sungkan ya untuk infokan pada kami di https://www.traveloka.com/contactus . Jangan sampai ketinggalan penawaran menarik lainnya di Traveloka Lifestye Super Apps.",2023-05-09 06:42:10,3.76.0
Ok Tora,the best,5,3.76.0,2023-05-09 05:54:30,"Hi, we are so grateful to get a lot of support from you. Hope you continue to enjoy our offers. If you have any feedback or suggestions, let us know on https://www.traveloka.com/contactus, our customer service would love to serve you in 24 hours. Thank you!",2023-05-09 06:12:08,3.76.0
Raji Reza Ilahi,Cepat tepat dan terpercaya,5,3.76.0,2023-05-09 05:05:06,"Halo Kak, terima kasih banyak atas ratingnya, semoga Kakak tetap nyaman dan selau setia menjadi pelanggan Traveloka. Yuk Kak pantengin terus Traveloka Lifestyle Super App karna kami selalu berikan promo-promo yg menarik loooh, jangan sampai ketinggalan ya :)",2023-05-09 05:12:06,3.76.0
ratna dewi ritonga ritonga,ternyata gampang mudah,5,3.76.0,2023-05-09 04:16:09,"Halo Kak, terima kasih banyak atas ratingnya, semoga Kakak tetap nyaman dan selau setia menjadi pelanggan Traveloka. Yuk Kak pantengin terus Traveloka Lifestyle Super App karna kami selalu berikan promo-promo yg menarik loooh, jangan sampai ketinggalan ya :)",2023-05-09 04:42:06,3.76.0
Dede Wilyawan,ok,5,3.76.0,2023-05-09 03:58:52,"Hi, thank you very much for the positive review! Please feel free to contact us at https://www.traveloka.com/contactus we're more than happy to assist you and Stay tuned for more exciting offers on Traveloka Lifestyle Super App.",2023-05-09 04:12:06,3.76.0
Firman,"ok,bgt",3,3.76.0,2023-05-09 03:11:33,"Makasih reviewnya ya Firman. Makasih juga sudah menjadikan Traveloka sebagai teman perjalanan kamu. Jika butuh bantuan, kamu bisa menghubungi kami melalui https://www.traveloka.com/id-id/contactus :) -MZ",2023-05-09 03:13:52,3.76.0
Kardiyatno saepudin,cukup Bagus pelayanan nya,4,,2023-05-09 03:04:54,"Halo Kak, terima kasih banyak atas ratingnya, semoga Kakak tetap nyaman dan selau setia menjadi pelanggan Traveloka. Yuk Kak pantengin terus Traveloka Lifestyle Super App karna kami selalu berikan promo-promo yg menarik loooh, jangan sampai ketinggalan ya :)",2023-05-09 03:12:08,
Mutia aditya Nasya,proses mudah..banyak harga promo.,5,3.76.0,2023-05-09 02:45:59,"Hi Kak, senang banget nih dapat rating bagus dari Kakak, terima kasih juga atas feedbacknya! Kenyamanan Kakak adalah prioritas Kami, jika ada pertanyaan lainnya jangan sungkan ya untuk infokan pada kami di https://www.traveloka.com/contactus . Jangan sampai ketinggalan penawaran menarik lainnya di Traveloka Lifestye Super Apps.",2023-05-09 03:12:10,3.76.0
Yusrizal rizal,baik sekali,4,3.76.0,2023-05-09 02:20:37,"Halo Kak, terima kasih banyak atas ratingnya, semoga Kakak tetap nyaman dan selau setia menjadi pelanggan Traveloka. Yuk Kak pantengin terus Traveloka Lifestyle Super App karna kami selalu berikan promo-promo yg menarik loooh, jangan sampai ketinggalan ya :)",2023-05-09 02:42:06,3.76.0
Nurul Salsabila,Kenapa gak bisa d download,1,,2023-05-09 02:08:26,"Hai, Nurul. Pastikan kapasitas memori di perangkat kamu cukup ya dan jaringan internet stabil. Jika ada kendala lainnya jangan sungkan ya untuk infokan pada kami di https://www.traveloka.com/contactus. Terima kasih. -VK",2023-05-09 02:13:57,
Syarifulloh Sinaga,Ok,4,,2023-05-09 01:59:01,"Hi, thank you very much for the positive review! Please feel free to contact us at https://www.traveloka.com/contactus we're more than happy to assist you and Stay tuned for more exciting offers on Traveloka Lifestyle Super App.",2023-05-09 02:12:07,
nelson mahat,"Top markotop deh pokoknya, lanjut dan tingkatkan.",5,3.76.0,2023-05-09 01:19:24,"Halo Kak, terima kasih banyak atas ratingnya, semoga Kakak tetap nyaman dan selau setia menjadi pelanggan Traveloka. Yuk Kak pantengin terus Traveloka Lifestyle Super App karna kami selalu berikan promo-promo yg menarik loooh, jangan sampai ketinggalan ya :)",2023-05-09 01:42:07,3.76.0
Isran Rivalto,"Sangat kecewa, saya selalu bayar tepat waktu, dan ingin menggunakan Fitur Pay di Virtual Number tapi kok saat input PIN virtual numbernya selalu gagal Aktif. 3 hari yg lalu masih bisa",1,,2023-05-09 01:17:16,"Hai Isran, mohon maaf atas kendala yang kamu alami. Untuk dapat kami cek mengena kendala PayLater kamu, silakan hubungi kami pada link https://www.traveloka.com/id-id/contactus ya. Terima kasih. -NA
",2023-05-09 01:43:44,
Arief Radhit,its good,5,3.76.0,2023-05-09 01:06:31,"Hi, thank you very much for the positive review! Please feel free to contact us at https://www.traveloka.com/contactus we're more than happy to assist you and Stay tuned for more exciting offers on Traveloka Lifestyle Super App.",2023-05-09 01:12:07,3.76.0
Surdiana Diana,Buruk,1,,2023-05-09 01:05:03,"Hai, Kak Diana. Mimin sedih banget deh lihat review dari kamu huhuhu. Kalau ada yang kurang dari layanan Traveloka, silakan sampaikan kritik maupun masukan kamu ke layanan customer di link ini ya https://www.traveloka.com/contactus. Mimin tunggu ya, Kak Diana. Terima kasih. -AM",2023-05-09 01:14:32,
Enur Laela,sangat membantu sekali .,5,3.60.0,2023-05-09 00:28:14,"Halo Kak, terima kasih banyak atas ratingnya, semoga Kakak tetap nyaman dan selau setia menjadi pelanggan Traveloka. Yuk Kak pantengin terus Traveloka Lifestyle Super App karna kami selalu berikan promo-promo yg menarik loooh, jangan sampai ketinggalan ya :)",2023-05-09 00:42:05,3.60.0
Sriyono Sarbini,keren,5,3.76.0,2023-05-08 22:56:30,"Halo Kak, terima kasih banyak atas ratingnya, semoga Kakak tetap nyaman dan selau setia menjadi pelanggan Traveloka. Yuk Kak pantengin terus Traveloka Lifestyle Super App karna kami selalu berikan promo-promo yg menarik loooh, jangan sampai ketinggalan ya :)",2023-05-08 23:12:06,3.76.0
Susan Olivia Yong,the best,5,3.76.0,2023-05-08 21:52:15,"Hi, thank you very much for the positive review! Please feel free to contact us at https://www.traveloka.com/contactus we're more than happy to assist you and Stay tuned for more exciting offers on Traveloka Lifestyle Super App.",2023-05-08 22:12:07,3.76.0
lailan thahura,kenapa di aplikasi saya tidak ada fitur bioskop?,4,3.76.0,2023-05-08 18:53:50,"Hai Kak Lailan, mohon maaaf atas ketidaknyamanan yang kamu alami, perihal pemesanan Bioskop saat ini sudah tidak tersedia pada aplikasi Traveloka yang kamu miliki, kami berterima kasih atas antuasime kamu dalam melakukan ppemesanan pada aplikasi Traveloka yang kamu miliki ya Kak. -AK",2023-05-08 19:17:11,3.76.0
Mohammad Hatta,keren,5,3.76.0,2023-05-08 17:55:59,"Halo Kak, terima kasih banyak atas ratingnya, semoga Kakak tetap nyaman dan selau setia menjadi pelanggan Traveloka. Yuk Kak pantengin terus Traveloka Lifestyle Super App karna kami selalu berikan promo-promo yg menarik loooh, jangan sampai ketinggalan ya :)",2023-05-08 18:12:07,3.76.0
Ikhsan Purnama,"Harusnya kalo ngasih limit ga usah ada batasan untuk penggunanaan, ini malah limit saya di bekukan, harusnya buat pelanggan se nyaman mungkin dong",1,3.76.0,2023-05-08 16:17:14,"Hai Ikhsan, mohon maaf atas ketidaknyamanan yang kamu alami, perihal tersebut merupakan ketentuan dari tim Analyst PayLater Traveloka Kak, kalau kakak butuh bantuan kembali bisa hubungi langsung ke akun IG PayLater Traveloka https://www.instagram.com/travelokapaylater/ ya. Makasih. -AK
",2023-05-08 16:43:23,3.76.0
Putra Kurniawan,oke,5,3.76.0,2023-05-08 16:08:02,"Hai Putra, terima kasih atas feedbacknya, semoga kamu tetap setia dengan Traveloka. Jika ada pertanyaan bisa langsung infokan pada kami di https://www.traveloka.com/contactus ya Kak. Pantau terus Traveloka Lifestyle Super App untuk penawaran spesial lainnya! -AH",2023-05-08 16:32:54,3.76.0
Firmansyah 25,Mau pesan tiket ribet sekali,1,,2023-05-08 15:09:06,"Hai Firman, mohon maaf sudah membuat kamu tidak nyaman Kak. Untuk dapat mimin cek lebih lanjut kendala kamu. Mohon dapat menginformasikan screenshot kendala kamu melalui link https://www.traveloka.com/id-id/contactus Kak. Terima kasih. -AH",2023-05-08 15:15:25,
Ricky Jeremia hutasoit 78,is the best,5,3.76.0,2023-05-08 14:31:35,"Hi, thank you very much for the positive review! Please feel free to contact us at https://www.traveloka.com/contactus we're more than happy to assist you and Stay tuned for more exciting offers on Traveloka Lifestyle Super App.",2023-05-08 14:42:07,3.76.0
lentera kehidupan,pelayanan bagus,5,3.55.1,2023-05-08 14:31:29,"Hi Kak, senang banget nih dapat rating bagus dari Kakak, terima kasih juga atas feedbacknya! Kenyamanan Kakak adalah prioritas Kami, jika ada pertanyaan lainnya jangan sungkan ya untuk infokan pada kami di https://www.traveloka.com/contactus . Jangan sampai ketinggalan penawaran menarik lainnya di Traveloka Lifestye Super Apps.",2023-05-08 14:42:10,3.55.1
Dwi Harry,sangat mudah dan gampang saat bepergian ada aplikasi ini,5,3.76.0,2023-05-08 13:37:35,"Halo Kak, terima kasih banyak atas ratingnya, semoga Kakak tetap nyaman dan selau setia menjadi pelanggan Traveloka. Yuk Kak pantengin terus Traveloka Lifestyle Super App karna kami selalu berikan promo-promo yg menarik loooh, jangan sampai ketinggalan ya :)",2023-05-08 13:42:08,3.76.0
Nur Sirojudin Mustaqim,Habis update kok malah armada travel yg biasa nya ada kok jadi ngga ada? Jadi nyesel update,3,3.76.0,2023-05-08 13:26:30,"Hai Kak Nur. Terkait ketersediaa Bus bergantung ketersediaan dari pihak PO, jika belum tersedia kamu bisa coba cek tanggal lain yang tersedia. Kalo ada kendala kamu bisa hubungi customer service kami melalui pesan di aplikasi Traveloka kamu atau melalui email di cs@traveloka.com, untuk dibantu lebih lanjut. Terima kasih. -FR",2023-05-08 13:44:29,3.76.0
Lutvia Tw,Pembayaran eror terus aplikasi gila,1,3.47.0,2023-05-08 13:21:40,"Halo, Lutvia. Mohon maaf atas ketidaknyamanannya, agar dapat kami bantu lakukan pengecekan. Mohon infokan nomor pemesanan Traveloka kamu dan bukti bayar melalui https://www.traveloka.com/id-id/contactus ya. Terima kasih. -PA",2023-05-08 13:45:12,3.47.0
SRI HARSI KUSUMAWARDANI SH MKn (dani julio),Memudahkan sekali... Selalu pakai Traveloka,5,3.44.0,2023-05-08 13:14:51,"Hi Kak, senang banget nih dapat rating bagus dari Kakak, terima kasih juga atas feedbacknya! Kenyamanan Kakak adalah prioritas Kami, jika ada pertanyaan lainnya jangan sungkan ya untuk infokan pada kami di https://www.traveloka.com/contactus . Jangan sampai ketinggalan penawaran menarik lainnya di Traveloka Lifestye Super Apps.",2023-05-08 13:42:13,3.44.0
Agus Riza,"Aplikasinya apa lagi error ya, kemaren mau di gunakan kok restart terus akhirnya sebel aq hapus saja, sekarang q download lagi tapi lambat banget dan berhenti g bergerak😱",4,3.76.0,2023-05-08 13:11:45,"Halo Agus, mohon maaf atas kendala yang kamu alami. Kami sarankan untuk clear cache perangkat kamu terlebih dahulu ya. Jika ada pertanyaan atau kendala yang bisa kami bantu, kamu bisa hubungi kami melalui https://www.traveloka.com/id-id/contactus. Terima kasih. -NA",2023-04-24 00:14:31,3.76.0
klotildatiani stppmalang,Kecewa parah untuk reschedule harus rogoh uang yang terbilang hampir setengah dari harga awal...padahal d ketentuan hanya 25 ribu per org...stop booking right here...what a manipulate order ... I need more explain about this,1,,2023-05-08 12:44:04,"Hai Kak. Untuk setiap pengajuan reschedule memang akan ada biaya tambahan yang harus dibayarkan Kak. Selain dari Traveloka Rp 25.000, juga ada biaya dari maskapai. Jadi jika kamu setuju dengan biaya tersebut, silakan lanjutkan pembayaran. Namun jika tidak setuju silakan untuk abaikan saja ya Kak. Terima kasih. -KK",2023-05-08 13:15:23,
Mei yeyen Susanti,Sangat membantu,5,3.76.0,2023-05-08 12:32:20,"Halo Kak, terima kasih banyak atas ratingnya, semoga Kakak tetap nyaman dan selau setia menjadi pelanggan Traveloka. Yuk Kak pantengin terus Traveloka Lifestyle Super App karna kami selalu berikan promo-promo yg menarik loooh, jangan sampai ketinggalan ya :)",2023-05-08 12:42:07,3.76.0
Januar Atmaja,good,5,3.76.0,2023-05-08 12:14:05,"Hi, we are so grateful to get a lot of support from you. Hope you continue to enjoy our offers. If you have any feedback or suggestions, let us know on https://www.traveloka.com/contactus, our customer service would love to serve you in 24 hours. Thank you!",2023-05-08 12:42:08,3.76.0
Nanang Alfian,selama ini belum ada iendala,5,3.75.0,2023-05-08 12:11:58,"Hi Kak, terima kasih atas feedbacknya, semoga Kakak tetap setia dengan Traveloka. Jika ada pertanyaan lain bisa langsung infokan pada kami di https://www.traveloka.com/contactus ya, Kak. Pantau terus Traveloka Lifestyle Super App untuk penawaran spesial lainnya!",2023-05-08 12:42:11,3.75.0
Strawboy,"Kalian yang sudah install aplikasi haram ini, uninstall sekarang, tidak usah bayar tagihan paylaternya, galbay kan saja.",1,3.76.0,2023-05-08 11:55:20,"Hai Kak. Mohon maaf sekali sebelumnya, jika memiliki kendala saat melakukan pemesanan atau kendala lainnya, kamu bisa hubungi customer service kami melalui pesan di aplikasi Traveloka kamu atau melalui email di cs@traveloka.com, untuk dibantu lebih lanjut ya. Terima kasih. -FR",2023-05-08 12:13:52,3.76.0
Jondri hutagaol Hutagaol,bagus,5,3.76.0,2023-05-08 11:13:06,"Halo Kak, terima kasih banyak atas ratingnya, semoga Kakak tetap nyaman dan selau setia menjadi pelanggan Traveloka. Yuk Kak pantengin terus Traveloka Lifestyle Super App karna kami selalu berikan promo-promo yg menarik loooh, jangan sampai ketinggalan ya :)",2023-05-08 11:42:06,3.76.0
Bagus Dandung Chaniago,🔥🔥🔥,5,3.76.0,2023-05-08 11:07:15,"Halo, Bagus. Terima kasih atas penilaiannya dan telah memilih Traveloka sebagai partner perjalanan kamu. Terima kasih. -SC",2023-05-08 11:13:26,3.76.0
NdereNdutz,mantap,5,3.69.0,2023-05-08 10:51:46,"Halo Kak, terima kasih banyak atas ratingnya, semoga Kakak tetap nyaman dan selau setia menjadi pelanggan Traveloka. Yuk Kak pantengin terus Traveloka Lifestyle Super App karna kami selalu berikan promo-promo yg menarik loooh, jangan sampai ketinggalan ya :)",2023-05-08 11:12:08,3.69.0
I PUTU ARDIKA,sebaiknya traveloka memberikan tiket/diskon bagi costomer,4,3.76.0,2023-05-08 09:59:31,"Halo Kak, terima kasih banyak atas ratingnya, semoga Kakak tetap nyaman dan selau setia menjadi pelanggan Traveloka. Yuk Kak pantengin terus Traveloka Lifestyle Super App karna kami selalu berikan promo-promo yg menarik loooh, jangan sampai ketinggalan ya :)",2023-05-08 10:12:06,3.76.0
Agung Rahmanto,mantap penggunaan dan kemudahan,5,3.12.1,2023-05-08 09:47:59,"Hi Kak, senang banget nih dapat rating bagus dari Kakak, terima kasih juga atas feedbacknya! Kenyamanan Kakak adalah prioritas Kami, jika ada pertanyaan lainnya jangan sungkan ya untuk infokan pada kami di https://www.traveloka.com/contactus . Jangan sampai ketinggalan penawaran menarik lainnya di Traveloka Lifestye Super Apps.",2023-05-08 10:12:09,3.12.1
Kunto Baskoro,Terima Kasih Traveloka Semenjak kunto Gadung Usaha Kunto Makin Ramai,5,3.76.0,2023-05-08 09:46:27,"Hi Kak, terima kasih atas feedbacknya, semoga Kakak tetap setia dengan Traveloka. Jika ada pertanyaan lain bisa langsung infokan pada kami di https://www.traveloka.com/contactus ya, Kak. Pantau terus Traveloka Lifestyle Super App untuk penawaran spesial lainnya!",2023-05-08 10:12:13,3.76.0
Lilis Suryani,sangat mudah dan membantu,5,3.76.0,2023-05-08 09:35:02,"Halo Kak, terima kasih banyak atas ratingnya, semoga Kakak tetap nyaman dan selau setia menjadi pelanggan Traveloka. Yuk Kak pantengin terus Traveloka Lifestyle Super App karna kami selalu berikan promo-promo yg menarik loooh, jangan sampai ketinggalan ya :)",2023-05-08 09:42:08,3.76.0
Susilo Priyo Widodo,ok,5,3.76.0,2023-05-08 08:46:12,"Hi, thank you very much for the positive review! Please feel free to contact us at https://www.traveloka.com/contactus we're more than happy to assist you and Stay tuned for more exciting offers on Traveloka Lifestyle Super App.",2023-05-08 09:12:06,3.76.0
Maria Johana,ok,5,3.76.0,2023-05-08 08:14:21,"Hi, thank you very much for the positive review! Please feel free to contact us at https://www.traveloka.com/contactus we're more than happy to assist you and Stay tuned for more exciting offers on Traveloka Lifestyle Super App.",2023-05-08 08:42:07,3.76.0
Sandi Nugraha,semoga ga mengecewakan,5,3.76.0,2023-05-08 08:01:50,"Halo Kak, terima kasih banyak atas ratingnya, semoga Kakak tetap nyaman dan selau setia menjadi pelanggan Traveloka. Yuk Kak pantengin terus Traveloka Lifestyle Super App karna kami selalu berikan promo-promo yg menarik loooh, jangan sampai ketinggalan ya :)",2023-05-08 08:12:07,3.76.0
surono cla10,layanan cepat,5,3.76.0,2023-05-08 07:15:01,"Halo Kak, terima kasih banyak atas ratingnya, semoga Kakak tetap nyaman dan selau setia menjadi pelanggan Traveloka. Yuk Kak pantengin terus Traveloka Lifestyle Super App karna kami selalu berikan promo-promo yg menarik loooh, jangan sampai ketinggalan ya :)",2023-05-08 07:42:08,3.76.0
Heri Waluyo,susah konek ke server,3,,2023-05-08 06:49:35,"Hai Heri. Pastikan terlebih dahulu jaringan yang kamu gunakan stabil ya, jika masih terkendala kamu bisa hubungi customer service kami melalui pesan di aplikasi Traveloka kamu atau melalui email di cs@traveloka.com, untuk dibantu lebih lanjut ya. Terima kasih. -FR
",2023-05-08 07:14:59,
ikhwanandhika ikhwan,sangat bagus,5,3.76.0,2023-05-08 06:47:57,"Halo Kak, terima kasih banyak atas ratingnya, semoga Kakak tetap nyaman dan selau setia menjadi pelanggan Traveloka. Yuk Kak pantengin terus Traveloka Lifestyle Super App karna kami selalu berikan promo-promo yg menarik loooh, jangan sampai ketinggalan ya :)",2023-05-08 07:12:08,3.76.0
Edwin Hoir,Terima kasih...Sangat Bagus Layanan Travelokanya,5,3.76.0,2023-05-08 06:39:42,"Halo Kak, terima kasih banyak atas ratingnya, semoga Kakak tetap nyaman dan selau setia menjadi pelanggan Traveloka. Yuk Kak pantengin terus Traveloka Lifestyle Super App karna kami selalu berikan promo-promo yg menarik loooh, jangan sampai ketinggalan ya :)",2023-05-08 06:42:11,3.76.0
Ibnu Anasai,sangat Bagus,5,3.76.0,2023-05-08 05:55:54,"Halo Kak, terima kasih banyak atas ratingnya, semoga Kakak tetap nyaman dan selau setia menjadi pelanggan Traveloka. Yuk Kak pantengin terus Traveloka Lifestyle Super App karna kami selalu berikan promo-promo yg menarik loooh, jangan sampai ketinggalan ya :)",2023-05-08 06:12:06,3.76.0
naira gassani 2021,mantabbb,5,3.76.0,2023-05-08 05:38:55,"Hi, thank you very much for the positive review! Please feel free to contact us at https://www.traveloka.com/contactus we're more than happy to assist you and Stay tuned for more exciting offers on Traveloka Lifestyle Super App.",2023-05-08 05:42:11,3.76.0
Joko Mulyono,Alhamdulillah,4,3.76.0,2023-05-08 05:25:50,"Hi Kak, senang banget nih dapat rating bagus dari Kakak, terima kasih juga atas feedbacknya! Kenyamanan Kakak adalah prioritas Kami, jika ada pertanyaan lainnya jangan sungkan ya untuk infokan pada kami di https://www.traveloka.com/contactus . Jangan sampai ketinggalan penawaran menarik lainnya di Traveloka Lifestye Super Apps.",2023-05-08 05:42:14,3.76.0
Adam Muhammad Surya,always good. thank u,5,3.76.0,2023-05-08 05:23:24,Thank you for leaving a good comment to us. Let us know if you have any suggestion for improvement through https://www.traveloka.com/contactus . Stay around for more interesting offers from Traveloka Lifestyle Super App!,2023-05-08 05:42:16,3.76.0
Flyingcalmpool,Anjay kurang daris seminggu refund saya sudah masuk ke rekening 👍🏼,5,,2023-05-08 05:13:58,"Halo, Kak. Terima kasih atas penilaiannya dan telah memilih Traveloka sebagai partner perjalanan kamu. Terima kasih. -SC",2023-05-08 05:43:01,
dhenok sofiawati,akhirnya pembayarannya mudahh,5,3.76.0,2023-05-08 05:11:09,"Halo Kak, terima kasih banyak atas ratingnya, semoga Kakak tetap nyaman dan selau setia menjadi pelanggan Traveloka. Yuk Kak pantengin terus Traveloka Lifestyle Super App karna kami selalu berikan promo-promo yg menarik loooh, jangan sampai ketinggalan ya :)",2023-05-08 05:12:06,3.76.0
joni mulyadi,cepat dan akurat,5,3.76.0,2023-05-08 04:51:30,"Hi Kak, senang banget nih dapat rating bagus dari Kakak, terima kasih juga atas feedbacknya! Kenyamanan Kakak adalah prioritas Kami, jika ada pertanyaan lainnya jangan sungkan ya untuk infokan pada kami di https://www.traveloka.com/contactus . Jangan sampai ketinggalan penawaran menarik lainnya di Traveloka Lifestye Super Apps.",2023-05-08 05:12:09,3.76.0
Irfan said,sangat membantu,5,3.76.0,2023-05-08 04:41:53,"Hi Kak, terima kasih atas feedbacknya, semoga Kakak tetap setia dengan Traveloka. Jika ada pertanyaan lain bisa langsung infokan pada kami di https://www.traveloka.com/contactus ya, Kak. Pantau terus Traveloka Lifestyle Super App untuk penawaran spesial lainnya!",2023-05-08 05:12:12,3.76.0
Marni Suryanti,terjamin,5,,2023-05-08 04:19:47,"Halo Kak, terima kasih banyak atas ratingnya, semoga Kakak tetap nyaman dan selau setia menjadi pelanggan Traveloka. Yuk Kak pantengin terus Traveloka Lifestyle Super App karna kami selalu berikan promo-promo yg menarik loooh, jangan sampai ketinggalan ya :)",2023-05-08 04:42:12,
mun vaname,enak pakainya,5,3.76.0,2023-05-08 02:58:27,"Halo Kak, terima kasih banyak atas ratingnya, semoga Kakak tetap nyaman dan selau setia menjadi pelanggan Traveloka. Yuk Kak pantengin terus Traveloka Lifestyle Super App karna kami selalu berikan promo-promo yg menarik loooh, jangan sampai ketinggalan ya :)",2023-05-08 03:12:06,3.76.0
Akbar Rifqi,mantap,5,3.76.0,2023-05-08 02:43:15,"Hi Kak, senang banget nih dapat rating bagus dari Kakak, terima kasih juga atas feedbacknya! Kenyamanan Kakak adalah prioritas Kami, jika ada pertanyaan lainnya jangan sungkan ya untuk infokan pada kami di https://www.traveloka.com/contactus . Jangan sampai ketinggalan penawaran menarik lainnya di Traveloka Lifestye Super Apps.",2023-05-08 03:12:09,3.76.0
dian ahmadi,bagus,5,3.76.0,2023-05-08 02:35:43,"Halo Kak, terima kasih banyak atas ratingnya, semoga Kakak tetap nyaman dan selau setia menjadi pelanggan Traveloka. Yuk Kak pantengin terus Traveloka Lifestyle Super App karna kami selalu berikan promo-promo yg menarik loooh, jangan sampai ketinggalan ya :)",2023-05-08 02:42:06,3.76.0
Freddy Angkakusuman,Terima kasih atas promonya....,5,3.74.0,2023-05-08 02:33:37,"Hi Kak, senang banget nih dapat rating bagus dari Kakak, terima kasih juga atas feedbacknya! Kenyamanan Kakak adalah prioritas Kami, jika ada pertanyaan lainnya jangan sungkan ya untuk infokan pada kami di https://www.traveloka.com/contactus . Jangan sampai ketinggalan penawaran menarik lainnya di Traveloka Lifestye Super Apps.",2023-05-08 02:42:09,3.74.0
Sulastri Anggraini,sangat membantu,5,3.76.0,2023-05-08 02:16:06,"Halo Kak, terima kasih banyak atas ratingnya, semoga Kakak tetap nyaman dan selau setia menjadi pelanggan Traveloka. Yuk Kak pantengin terus Traveloka Lifestyle Super App karna kami selalu berikan promo-promo yg menarik loooh, jangan sampai ketinggalan ya :)",2023-05-08 02:42:16,3.76.0
Y a n t o,Terima Kasih Traveloka,5,3.76.0,2023-05-08 02:12:55,"Hi Kak, senang banget nih dapat rating bagus dari Kakak, terima kasih juga atas feedbacknya! Kenyamanan Kakak adalah prioritas Kami, jika ada pertanyaan lainnya jangan sungkan ya untuk infokan pada kami di https://www.traveloka.com/contactus . Jangan sampai ketinggalan penawaran menarik lainnya di Traveloka Lifestye Super Apps.",2023-05-08 02:42:20,3.76.0
Dian Siswa,Aplikasi ini sangat membantu utk kemudahan pesan hotel sesuai dg pilihan,5,3.76.0,2023-05-08 02:04:33,"Halo Kak, terima kasih banyak atas ratingnya, semoga Kakak tetap nyaman dan selau setia menjadi pelanggan Traveloka. Yuk Kak pantengin terus Traveloka Lifestyle Super App karna kami selalu berikan promo-promo yg menarik loooh, jangan sampai ketinggalan ya :)",2023-05-08 02:12:10,3.76.0
Awaluddin Manni,lebih memudahkan kita membeli tiket pesawat,5,3.76.0,2023-05-08 00:00:56,"Halo Kak, terima kasih banyak atas ratingnya, semoga Kakak tetap nyaman dan selau setia menjadi pelanggan Traveloka. Yuk Kak pantengin terus Traveloka Lifestyle Super App karna kami selalu berikan promo-promo yg menarik loooh, jangan sampai ketinggalan ya :)",2023-05-08 00:12:07,3.76.0
Rhyan Rupidara,okee,5,3.76.0,2023-05-07 23:12:17,"Hai kak, senangnya mendapat bintang lima dari kamu, terima kasih atas apresiasinya, semoga kaka tetap nyaman dan selau setia menjadi pelanggan Traveloka, yuk ka pantengin terus traveloka karna kami selalu berikan promo promo yg menarik loooh, jangan sampai ketinggalan ya. -DA",2023-05-07 23:42:58,3.76.0
GEMPAR,ok,4,3.51.2,2023-05-07 21:30:44,"Hi, thank you very much for the positive review! Please feel free to contact us at https://www.traveloka.com/contactus we're more than happy to assist you and Stay tuned for more exciting offers on Traveloka Lifestyle Super App.",2023-05-07 21:42:07,3.51.2
Saepul Gini,keren,4,3.76.0,2023-05-07 18:39:19,"Halo Kak, terima kasih banyak atas ratingnya, semoga Kakak tetap nyaman dan selau setia menjadi pelanggan Traveloka. Yuk Kak pantengin terus Traveloka Lifestyle Super App karna kami selalu berikan promo-promo yg menarik loooh, jangan sampai ketinggalan ya :)",2023-05-07 18:42:07,3.76.0
Hairur_ Rozikin,okkk,4,3.76.0,2023-05-07 17:17:45,"Hai, Kak Hairur. Terima kasih atas ratingnya. Mimin tunggu pesanan kamu ya. Semoga sehat selalu. -RZ",2023-05-07 17:49:12,3.76.0
Andi Prasetyana,pembelian pertama,5,3.76.0,2023-05-07 15:15:19,"Halo Kak, terima kasih banyak atas ratingnya, semoga Kakak tetap nyaman dan selau setia menjadi pelanggan Traveloka. Yuk Kak pantengin terus Traveloka Lifestyle Super App karna kami selalu berikan promo-promo yg menarik loooh, jangan sampai ketinggalan ya :)",2023-05-07 15:42:06,3.76.0
Mustianto Sepriyansyah,top,5,3.76.0,2023-05-07 14:37:16,"Hi, thank you very much for the positive review! Please feel free to contact us at https://www.traveloka.com/contactus we're more than happy to assist you and Stay tuned for more exciting offers on Traveloka Lifestyle Super App.",2023-05-07 14:42:06,3.76.0
Sony Aji,selalu puas pokoknya,5,3.76.0,2023-05-07 14:34:29,"Hi Kak, senang banget nih dapat rating bagus dari Kakak, terima kasih juga atas feedbacknya! Kenyamanan Kakak adalah prioritas Kami, jika ada pertanyaan lainnya jangan sungkan ya untuk infokan pada kami di https://www.traveloka.com/contactus . Jangan sampai ketinggalan penawaran menarik lainnya di Traveloka Lifestye Super Apps.",2023-05-07 14:42:09,3.76.0
morlan saputra sinaga,Sangat Membantu dan Proses cepat,5,3.76.0,2023-05-07 14:26:58,"Hi Kak, terima kasih atas feedbacknya, semoga Kakak tetap setia dengan Traveloka. Jika ada pertanyaan lain bisa langsung infokan pada kami di https://www.traveloka.com/contactus ya, Kak. Pantau terus Traveloka Lifestyle Super App untuk penawaran spesial lainnya!",2023-05-07 14:42:12,3.76.0
Wahid adimy,top,5,3.75.0,2023-05-07 13:57:52,"Hi, thank you very much for the positive review! Please feel free to contact us at https://www.traveloka.com/contactus we're more than happy to assist you and Stay tuned for more exciting offers on Traveloka Lifestyle Super App.",2023-05-07 14:12:06,3.75.0
Alif Luthan,Alasan utama mengapa kasih rating jelek karena aplikasi nya suka ngehang sama reload sendiri di Android 10,1,,2023-05-07 13:30:43,"Hai Alif, mohon pastikan kamu sudah melakukan update versi terbaru dari aplikasi Traveloka yang kamu miliki ya Kak, Jika masih terkendala Kakak bisa menghubungi kami melalui email dengan alamat email cs@traveloka.com ya Kak. Terima kasih. -AK",2023-05-07 13:43:26,
Rosanti Mirnaningtyas,"Sisa tagihan tinggal 5000 dan sudah saya bayar mulai bulan maret lalu tapi sampai skr tetap muncul tagihan kurang 5000 ditambah biaya layanan 5000, akhirnya saya bayar lagi ttapi tidak masuk di riwayat transaksi dan limit juga masih belum kembali full.",2,3.76.0,2023-05-07 13:26:24,"Hai Rosanti, mohon maaf sudah membuat kamu tidak nyaman. Untuk dapat mimin cek lebih lanjut. Mohon menginformasikan alamat email dan nomor telpon kamu yang terdaftar sebagai akun PayLater melalui link https://www.traveloka.com/id-id/contactus. Terima kasih. -AH",2023-05-07 13:44:10,3.76.0
M Luthfi Pratama,Taiii laggg trus klo mau cek rute,1,,2023-05-07 13:18:33,"Hai, Luthfi. Maaf banget ya buat kendala yang terjadi. Mohon dipastikan untuk jaringan kamu stabil ya. Apabila masih terkendala saat ini mohon dibantu informasikan detail kendala yang terjadi melalui link https://www.traveloka.com/contactus ya. Kami akan berusaha untuk membantu kendala kamu tersebut. Terima kasih. -RF",2023-05-07 13:45:29,
Joel Antoe,"Terlalu banyak iklan² sisipan, masih bagus tampilan saat awal awal aplikasi ini.",1,3.76.0,2023-05-07 13:12:48,"Mohon maaf atas ketidaknyamanan yang kamu alami, mohon abaikan iklan yang muncul pada ponsel kamu ya Kak. Jika kamu masih memiliki kendala mohon informasikan detail melalui email kami di cs@traveloka.com ya Kak. Terima kasih. -AK",2023-05-07 13:45:29,3.76.0
CV AMTA,selalu mantap,5,3.76.0,2023-05-07 13:00:14,"Halo Kak, terima kasih banyak atas ratingnya, semoga Kakak tetap nyaman dan selau setia menjadi pelanggan Traveloka. Yuk Kak pantengin terus Traveloka Lifestyle Super App karna kami selalu berikan promo-promo yg menarik loooh, jangan sampai ketinggalan ya :)",2023-05-07 13:12:16,3.76.0
Akmal Akmal,Pelemboke ko pergi saya,5,,2023-05-07 12:53:01,"Hi Kak, senang banget nih dapat rating bagus dari Kakak, terima kasih juga atas feedbacknya! Kenyamanan Kakak adalah prioritas Kami, jika ada pertanyaan lainnya jangan sungkan ya untuk infokan pada kami di https://www.traveloka.com/contactus . Jangan sampai ketinggalan penawaran menarik lainnya di Traveloka Lifestye Super Apps.",2023-05-07 13:12:18,
ENTUSCOOL17 CHANNEL AL BANTANI,ini kenapa min apk ko abis updute gak bisa dibuka megegeggg gak bisa dipake,1,3.76.0,2023-05-07 11:55:47,"Hai, Kak. Maaf banget ya buat kendala yang terjadi. Mohon dipastikan untuk jaringan kamu stabil ya. Apabila masih terkendala saat ini mohon dibantu informasikan detail kendala yang terjadi melalui link https://www.traveloka.com/contactus ya. Mimin akan berusaha untuk membantu kendala kamu. Terima kasih. -RF",2023-05-07 12:14:25,3.76.0
Akun Youtube,ok,5,,2023-05-07 11:21:37,"Hi, thank you very much for the positive review! Please feel free to contact us at https://www.traveloka.com/contactus we're more than happy to assist you and Stay tuned for more exciting offers on Traveloka Lifestyle Super App.",2023-05-07 11:42:24,
Alpa reby Reby,hebat,5,3.76.0,2023-05-07 11:09:00,"Hai Alpa, terima kasih atas feedbacknya, semoga kamu tetap setia dengan Traveloka. Jika ada pertanyaan bisa langsung infokan pada kami di https://www.traveloka.com/contactus ya Kak. Pantau terus Traveloka Lifestyle Super App untuk penawaran spesial lainnya! -AH",2023-05-07 11:14:18,3.76.0
Chris tian,👍,5,3.76.0,2023-05-07 11:07:33,"Terima kasih ya kak Christian untuk penilaian kamu, jangan lupa selalu pesan menggunakan aplikasi Traveloka untuk menjadi teman liburan kamu dan jangan ragu menghubungi kami melalui alamat email kami di cs@traveloka.com jika mendapati kendala terkait pemesanan kamu ya kak. Terima kasih -AK",2023-05-07 11:14:04,3.76.0
Hisham Ahmad Mutamtam,so far so good lah,4,3.76.0,2023-05-07 10:57:41,"Hi, thank you very much for the positive review! Please feel free to contact us at https://www.traveloka.com/contactus we're more than happy to assist you and Stay tuned for more exciting offers on Traveloka Lifestyle Super App.",2023-05-07 11:12:16,3.76.0
Marlina Mukhlis,Mantap,5,3.76.0,2023-05-07 10:47:41,"Hi Kak, senang banget nih dapat rating bagus dari Kakak, terima kasih juga atas feedbacknya! Kenyamanan Kakak adalah prioritas Kami, jika ada pertanyaan lainnya jangan sungkan ya untuk infokan pada kami di https://www.traveloka.com/contactus . Jangan sampai ketinggalan penawaran menarik lainnya di Traveloka Lifestye Super Apps.",2023-05-07 11:12:19,3.76.0
Muh.Nur Ibrahim,keren,5,3.55.0,2023-05-07 10:44:39,"Hi Kak, terima kasih atas feedbacknya, semoga Kakak tetap setia dengan Traveloka. Jika ada pertanyaan lain bisa langsung infokan pada kami di https://www.traveloka.com/contactus ya, Kak. Pantau terus Traveloka Lifestyle Super App untuk penawaran spesial lainnya!",2023-05-07 11:12:22,3.55.0
A. Iwan Setiawan,Mantap,5,,2023-05-07 09:06:52,"Halo Kak, terima kasih banyak atas ratingnya, semoga Kakak tetap nyaman dan selau setia menjadi pelanggan Traveloka. Yuk Kak pantengin terus Traveloka Lifestyle Super App karna kami selalu berikan promo-promo yg menarik loooh, jangan sampai ketinggalan ya :)",2023-05-07 09:12:08,
Wahyu Hamdika,kereen pisan,5,3.75.0,2023-05-07 08:23:25,"Halo Kak, terima kasih banyak atas ratingnya, semoga Kakak tetap nyaman dan selau setia menjadi pelanggan Traveloka. Yuk Kak pantengin terus Traveloka Lifestyle Super App karna kami selalu berikan promo-promo yg menarik loooh, jangan sampai ketinggalan ya :)",2023-05-07 08:42:05,3.75.0
Supri atna,Keren sangat membantu di saat waktu buntu,5,,2023-05-07 07:39:48,"Halo Kak, terima kasih banyak atas ratingnya, semoga Kakak tetap nyaman dan selau setia menjadi pelanggan Traveloka. Yuk Kak pantengin terus Traveloka Lifestyle Super App karna kami selalu berikan promo-promo yg menarik loooh, jangan sampai ketinggalan ya :)",2023-05-07 07:42:06,
K Budianto,Cara mudah Berbelanja Beli Apa sja..,5,3.76.0,2023-05-07 07:21:05,"Hi Kak, senang banget nih dapat rating bagus dari Kakak, terima kasih juga atas feedbacknya! Kenyamanan Kakak adalah prioritas Kami, jika ada pertanyaan lainnya jangan sungkan ya untuk infokan pada kami di https://www.traveloka.com/contactus . Jangan sampai ketinggalan penawaran menarik lainnya di Traveloka Lifestye Super Apps.",2023-05-07 07:42:09,3.76.0
Veranita Andini,"Aplikasi nya susah untuk dibuka, sehingga sulit untuk mencari tiket",4,3.76.0,2023-05-07 06:50:44,"Hai Kak Veranita, mohon pastikan aplikasi Traveloka kamu sudah terupdate menjadi versi terbaru kamu, dan pastikan ruang penyimpanan pada ponsel kamu tersedia ya Kak. Jika kamu memiliki kendala kembali Kakak bisa menghubungi kami melalui email di alamat email cs@traveloka.com ya Kak. Terima kasih. -AK",2023-05-07 07:15:21,3.76.0
Dicky Bhasyalle,good,5,3.76.0,2023-05-07 06:45:54,"Hi, thank you very much for the positive review! Please feel free to contact us at https://www.traveloka.com/contactus we're more than happy to assist you and Stay tuned for more exciting offers on Traveloka Lifestyle Super App.",2023-05-07 07:12:08,3.76.0
Slamet Budiyono,bagus,5,3.76.0,2023-05-07 06:25:39,"Halo Kak, terima kasih banyak atas ratingnya, semoga Kakak tetap nyaman dan selau setia menjadi pelanggan Traveloka. Yuk Kak pantengin terus Traveloka Lifestyle Super App karna kami selalu berikan promo-promo yg menarik loooh, jangan sampai ketinggalan ya :)",2023-05-07 06:42:07,3.76.0
Suzan,aplikasi jelek .error melulu .tiap klik pencarian isinya MAAP doank ! payah,1,,2023-05-07 06:22:00,"Hai Suzan, maaf banget buat kamu gak nyaman, mohon informasikan kendala pada aplikasi yang kamu maksudkan untuk dapat kami bantu tindaklanjuti melalui email kami di cs@traveloka.com ya Kak. Terima kasih. -AK",2023-05-07 06:44:39,
edos santos,bagus,5,3.76.0,2023-05-07 05:05:52,"Halo Kak, terima kasih banyak atas ratingnya, semoga Kakak tetap nyaman dan selau setia menjadi pelanggan Traveloka. Yuk Kak pantengin terus Traveloka Lifestyle Super App karna kami selalu berikan promo-promo yg menarik loooh, jangan sampai ketinggalan ya :)",2023-05-07 05:12:07,3.76.0
Kuro Ninja,ok,5,3.76.0,2023-05-07 04:31:24,"Hi, thank you very much for the positive review! Please feel free to contact us at https://www.traveloka.com/contactus we're more than happy to assist you and Stay tuned for more exciting offers on Traveloka Lifestyle Super App.",2023-05-07 04:42:07,3.76.0
Ch Ratna Juli65,cepat mudah dan murah,5,3.76.0,2023-05-07 04:06:24,"Hi Kak, senang banget nih dapat rating bagus dari Kakak, terima kasih juga atas feedbacknya! Kenyamanan Kakak adalah prioritas Kami, jika ada pertanyaan lainnya jangan sungkan ya untuk infokan pada kami di https://www.traveloka.com/contactus . Jangan sampai ketinggalan penawaran menarik lainnya di Traveloka Lifestye Super Apps.",2023-05-07 04:12:18,3.76.0
Muhammad Rahadian Amin,good app,5,3.76.0,2023-05-07 03:58:35,Thank you for leaving a good comment to us. Let us know if you have any suggestion for improvement through https://www.traveloka.com/contactus . Stay around for more interesting offers from Traveloka Lifestyle Super App!,2023-05-07 04:12:21,3.76.0
Arnold Aribowo,"Berkali-kali saya menggunakan traveloka untuk beli tiket pesawat, hotel, dll... Walaupun mungkin sedikit lebih mahal dibanding aplikasi lain, tapi layanannya bagus, jujur, refund atau reschedule cepat... Terbaik menurut saya...",5,3.76.0,2023-05-07 03:15:53,"Hi Kak, senang banget nih dapat rating bagus dari Kakak, terima kasih juga atas feedbacknya! Kenyamanan Kakak adalah prioritas Kami, jika ada pertanyaan lainnya jangan sungkan ya untuk infokan pada kami di https://www.traveloka.com/contactus . Jangan sampai ketinggalan penawaran menarik lainnya di Traveloka Lifestye Super Apps.",2023-05-07 03:42:08,3.76.0
Tony Candrajaya,pake traveloka lbh cepat dan mudah,5,3.76.0,2023-05-07 02:55:02,"Halo Kak, terima kasih banyak atas ratingnya, semoga Kakak tetap nyaman dan selau setia menjadi pelanggan Traveloka. Yuk Kak pantengin terus Traveloka Lifestyle Super App karna kami selalu berikan promo-promo yg menarik loooh, jangan sampai ketinggalan ya :)",2023-05-07 03:12:08,3.76.0
Deysi J V Lopulalan,💙💙💙,5,3.76.0,2023-05-07 02:27:51,"Hai, Deysi. Terima kasih atas penilaiannya, kami akan terus berkembang untuk kenyamanan pengguna yang lebih baik ke depannya. Terima kasih. -SC",2023-05-07 02:43:03,3.76.0
Toni Rasta Reggea,bagus banget traveloka,5,3.76.0,2023-05-07 02:08:49,"Halo Kak, terima kasih banyak atas ratingnya, semoga Kakak tetap nyaman dan selau setia menjadi pelanggan Traveloka. Yuk Kak pantengin terus Traveloka Lifestyle Super App karna kami selalu berikan promo-promo yg menarik loooh, jangan sampai ketinggalan ya :)",2023-05-07 02:12:07,3.76.0
Ariel Alay,semua jadi mudah,5,3.76.0,2023-05-07 01:32:52,"Halo Kak, terima kasih banyak atas ratingnya, semoga Kakak tetap nyaman dan selau setia menjadi pelanggan Traveloka. Yuk Kak pantengin terus Traveloka Lifestyle Super App karna kami selalu berikan promo-promo yg menarik loooh, jangan sampai ketinggalan ya :)",2023-05-07 01:42:07,3.76.0
Ibnu HamzZ,mantapppsssss,5,3.76.0,2023-05-06 23:40:40,"Hai Ibnu, senangnya mendapat bintang lima dari kamu, terima kasih atas apresiasinya, semoga kaka tetap nyaman dan selau setia menjadi pelanggan Traveloka, yuk ka pantengin terus traveloka karna kami selalu berikan promo promo yg menarik loooh, jangan sampai ketinggalan ya. -DA",2023-05-06 23:43:45,3.76.0
Uda Uda,bagus,5,3.76.0,2023-05-06 23:03:22,"Halo Kak, terima kasih banyak atas ratingnya, semoga Kakak tetap nyaman dan selau setia menjadi pelanggan Traveloka. Yuk Kak pantengin terus Traveloka Lifestyle Super App karna kami selalu berikan promo-promo yg menarik loooh, jangan sampai ketinggalan ya :)",2023-05-06 23:12:06,3.76.0
Tandi Atandri,cepat dan mudah,5,3.76.0,2023-05-06 22:37:53,"Halo Kak, terima kasih banyak atas ratingnya, semoga Kakak tetap nyaman dan selau setia menjadi pelanggan Traveloka. Yuk Kak pantengin terus Traveloka Lifestyle Super App karna kami selalu berikan promo-promo yg menarik loooh, jangan sampai ketinggalan ya :)",2023-05-06 22:42:06,3.76.0
ABD ROHMAN,ok,5,3.76.0,2023-05-06 21:54:55,"Hi, thank you very much for the positive review! Please feel free to contact us at https://www.traveloka.com/contactus we're more than happy to assist you and Stay tuned for more exciting offers on Traveloka Lifestyle Super App.",2023-05-06 22:12:07,3.76.0
Sae Joon,👍👍👍👍👍👍,5,3.76.0,2023-05-06 21:17:22,"Hai kak, senangnya mendapat bintang lima dari kamu, terima kasih atas apresiasinya, semoga kaka tetap nyaman dan selau setia menjadi pelanggan Traveloka, yuk ka pantengin terus traveloka karna kami selalu berikan promo promo yg menarik loooh, jangan sampai ketinggalan ya. -DA",2023-05-06 21:46:16,3.76.0
Ilham plantis,mantappp,5,3.76.0,2023-05-06 18:52:13,"Halo Kak, terima kasih banyak atas ratingnya, semoga Kakak tetap nyaman dan selau setia menjadi pelanggan Traveloka. Yuk Kak pantengin terus Traveloka Lifestyle Super App karna kami selalu berikan promo-promo yg menarik loooh, jangan sampai ketinggalan ya :)",2023-05-06 19:12:07,3.76.0
Iskandar.,Suka,3,3.76.0,2023-05-06 16:31:52,"Halo Iskandar, terima kasih atas dukungan Anda. Kami akan senang mendengar masukan Anda yang berharga! Silakan kirimkan melalui https://www.traveloka.com/en-en/contactus agar kami dapat meningkatkan layanan kami dan memberi Anda pengalaman yang lebih baik di masa mendatang. Terima kasih. -DA",2023-05-06 16:44:28,3.76.0
Ariyanda Zaihifni basith,cukup rumit tanpa mbanking,5,3.76.0,2023-05-06 16:13:21,"Hai, Ariyanda. Terima kasih atas feedbacknya, semoga Kakak tetap setia dengan Traveloka. Jika ada pertanyaan lain bisa langsung infokan pada kami di https://www.traveloka.com/contactus ya, Kak. Pantau terus Traveloka Lifestyle Super App untuk penawaran spesial lainnya! -CA",2023-05-06 16:43:00,3.76.0
christina trijayanti,"Kecewa berat, sudah order di aplikasi tapi waktu checkin kamar sudah full dan diaplikasi tidak bisa di refund.",1,,2023-05-06 14:40:27,"Hai, Christina. Mohon maaf atas ketidaknyamanannya. Apabila kamu mengalami kendaa check-in pesanan hotel, silakan dinformasikan nomor pesanan Traveloka kamu melalui email di cs@traveloka.com. Nantinya kami akan melakukan pengecekan lebih lanjut. Terima kasih. -IN",2023-05-06 14:44:34,
Mad Noer MN,good,5,3.76.0,2023-05-06 14:33:46,"Hi, thank you very much for the positive review! Please feel free to contact us at https://www.traveloka.com/contactus we're more than happy to assist you and Stay tuned for more exciting offers on Traveloka Lifestyle Super App.",2023-05-06 14:42:08,3.76.0
Zam Zami,sangat membatu,5,,2023-05-06 14:31:42,"Hi Kak, senang banget nih dapat rating bagus dari Kakak, terima kasih juga atas feedbacknya! Kenyamanan Kakak adalah prioritas Kami, jika ada pertanyaan lainnya jangan sungkan ya untuk infokan pada kami di https://www.traveloka.com/contactus . Jangan sampai ketinggalan penawaran menarik lainnya di Traveloka Lifestye Super Apps.",2023-05-06 14:42:10,
Gede Yudi,ok,5,3.76.0,2023-05-06 14:28:42,Thank you for leaving a good comment to us. Let us know if you have any suggestion for improvement through https://www.traveloka.com/contactus . Stay around for more interesting offers from Traveloka Lifestyle Super App!,2023-05-06 14:42:13,3.76.0
Senja faDilla,"Saya sangt kecewa berat degan Traveloka,kmrin beli tiket Papua Lampung,mmng LBH murah tp 2 pesawat,lion dn Citilink,ya Allah kejam na orang maskapai jg,yah Giman mu keburu, terminal bejuhan,kirain 5 jam it benar tepat,ternyta cek in d Citilink Jakarta wkatu 1 jam,mana jauh menuju terminal eh tiba malah Sdh tutup..mana uang pas""n akhrna naik Trevel ke lampung.malah tambah mahal... terimakasih Traveloka Sdh menyiksa sy",1,3.76.0,2023-05-06 14:04:54,"Hai Fadilla, mohon maaf atas ketidaknyamanan yang kamu alami perihal pemesanan tiket penerbangan tersebut, jika kamu masih memiliki kendala Kakak bisa menghubungi kami dengan melampirkan nomor pesanan kamu melalui email kami di cs@traveloka.com ya Kak. Terima kasih. -AK",2023-05-06 14:19:35,3.76.0
Hairul Antoni,good,5,3.76.0,2023-05-06 13:49:31,"Hi, thank you very much for the positive review! Please feel free to contact us at https://www.traveloka.com/contactus we're more than happy to assist you and Stay tuned for more exciting offers on Traveloka Lifestyle Super App.",2023-05-06 14:12:07,3.76.0
Danik Astuti,"Oke sih apknya untuk booking, tp gunanya ada fitur paylater buat apa saat butuh daftarnya susah banget, pakai akun sendiri tidak disetujui, pakai akun anak juga sama, alasannya pun ga logis, banyak fitur tp tidak berguna, bukannya mempermudah justru menyulitkan. Tolong ya diperbaiki, maaf saya beri rating 1.",1,3.76.0,2023-05-06 13:39:56,"Hai Kak Danik. Mohon maaf sekali ya kak, kami akan berusaha semaksimal mungkin untuk memberikan pelayanan terbaik kami kak. Terkait laporan kamu, pada dasarnya kamu bisa hubungi kami di https://trv.lk/contactus, agar bisa kami bantu lebih lanjut. Terima kasih -KA",2023-05-06 13:44:20,3.76.0
danang chirno,good,5,3.76.0,2023-05-06 13:36:48,"Hi, thank you very much for the positive review! Please feel free to contact us at https://www.traveloka.com/contactus we're more than happy to assist you and Stay tuned for more exciting offers on Traveloka Lifestyle Super App.",2023-05-06 13:42:14,3.76.0
Gawang Restu Winduansah,Aplikasi ternama dengan customer service yang buruk!,1,3.76.0,2023-05-06 13:30:30,"Hai, Restu. Mohon maaf atas pengalaman yang kamu alami. Jika saat ini kamu ada kendala, silakan menghubungi kami melalui https://www.traveloka.com/contactus. Terima kasih -TK",2023-05-06 13:43:48,3.76.0
Agus Hendrawan,setakat ini puas hati,4,3.76.0,2023-05-06 13:01:51,"Halo Kak, terima kasih banyak atas ratingnya, semoga Kakak tetap nyaman dan selau setia menjadi pelanggan Traveloka. Yuk Kak pantengin terus Traveloka Lifestyle Super App karna kami selalu berikan promo-promo yg menarik loooh, jangan sampai ketinggalan ya :)",2023-05-06 13:12:06,3.76.0
herman ferikujua,sangat baik,5,3.76.0,2023-05-06 12:39:11,"Halo Kak, terima kasih banyak atas ratingnya, semoga Kakak tetap nyaman dan selau setia menjadi pelanggan Traveloka. Yuk Kak pantengin terus Traveloka Lifestyle Super App karna kami selalu berikan promo-promo yg menarik loooh, jangan sampai ketinggalan ya :)",2023-05-06 12:42:06,3.76.0
Fahrul Al-Bukhori,NOT RECOMMENDED..,1,3.46.0,2023-05-06 12:10:17,"Hai Kak Fahrul. Mohon maaf sekali ya kak, kami akan berusaha semaksimal mungkin untuk memberikan pelayanan terbaik kami kak. Jika memiliki kendala kamu bisa hubungi kami di https://trv.lk/contactus, agar bisa kami bantu lebih lanjut. Terima kasih -KA",2023-05-04 14:13:34,3.46.0
Putri Yuliana,sangat akurat. . dan amanah,5,3.74.0,2023-05-06 11:18:16,"Halo Kak, terima kasih banyak atas ratingnya, semoga Kakak tetap nyaman dan selau setia menjadi pelanggan Traveloka. Yuk Kak pantengin terus Traveloka Lifestyle Super App karna kami selalu berikan promo-promo yg menarik loooh, jangan sampai ketinggalan ya :)",2023-05-06 11:42:06,3.74.0
Sodara Maju Logistik,"Sungguh aneh, entah apa yang jadi penilaian traveloka, limit 50, terpakai 6 jutaan itu pun cicilan, limit di pangkas sisa 27 juta, pembayaran tidak pernah sekalipun telat, status akun disitu tertera SEHAT pembayaran SEHAT, lantas apa yang jadi landasan turun limit, apa maksud kalian ini pakai limit nya sampai habis lalu tinggalkan??? Begitu kah??",1,,2023-05-06 11:10:22,"Hai Kak, mohon maaf atas ketidaknyamanan yang kamu alami, perihal kendala pada PayLater kamu Kakak bisa menghubungi kami kembali dengan melampirkan nomor telepon dan alamat email yang terdaftar pada akun PayLater kamu ke akun IG PayLater Traveloka https://www.instagram.com/travelokapaylater/ ya. Makasih. -AK
",2023-05-06 11:14:20,
Mia Resmiati,sangat membantu dan memuaskan 👍,5,3.75.0,2023-05-06 10:58:14,"Halo Kak, terima kasih banyak atas ratingnya, semoga Kakak tetap nyaman dan selau setia menjadi pelanggan Traveloka. Yuk Kak pantengin terus Traveloka Lifestyle Super App karna kami selalu berikan promo-promo yg menarik loooh, jangan sampai ketinggalan ya :)",2023-05-06 11:12:08,3.75.0
Kasdi Priyanto,👍,5,3.76.0,2023-05-06 10:53:42,Makasih sudah menjadi pelanggan setia Traveloka ya Kasdi :). Terima kasih. -OR,2023-05-06 11:13:09,3.76.0
Suwitno Banyumas,is the best,5,3.76.0,2023-05-06 10:48:13,"Hi, we are so grateful to get a lot of support from you. Hope you continue to enjoy our offers. If you have any feedback or suggestions, let us know on https://www.traveloka.com/contactus, our customer service would love to serve you in 24 hours. Thank you!",2023-05-06 11:12:12,3.76.0
Hutapea Hutapea,bgus,5,3.76.0,2023-05-06 10:23:32,"Halo, Hutapea. Terima kasih banyak atas ratingnya, semoga Kakak tetap nyaman dan selau setia menjadi pelanggan Traveloka. Yuk Kak pantengin terus Traveloka Lifestyle Super App karna kami selalu berikan promo-promo yg menarik loooh, jangan sampai ketinggalan ya :) -IN",2023-05-06 10:43:35,3.76.0
Dani Ginting,bagus,4,3.69.0,2023-05-06 10:19:13,"Halo Kak, terima kasih banyak atas ratingnya, semoga Kakak tetap nyaman dan selau setia menjadi pelanggan Traveloka. Yuk Kak pantengin terus Traveloka Lifestyle Super App karna kami selalu berikan promo-promo yg menarik loooh, jangan sampai ketinggalan ya :)",2023-05-06 10:42:08,3.69.0
Baiq Atik,Di aplikasi lain tiket masih tersedia. Disini selalu sdh kosong. Padahal saya pengguna lama,2,3.76.0,2023-05-06 10:14:31,"Halo Atik, mohon maaf banget ketidaknyamanan ini ya. Pada dasarnya ketersediaan tiket bergantung dari masing-masing maskapai sebagai penyedia layanan ya. Kamu boleh cek berkala ketersediaan tiket di tanggal yang kamu inginkan. Terima kasih. -OR",2023-05-06 10:44:01,3.76.0
Jati Sumantri,nice,5,3.76.0,2023-05-06 10:08:38,"Hi, thank you very much for the positive review! Please feel free to contact us at https://www.traveloka.com/contactus we're more than happy to assist you and Stay tuned for more exciting offers on Traveloka Lifestyle Super App.",2023-05-06 10:12:06,3.76.0
atur afiko,masih menjadi pilihan 😊,5,3.76.0,2023-05-06 09:10:42,"Halo Kak, terima kasih banyak atas ratingnya, semoga Kakak tetap nyaman dan selau setia menjadi pelanggan Traveloka. Yuk Kak pantengin terus Traveloka Lifestyle Super App karna kami selalu berikan promo-promo yg menarik loooh, jangan sampai ketinggalan ya :)",2023-05-06 09:12:07,3.76.0
Made Desy Purnamayanti,"halo, kenapa saat mau refund klik refund aplikasi tiba2 keluar, apakah menu refund tidak bisa dilakukan ?",1,,2023-05-06 08:53:00,"Hai, Desy. Mohon maaf atas ketidaknyamanannya. Apabila kamu ada kendala pengajuan refund, silakan diinformasikan detail kendala yang dialami melalui email di cs@traveloka.com. Serta nomor pesanan Traveloka kamu diinfokan, agar nantinya bisa dilakukan pengecekan lebih lanjut. Terima kasih. -IN",2023-05-06 09:14:08,
febi andrian putra,ok,5,3.76.0,2023-05-06 08:18:50,"Hi, thank you very much for the positive review! Please feel free to contact us at https://www.traveloka.com/contactus we're more than happy to assist you and Stay tuned for more exciting offers on Traveloka Lifestyle Super App.",2023-05-06 08:42:15,3.76.0
Pom Gemolong,trimakasih sngt membantu,4,3.76.0,2023-05-06 08:08:35,"Halo Kak, terima kasih banyak atas ratingnya, semoga Kakak tetap nyaman dan selau setia menjadi pelanggan Traveloka. Yuk Kak pantengin terus Traveloka Lifestyle Super App karna kami selalu berikan promo-promo yg menarik loooh, jangan sampai ketinggalan ya :)",2023-05-06 08:12:15,3.76.0
Eddy Purnama,sangat baik,5,3.76.0,2023-05-06 07:51:21,"Hi Kak, senang banget nih dapat rating bagus dari Kakak, terima kasih juga atas feedbacknya! Kenyamanan Kakak adalah prioritas Kami, jika ada pertanyaan lainnya jangan sungkan ya untuk infokan pada kami di https://www.traveloka.com/contactus . Jangan sampai ketinggalan penawaran menarik lainnya di Traveloka Lifestye Super Apps.",2023-05-06 08:12:18,3.76.0
Yugo Permono,Aplikasi gak jelas buat pusing orang bae,1,3.76.0,2023-05-06 07:18:34,"Hai, Kak Yugo. Mohon maaf atas ketidaknyamanan yang kamu alami. Untuk membantu kami memahami kendala kamu, mohon bantuannya untuk menyampaikan detail kendala kamu melalui https://www.traveloka.com/id-id/contactus ya. Terima kasih. -PA",2023-05-06 07:45:20,3.76.0
Agus Widodo,ok,4,3.76.0,2023-05-06 05:54:53,"Hi, thank you very much for the positive review! Please feel free to contact us at https://www.traveloka.com/contactus we're more than happy to assist you and Stay tuned for more exciting offers on Traveloka Lifestyle Super App.",2023-05-06 06:12:06,3.76.0
Gede Widiantara,Ok,5,3.76.0,2023-05-06 05:45:24,"Hi, we are so grateful to get a lot of support from you. Hope you continue to enjoy our offers. If you have any feedback or suggestions, let us know on https://www.traveloka.com/contactus, our customer service would love to serve you in 24 hours. Thank you!",2023-05-06 06:12:09,3.76.0
Faqih Rahmatullah,Sangat memuaskan,5,,2023-05-06 05:44:49,"Hi Kak, terima kasih atas feedbacknya, semoga Kakak tetap setia dengan Traveloka. Jika ada pertanyaan lain bisa langsung infokan pada kami di https://www.traveloka.com/contactus ya, Kak. Pantau terus Traveloka Lifestyle Super App untuk penawaran spesial lainnya!",2023-05-06 06:12:11,
anon seftiana,"mohon bantuannya untuk traveloka, kami mau melakukan pembayaran paylater tapi kenapa tidak bisa melakukan pembayarannya ya? padahal setiap hari sudah di coba tapi tidak bisa dan setiap membuka untuk metode pembayaran selalu kembali ke beranda? untuk jaringan yg kita punya itu kuat dan sekarang akun traveloka saya logout sendiri, apakah bisa melakukan pembayaran paylater traveloka melalui email? mohon bantuannya untuk kami melakukan pembayaran melalui email, terimakasih.",4,3.76.0,2023-05-06 05:35:59,"Hai, Kak Anon. Kalau kamu terkendala melakukan pembayaran tagihan PayLater, segera hubungi CS Traveloka melalui laman https://www.traveloka.com/contactus atau Instagram PayLater Traveloka https://www.instagram.com/travelokapaylater/. Terima kasih. -AM",2023-05-06 05:44:55,3.76.0
Dadang Rizaldi,proses nya cepat dan layanan nya baik,5,3.76.0,2023-05-06 05:04:25,"Halo Kak, terima kasih banyak atas ratingnya, semoga Kakak tetap nyaman dan selau setia menjadi pelanggan Traveloka. Yuk Kak pantengin terus Traveloka Lifestyle Super App karna kami selalu berikan promo-promo yg menarik loooh, jangan sampai ketinggalan ya :)",2023-05-06 05:12:06,3.76.0
Yog Yok,very good,5,3.76.0,2023-05-06 04:24:10,"Hi, thank you very much for the positive review! Please feel free to contact us at https://www.traveloka.com/contactus we're more than happy to assist you and Stay tuned for more exciting offers on Traveloka Lifestyle Super App.",2023-05-06 04:42:06,3.76.0
Jojo Fitri,"Saya sangat kecewa dgn pelayanan traveloka, kendala refund sampai saat ini masih dalam proses aproval,riwayat refund saya pun masih kosong sudah 14hr sesuai ketentua...malah di tambah 7x24 jam lagi, ckckckckck...",1,3.76.0,2023-05-06 04:23:10,"Hai, Jojo. Mohon maaf atas pengalaman yang kamu alami. Pada dasarnya proses refund mengikuti kebijakan waktu yang ditentukan oleh pihak maskapai. Untuk lakukan pengecekan lebih lanjut, menghubungi kami melalui https://www.traveloka.com/contactus. Terima kasih.-TK",2023-05-03 11:16:29,3.76.0
Ali Mukhtar Al-Aimasy,Pelayanan bagus,5,3.76.0,2023-05-06 03:51:58,"Halo Kak, terima kasih banyak atas ratingnya, semoga Kakak tetap nyaman dan selau setia menjadi pelanggan Traveloka. Yuk Kak pantengin terus Traveloka Lifestyle Super App karna kami selalu berikan promo-promo yg menarik loooh, jangan sampai ketinggalan ya :)",2023-05-06 04:12:12,3.76.0
Nur Asiyah,scr hrg LBH miring dr toko sebelah,5,3.76.0,2023-05-06 03:39:54,"Halo Kak, terima kasih banyak atas ratingnya, semoga Kakak tetap nyaman dan selau setia menjadi pelanggan Traveloka. Yuk Kak pantengin terus Traveloka Lifestyle Super App karna kami selalu berikan promo-promo yg menarik loooh, jangan sampai ketinggalan ya :)",2023-05-06 03:42:07,3.76.0
Trisno Zzz,bagus,5,3.76.0,2023-05-06 03:39:14,"Hi Kak, senang banget nih dapat rating bagus dari Kakak, terima kasih juga atas feedbacknya! Kenyamanan Kakak adalah prioritas Kami, jika ada pertanyaan lainnya jangan sungkan ya untuk infokan pada kami di https://www.traveloka.com/contactus . Jangan sampai ketinggalan penawaran menarik lainnya di Traveloka Lifestye Super Apps.",2023-05-06 03:42:10,3.76.0
didiksusanto Susanto,terbaik,5,3.76.0,2023-05-06 03:30:29,"Hi Kak, terima kasih atas feedbacknya, semoga Kakak tetap setia dengan Traveloka. Jika ada pertanyaan lain bisa langsung infokan pada kami di https://www.traveloka.com/contactus ya, Kak. Pantau terus Traveloka Lifestyle Super App untuk penawaran spesial lainnya!",2023-05-06 03:42:12,3.76.0
Wahyu Wikan,👍👍👍,4,3.76.0,2023-05-06 03:12:09,"Hai, Wahyu. Terima kasih atas penilaian dan feedback dari kamu, kami akan terus meningkatkan kepuasan para pengguna. Jika ada pertanyaan lainnya jangan sungkan ya untuk infokan pada kami di https://www.traveloka.com/contactus. Jangan sampai ketinggalan juga penawaran menarik lainnya di Traveloka Lifestye Super Apps. Terima kasih. -KK",2023-05-06 03:45:47,3.76.0
Bayu Asmoro,"ga pernah gagal cari hotel,tiket pesawat, tiket kereta pakai aplikasi ini....top",5,3.76.0,2023-05-06 03:00:55,"Halo Kak, terima kasih banyak atas ratingnya, semoga Kakak tetap nyaman dan selau setia menjadi pelanggan Traveloka. Yuk Kak pantengin terus Traveloka Lifestyle Super App karna kami selalu berikan promo-promo yg menarik loooh, jangan sampai ketinggalan ya :)",2023-05-06 03:12:07,3.76.0
elsi wello,good,4,3.75.0,2023-05-06 02:40:23,"Hi, thank you very much for the positive review! Please feel free to contact us at https://www.traveloka.com/contactus we're more than happy to assist you and Stay tuned for more exciting offers on Traveloka Lifestyle Super App.",2023-05-06 02:42:06,3.75.0
Viktor Sepriy Pongrangga,amazing,5,3.76.0,2023-05-06 02:11:50,"Hi, thank you very much for the positive review! Please feel free to contact us at https://www.traveloka.com/contactus we're more than happy to assist you and Stay tuned for more exciting offers on Traveloka Lifestyle Super App.",2023-05-06 02:12:06,3.76.0
Ahmad Syukur,good,5,3.76.0,2023-05-06 02:04:38,"Hi, we are so grateful to get a lot of support from you. Hope you continue to enjoy our offers. If you have any feedback or suggestions, let us know on https://www.traveloka.com/contactus, our customer service would love to serve you in 24 hours. Thank you!",2023-05-06 02:12:10,3.76.0
agung novia,"mantap, cuma mau daftar paylaternya ribet",5,3.75.0,2023-05-06 01:36:45,"Halo Kak, terima kasih banyak atas ratingnya, semoga Kakak tetap nyaman dan selau setia menjadi pelanggan Traveloka. Yuk Kak pantengin terus Traveloka Lifestyle Super App karna kami selalu berikan promo-promo yg menarik loooh, jangan sampai ketinggalan ya :)",2023-05-06 01:42:07,3.75.0
Maryulisman (Antam),Memudahkan pilih transportasi dan akomodasi,5,3.53.0,2023-05-06 01:22:38,"Hi Kak, senang banget nih dapat rating bagus dari Kakak, terima kasih juga atas feedbacknya! Kenyamanan Kakak adalah prioritas Kami, jika ada pertanyaan lainnya jangan sungkan ya untuk infokan pada kami di https://www.traveloka.com/contactus . Jangan sampai ketinggalan penawaran menarik lainnya di Traveloka Lifestye Super Apps.",2023-05-06 01:42:10,3.53.0
gunawan wibisono,Jos Gandos,5,3.76.0,2023-05-06 00:10:39,"Hai, Gunawan. Terima kasih atas review yang kamu berikan dan terima kasih telah menggunakan Traveloka sebagai partner perjalanan kamu. -SY",2023-05-06 00:14:26,3.76.0
ade istiqomah,Ok,5,3.76.0,2023-05-06 00:05:44,"Hi, thank you very much for the positive review! Please feel free to contact us at https://www.traveloka.com/contactus we're more than happy to assist you and Stay tuned for more exciting offers on Traveloka Lifestyle Super App.",2023-05-06 00:12:08,3.76.0
Padlin Alen,mantap,5,3.76.0,2023-05-06 00:03:24,"Hi Kak, senang banget nih dapat rating bagus dari Kakak, terima kasih juga atas feedbacknya! Kenyamanan Kakak adalah prioritas Kami, jika ada pertanyaan lainnya jangan sungkan ya untuk infokan pada kami di https://www.traveloka.com/contactus . Jangan sampai ketinggalan penawaran menarik lainnya di Traveloka Lifestye Super Apps.",2023-05-06 00:12:11,3.76.0
ellyn meilia,terima kasih traveloka mempermudah perjalanan saya,5,3.76.0,2023-05-05 22:58:14,"Halo Kak, terima kasih banyak atas ratingnya, semoga Kakak tetap nyaman dan selau setia menjadi pelanggan Traveloka. Yuk Kak pantengin terus Traveloka Lifestyle Super App karna kami selalu berikan promo-promo yg menarik loooh, jangan sampai ketinggalan ya :)",2023-05-05 23:12:06,3.76.0
Muhammad Alhamid Iyek,bermacam-macam fiturnya dapat untuk membayar segala tagihan dan untuk perjalanan dan lain-lain saya sangat puas,5,3.76.0,2023-05-05 20:03:04,"Halo Kak, terima kasih banyak atas ratingnya, semoga Kakak tetap nyaman dan selau setia menjadi pelanggan Traveloka. Yuk Kak pantengin terus Traveloka Lifestyle Super App karna kami selalu berikan promo-promo yg menarik loooh, jangan sampai ketinggalan ya :)",2023-05-05 20:12:07,3.76.0
Eko Sri,ok,5,3.76.0,2023-05-05 18:54:09,"Hi, thank you very much for the positive review! Please feel free to contact us at https://www.traveloka.com/contactus we're more than happy to assist you and Stay tuned for more exciting offers on Traveloka Lifestyle Super App.",2023-05-05 19:12:07,3.76.0
Eko susanto,sangat membantu,5,3.76.0,2023-05-05 18:35:00,"Halo Kak, terima kasih banyak atas ratingnya, semoga Kakak tetap nyaman dan selau setia menjadi pelanggan Traveloka. Yuk Kak pantengin terus Traveloka Lifestyle Super App karna kami selalu berikan promo-promo yg menarik loooh, jangan sampai ketinggalan ya :)",2023-05-05 18:42:07,3.76.0
Sonny Cornelly,Masih -masih Jelek ! .,1,3.76.0,2023-05-05 16:35:25,"Hi, Kak Sonny.",2022-10-07 02:32:09,3.76.0
Matta 08,sangat mempermudah,5,3.76.0,2023-05-05 14:52:42,"Hi Kak, senang banget nih dapat rating bagus dari Kakak, terima kasih juga atas feedbacknya! Kenyamanan Kakak adalah prioritas Kami, jika ada pertanyaan lainnya jangan sungkan ya untuk infokan pada kami di https://www.traveloka.com/contactus . Jangan sampai ketinggalan penawaran menarik lainnya di Traveloka Lifestye Super Apps.",2023-05-05 15:12:09,3.76.0
rebbeka eka,cepat dan simple mempermudah pekerjaan terima kasih,5,3.76.0,2023-05-05 14:39:08,"Halo Kak, terima kasih banyak atas ratingnya, semoga Kakak tetap nyaman dan selau setia menjadi pelanggan Traveloka. Yuk Kak pantengin terus Traveloka Lifestyle Super App karna kami selalu berikan promo-promo yg menarik loooh, jangan sampai ketinggalan ya :)",2023-05-05 14:42:06,3.76.0
ibenk _92,goodddd,5,3.76.0,2023-05-05 14:20:00,"Hi, we are so grateful to get a lot of support from you. Hope you continue to enjoy our offers. If you have any feedback or suggestions, let us know on https://www.traveloka.com/contactus, our customer service would love to serve you in 24 hours. Thank you!",2023-05-05 14:42:09,3.76.0
Idris Ris,mantap,5,3.76.0,2023-05-05 14:17:11,"Hi Kak, terima kasih atas feedbacknya, semoga Kakak tetap setia dengan Traveloka. Jika ada pertanyaan lain bisa langsung infokan pada kami di https://www.traveloka.com/contactus ya, Kak. Pantau terus Traveloka Lifestyle Super App untuk penawaran spesial lainnya!",2023-05-05 14:42:11,3.76.0
Irwan Risandi,"cepat ga ribet,semoga selalu melayani dengan sangat baik...",4,3.76.0,2023-05-05 13:31:32,"Halo Kak, terima kasih banyak atas ratingnya, semoga Kakak tetap nyaman dan selau setia menjadi pelanggan Traveloka. Yuk Kak pantengin terus Traveloka Lifestyle Super App karna kami selalu berikan promo-promo yg menarik loooh, jangan sampai ketinggalan ya :)",2023-05-05 13:42:07,3.76.0
"Hotwy Gultom, SH., MH",luarbiasa,5,3.76.0,2023-05-05 12:58:39,"Halo, Hotwy. Senangnya dapat bintang lima dari kamu. Terima kasih untuk apresiasinya ya, semoga kamu tetap nyaman dan selalu setia menjadi pelanggan Traveloka. Jangan lupa pantengin terus Traveloka, karena akan selalu ada promo yang menarik. -SM",2023-05-05 13:13:34,3.76.0
Diana Agatha,sangat membantu terimakasih,5,3.76.0,2023-05-05 12:50:33,"Halo Kak, terima kasih banyak atas ratingnya, semoga Kakak tetap nyaman dan selau setia menjadi pelanggan Traveloka. Yuk Kak pantengin terus Traveloka Lifestyle Super App karna kami selalu berikan promo-promo yg menarik loooh, jangan sampai ketinggalan ya :)",2023-05-05 13:12:11,3.76.0
Rahmad Jefriandi,Mntap,4,2.11.1,2023-05-05 12:09:26,"Halo Kak, terima kasih banyak atas ratingnya, semoga Kakak tetap nyaman dan selau setia menjadi pelanggan Traveloka. Yuk Kak pantengin terus Traveloka Lifestyle Super App karna kami selalu berikan promo-promo yg menarik loooh, jangan sampai ketinggalan ya :)",2023-05-05 12:12:07,2.11.1
Marten,Lmyn membantu,2,3.61.0,2023-05-05 12:04:08,"Halo Marten, makasih untuk feedback yang kamu sampaikan ya. Jika kamu ada pertanyaan ataupun kendala perihal Traveloka, boleh sampaikan melalui tautan ini https://www.traveloka.com/id-id/contactus untuk bantuan lebih lanjut ya. Terima kasih. -OR",2023-05-05 12:15:36,3.61.0
Budi Untoro,OK,5,3.76.0,2023-05-05 12:03:38,"Hi, we are so grateful to get a lot of support from you. Hope you continue to enjoy our offers. If you have any feedback or suggestions, let us know on https://www.traveloka.com/contactus, our customer service would love to serve you in 24 hours. Thank you!",2023-05-05 12:12:11,3.76.0
Iwan Zamorano,sangat membantu,5,3.76.0,2023-05-05 11:42:46,"Hi Kak, terima kasih atas feedbacknya, semoga Kakak tetap setia dengan Traveloka. Jika ada pertanyaan lain bisa langsung infokan pada kami di https://www.traveloka.com/contactus ya, Kak. Pantau terus Traveloka Lifestyle Super App untuk penawaran spesial lainnya!",2023-05-05 12:12:14,3.76.0
Korindo Farm Channel,nagihin,5,3.76.0,2023-05-05 11:37:24,"Halo, Kak. Terima kasih atas feedback dan taring yang kamu berikan, jangan sungkan untuk hubungi kami ya jika mempunyai pertanyaan. Kakak bisa hubungi kami melalui https://www.traveloka.com/id-id/contactus ya. Terima kasih. -PA",2023-05-05 11:44:15,3.76.0
Fundio Moko,the best 🤍🤍🤍,5,3.76.0,2023-05-05 11:33:13,Thank you for leaving a good comment to us. Let us know if you have any suggestion for improvement through https://www.traveloka.com/contactus . Stay around for more interesting offers from Traveloka Lifestyle Super App!,2023-05-05 11:42:26,3.76.0
"Abdul Rahim, AP",Mantap,5,,2023-05-05 11:25:54,"Halo Kak, terima kasih banyak atas ratingnya, semoga Kakak tetap nyaman dan selau setia menjadi pelanggan Traveloka. Yuk Kak pantengin terus Traveloka Lifestyle Super App karna kami selalu berikan promo-promo yg menarik loooh, jangan sampai ketinggalan ya :)",2023-05-05 11:42:28,
hamonangan umi,good,5,3.76.0,2023-05-05 11:14:06,"Hi, we are so grateful to get a lot of support from you. Hope you continue to enjoy our offers. If you have any feedback or suggestions, let us know on https://www.traveloka.com/contactus, our customer service would love to serve you in 24 hours. Thank you!",2023-05-05 11:42:31,3.76.0
Zayman Ali,bagus,5,3.76.0,2023-05-05 09:52:02,"Halo Kak, terima kasih banyak atas ratingnya, semoga Kakak tetap nyaman dan selau setia menjadi pelanggan Traveloka. Yuk Kak pantengin terus Traveloka Lifestyle Super App karna kami selalu berikan promo-promo yg menarik loooh, jangan sampai ketinggalan ya :)",2023-05-05 10:12:06,3.76.0
Ahmad Yudan,ok,4,3.76.0,2023-05-05 09:47:23,"Hi, we are so grateful to get a lot of support from you. Hope you continue to enjoy our offers. If you have any feedback or suggestions, let us know on https://www.traveloka.com/contactus, our customer service would love to serve you in 24 hours. Thank you!",2023-05-05 10:12:09,3.76.0
Imam Makhruf,good,5,3.76.0,2023-05-05 08:51:03,"Hi, thank you very much for the positive review! Please feel free to contact us at https://www.traveloka.com/contactus we're more than happy to assist you and Stay tuned for more exciting offers on Traveloka Lifestyle Super App.",2023-05-05 09:12:06,3.76.0
Ipank Scumbag,sangat baik sekali,5,3.76.0,2023-05-05 08:45:26,"Hi Kak, senang banget nih dapat rating bagus dari Kakak, terima kasih juga atas feedbacknya! Kenyamanan Kakak adalah prioritas Kami, jika ada pertanyaan lainnya jangan sungkan ya untuk infokan pada kami di https://www.traveloka.com/contactus . Jangan sampai ketinggalan penawaran menarik lainnya di Traveloka Lifestye Super Apps.",2023-05-05 09:12:09,3.76.0
b. susantyo,simple,4,3.76.0,2023-05-05 08:34:15,"Hi, thank you very much for the positive review! Please feel free to contact us at https://www.traveloka.com/contactus we're more than happy to assist you and Stay tuned for more exciting offers on Traveloka Lifestyle Super App.",2023-05-05 08:42:06,3.76.0
Rasid Musuri,baik,5,3.76.0,2023-05-05 08:29:33,"Hi Kak, senang banget nih dapat rating bagus dari Kakak, terima kasih juga atas feedbacknya! Kenyamanan Kakak adalah prioritas Kami, jika ada pertanyaan lainnya jangan sungkan ya untuk infokan pada kami di https://www.traveloka.com/contactus . Jangan sampai ketinggalan penawaran menarik lainnya di Traveloka Lifestye Super Apps.",2023-05-05 08:42:09,3.76.0
malik dulqurnain,good,5,3.76.0,2023-05-05 08:11:13,"Hi, thank you very much for the positive review! Please feel free to contact us at https://www.traveloka.com/contactus we're more than happy to assist you and Stay tuned for more exciting offers on Traveloka Lifestyle Super App.",2023-05-05 08:12:06,3.76.0
Trianto Trianto,exelence,5,3.76.0,2023-05-05 07:31:05,"Hi, thank you very much for the positive review! Please feel free to contact us at https://www.traveloka.com/contactus we're more than happy to assist you and Stay tuned for more exciting offers on Traveloka Lifestyle Super App.",2023-05-05 07:42:08,3.76.0
Koko Akmal,mantap,5,3.76.0,2023-05-05 07:23:43,"Hi Kak, senang banget nih dapat rating bagus dari Kakak, terima kasih juga atas feedbacknya! Kenyamanan Kakak adalah prioritas Kami, jika ada pertanyaan lainnya jangan sungkan ya untuk infokan pada kami di https://www.traveloka.com/contactus . Jangan sampai ketinggalan penawaran menarik lainnya di Traveloka Lifestye Super Apps.",2023-05-05 07:42:11,3.76.0
Suherman Agra,Sangat dimudahkan,4,3.76.0,2023-05-05 07:20:20,"Hi Kak, terima kasih atas feedbacknya, semoga Kakak tetap setia dengan Traveloka. Jika ada pertanyaan lain bisa langsung infokan pada kami di https://www.traveloka.com/contactus ya, Kak. Pantau terus Traveloka Lifestyle Super App untuk penawaran spesial lainnya!",2023-05-05 07:42:13,3.76.0
Fajardr Fajar,tq... sangatt membantu,5,3.76.0,2023-05-05 07:19:26,"Hai Fajar. Terima kasih banyak atas ratingnya, semoga kamu tetap nyaman dan selalu setia menjadi pelanggan Traveloka. Yuk Kak pantengin terus Traveloka Lifestyle Super App karna kami selalu berikan promo-promo yang menarik. Jangan sampai ketinggalan ya. :) -FR",2023-05-05 07:44:51,3.76.0
Joel Kusuma,terkadang harga lebih mahal drpd sebelah.. jgn lupa bandingkan sebelum pesan,1,3.76.0,2023-05-05 07:11:07,"Hai, Joel. Pada dasarnya harga tiket bersifat fluktuatif atau berubah-ubah sesuai dengan pembaruan harga oleh pihak maskapai. Harga yang dinaikkan oleh maskapai penerbangan terjadi karena beberapa faktor seperti, kapasitas atau kuota kursi berubah dan fluktuasi mata uang. Terima kasih.-TK",2023-05-05 07:15:12,3.76.0
Najwa Btg,Bagusßssssgkxfjjy tapi bolong jelek gessss,3,3.76.0,2023-05-05 06:49:28,"Hai, Najwa. Kami meminta maaf atas kendala yang kamu alami. Kamu dapat menghubungi kami melalui https://www.traveloka.com/id-id/contactus agar masalahmu bisa diselesaikan secepat mungkin.
Kami akan berikan solusi terbaik agar kamu dapat merasa puas dan layanan kami layak mendapatkan rating yang lebih baik. Terima kasih. -OE",2023-05-05 07:12:57,3.76.0
Herry Wishnu,Memuaskan,5,3.76.0,2023-05-05 06:37:46,"Hi Kak, senang banget nih dapat rating bagus dari Kakak, terima kasih juga atas feedbacknya! Kenyamanan Kakak adalah prioritas Kami, jika ada pertanyaan lainnya jangan sungkan ya untuk infokan pada kami di https://www.traveloka.com/contactus . Jangan sampai ketinggalan penawaran menarik lainnya di Traveloka Lifestye Super Apps.",2023-05-05 06:42:09,3.76.0
Deasy Tresnawati,ok,5,3.76.0,2023-05-05 06:33:10,Thank you for leaving a good comment to us. Let us know if you have any suggestion for improvement through https://www.traveloka.com/contactus . Stay around for more interesting offers from Traveloka Lifestyle Super App!,2023-05-05 06:42:11,3.76.0
Ahmad Fahruddin,mantap,5,3.76.0,2023-05-05 06:07:01,"Halo Kak, terima kasih banyak atas ratingnya, semoga Kakak tetap nyaman dan selau setia menjadi pelanggan Traveloka. Yuk Kak pantengin terus Traveloka Lifestyle Super App karna kami selalu berikan promo-promo yg menarik loooh, jangan sampai ketinggalan ya :)",2023-05-05 06:15:48,3.76.0
Sugeng T Tiono,good . I like,5,3.76.0,2023-05-05 05:48:56,Thank you for leaving a good comment to us. Let us know if you have any suggestion for improvement through https://www.traveloka.com/contactus . Stay around for more interesting offers from Traveloka Lifestyle Super App!,2023-05-05 06:15:54,3.76.0
Manzo Manzo212,membantu perjalanan saya,5,3.76.0,2023-05-05 05:42:33,"Halo Kak, terima kasih banyak atas ratingnya, semoga Kakak tetap nyaman dan selau setia menjadi pelanggan Traveloka. Yuk Kak pantengin terus Traveloka Lifestyle Super App karna kami selalu berikan promo-promo yg menarik loooh, jangan sampai ketinggalan ya :)",2023-05-05 06:15:57,3.76.0
Aan Setiawan,mantap,5,3.76.0,2023-05-05 05:38:11,"Halo Kak, terima kasih banyak atas ratingnya, semoga Kakak tetap nyaman dan selau setia menjadi pelanggan Traveloka. Yuk Kak pantengin terus Traveloka Lifestyle Super App karna kami selalu berikan promo-promo yg menarik loooh, jangan sampai ketinggalan ya :)",2023-05-05 05:42:10,3.76.0
Anisada Ningsih,puas,1,3.76.0,2023-05-05 05:27:44,"Hai Anisada, terima kasih sudah menggunakan Traveloka. Jika ada pertanyaan atau kendala yang bisa kami bantu, silakan hubungi kami melalui https://www.traveloka.com/id-id/contactus ya. Terima kasih. -NA",2023-05-05 05:44:30,3.76.0
Romy Januar Hapsara A,Kenapa aplikasi Traveloka sekarang sering sekali lemottt???utk cek tiket sja susah TDK bsa connect,2,3.76.0,2023-05-05 05:08:32,"Hai, Kak Romy. Mohon maaf atas ketidaknyamanannya ya. Dipastikan untuk kenyamanan pengguna Traveloka, kami akan perbaiki dan tingkatkan performa Traveloka. Pastikan juga untuk jaringan internet kamu dalam kondisi stabil untuk membuka aplikasi Traveloka ya. Terima kasih. -WR",2023-05-05 05:15:22,3.76.0
Eko Batam,good,5,3.64.0,2023-05-05 04:49:31,"Hi, thank you very much for the positive review! Please feel free to contact us at https://www.traveloka.com/contactus we're more than happy to assist you and Stay tuned for more exciting offers on Traveloka Lifestyle Super App.",2023-05-05 05:12:09,3.64.0
M F,Kecewa sm traveloka..masa cek hotel beda tanggal selalu status kamar tidak tersedia. Tapi kalau pakai akun lain kamar tersedia.. payah nih..mending pesen voucher hotel di aku.. haha,2,3.76.0,2023-05-05 04:37:04,"Hai Kak. Maaf buat kamu gak nyaman. Untuk ketersediaan kamar di aplikasi Traveloka, mengikuti update pihak Hotel. Kamu bisa cek berkala ya. Untuk info lebih lanjut, mohon hubungi kami melalui link https://www.traveloka.com/id-id/contactus. Terima kasih. -RM",2023-05-05 04:44:56,3.76.0
Ichwanul Hanif,baik,5,3.75.0,2023-05-05 03:47:11,"Halo Kak, terima kasih banyak atas ratingnya, semoga Kakak tetap nyaman dan selau setia menjadi pelanggan Traveloka. Yuk Kak pantengin terus Traveloka Lifestyle Super App karna kami selalu berikan promo-promo yg menarik loooh, jangan sampai ketinggalan ya :)",2023-05-05 04:12:12,3.75.0
Mbok dhewor Nur kolis,good job,5,3.76.0,2023-05-05 03:20:55,"Hi, thank you very much for the positive review! Please feel free to contact us at https://www.traveloka.com/contactus we're more than happy to assist you and Stay tuned for more exciting offers on Traveloka Lifestyle Super App.",2023-05-05 03:42:07,3.76.0
Abah Siswo Hasan,mantap..pelayanannya ditingkat terus 👍🏻☕,5,3.65.0,2023-05-05 03:13:28,"Hi Kak, senang banget nih dapat rating bagus dari Kakak, terima kasih juga atas feedbacknya! Kenyamanan Kakak adalah prioritas Kami, jika ada pertanyaan lainnya jangan sungkan ya untuk infokan pada kami di https://www.traveloka.com/contactus . Jangan sampai ketinggalan penawaran menarik lainnya di Traveloka Lifestye Super Apps.",2023-05-05 03:42:10,3.65.0
Rayhan Iskandar,sangat bagus,4,,2023-05-05 02:54:49,"Halo Kak, terima kasih banyak atas ratingnya, semoga Kakak tetap nyaman dan selau setia menjadi pelanggan Traveloka. Yuk Kak pantengin terus Traveloka Lifestyle Super App karna kami selalu berikan promo-promo yg menarik loooh, jangan sampai ketinggalan ya :)",2023-05-05 03:12:07,
solihun,rekomended,5,3.69.1,2023-05-05 02:45:50,"Hi Kak, senang banget nih dapat rating bagus dari Kakak, terima kasih juga atas feedbacknya! Kenyamanan Kakak adalah prioritas Kami, jika ada pertanyaan lainnya jangan sungkan ya untuk infokan pada kami di https://www.traveloka.com/contactus . Jangan sampai ketinggalan penawaran menarik lainnya di Traveloka Lifestye Super Apps.",2023-05-05 03:12:10,3.69.1
Winarno Ajah,good,5,3.76.0,2023-05-05 02:30:42,"Hi, thank you very much for the positive review! Please feel free to contact us at https://www.traveloka.com/contactus we're more than happy to assist you and Stay tuned for more exciting offers on Traveloka Lifestyle Super App.",2023-05-05 02:42:14,3.76.0
Maria Olo,sangat bagus,4,3.76.0,2023-05-05 02:27:46,"Hi Kak, senang banget nih dapat rating bagus dari Kakak, terima kasih juga atas feedbacknya! Kenyamanan Kakak adalah prioritas Kami, jika ada pertanyaan lainnya jangan sungkan ya untuk infokan pada kami di https://www.traveloka.com/contactus . Jangan sampai ketinggalan penawaran menarik lainnya di Traveloka Lifestye Super Apps.",2023-05-05 02:42:17,3.76.0
Ali Gusman,liburan senang bersama Traveloka,5,3.20.2,2023-05-05 02:17:30,"Hi Kak, terima kasih atas feedbacknya, semoga Kakak tetap setia dengan Traveloka. Jika ada pertanyaan lain bisa langsung infokan pada kami di https://www.traveloka.com/contactus ya, Kak. Pantau terus Traveloka Lifestyle Super App untuk penawaran spesial lainnya!",2023-05-05 02:42:20,3.20.2
Anjar Kila,sangat memudahkan,5,3.76.0,2023-05-05 02:11:45,"Halo Kak, terima kasih banyak atas ratingnya, semoga Kakak tetap nyaman dan selau setia menjadi pelanggan Traveloka. Yuk Kak pantengin terus Traveloka Lifestyle Super App karna kami selalu berikan promo-promo yg menarik loooh, jangan sampai ketinggalan ya :)",2023-05-05 02:12:06,3.76.0
Zulkifli Mawaria,good,5,3.76.0,2023-05-05 01:59:47,"Hi, we are so grateful to get a lot of support from you. Hope you continue to enjoy our offers. If you have any feedback or suggestions, let us know on https://www.traveloka.com/contactus, our customer service would love to serve you in 24 hours. Thank you!",2023-05-05 02:12:10,3.76.0
subur mahali,oke bgt,5,3.76.0,2023-05-05 01:53:02,"Hi Kak, terima kasih atas feedbacknya, semoga Kakak tetap setia dengan Traveloka. Jika ada pertanyaan lain bisa langsung infokan pada kami di https://www.traveloka.com/contactus ya, Kak. Pantau terus Traveloka Lifestyle Super App untuk penawaran spesial lainnya!",2023-05-05 02:12:12,3.76.0
Hosea christhen,Paling the best traveloka....pesannya gampang dan refundnya juga gampang...pertahankan,5,,2023-05-05 01:42:16,"Halo Kak, terima kasih banyak atas ratingnya, semoga Kakak tetap nyaman dan selau setia menjadi pelanggan Traveloka. Yuk Kak pantengin terus Traveloka Lifestyle Super App karna kami selalu berikan promo-promo yg menarik loooh, jangan sampai ketinggalan ya :)",2023-05-05 02:12:15,
Eka Fauzimar,Alhamdulillah selalu pakai Traveloka utk pesan penginapan,4,3.76.0,2023-05-05 01:33:19,"Halo Kak, terima kasih banyak atas ratingnya, semoga Kakak tetap nyaman dan selau setia menjadi pelanggan Traveloka. Yuk Kak pantengin terus Traveloka Lifestyle Super App karna kami selalu berikan promo-promo yg menarik loooh, jangan sampai ketinggalan ya :)",2023-05-05 01:42:07,3.76.0
Octam Chandra,"Tiket saya gimana ini heyy sampe skrng belum selesai juga ,2x saya rugi karna traveloka",1,3.73.0,2023-05-05 01:25:29,"Hai, Octam. Maaf banget ya buat kendala yang terjadi. Agar bisa kami bantu pengecekan lebih lanjut, mohon dibantu infokan detail kendala yang terjadi melalui link https://www.traveloka.com/id-id/contactus. Terima kasih. -RF",2023-05-05 01:45:29,3.73.0
IRIANTO LEGOWO,"Sangat2 membantu disaat kondisi keuangan ""mepet"", tapi dg aplikasi traveloka....bisa dapat Hotel sesuai budget tipis. #Mantul...traveloka...sahabat setia si budget tipis",5,3.69.0,2023-05-05 00:38:24,"Hai Tri. Terima kasih telah menjadikan Traveloka sebagai mitra perjalanan kamu. Apabila kamu memiliki pertanyaan terkait pemesanan di Traveloka, mohon hubungi kami melalui tautan ini https://www.traveloka.com/id-id/contactus untuk dibantu cek lebih lanjut. Terima kasih 🙏 -AS",2023-05-05 00:51:58,3.69.0
Julius Selan,Luar biasa cara kerjanya cepat,5,3.76.0,2023-05-05 00:06:28,"Halo Kak, terima kasih banyak atas ratingnya, semoga Kakak tetap nyaman dan selau setia menjadi pelanggan Traveloka. Yuk Kak pantengin terus Traveloka Lifestyle Super App karna kami selalu berikan promo-promo yg menarik loooh, jangan sampai ketinggalan ya :)",2023-05-05 00:12:06,3.76.0
Aa Sugandi,paling murah dan sering ada promo🙏😁,5,3.76.0,2023-05-04 23:20:59,"Halo Kak, terima kasih banyak atas ratingnya, semoga Kakak tetap nyaman dan selau setia menjadi pelanggan Traveloka. Yuk Kak pantengin terus Traveloka Lifestyle Super App karna kami selalu berikan promo-promo yg menarik loooh, jangan sampai ketinggalan ya :)",2023-05-04 23:42:07,3.76.0
31_ راشد رضى,halaman awal selalu terjadi masalah,1,3.76.0,2023-05-04 23:10:40,"Hai, Kak. Mohon maaf atas ketidaknyamanan yang Kamu alami. Untuk membantu kami memahami kendala kamu, mohon bantuannya untuk menginformasikan detail kendala yang dimaksud beserta nomor pesanan kamu (jika ada) melalui pesan pada aplikasi kamu atau melalui email ke cs@traveloka.com. Agar kami bantu lebih cek lebih lanjut. Terima kasih. -CA",2023-04-27 22:44:10,3.76.0
Abdul Majid,Alhamdulillah,4,3.76.0,2023-05-04 22:40:39,"Halo Kak, terima kasih banyak atas ratingnya, semoga Kakak tetap nyaman dan selau setia menjadi pelanggan Traveloka. Yuk Kak pantengin terus Traveloka Lifestyle Super App karna kami selalu berikan promo-promo yg menarik loooh, jangan sampai ketinggalan ya :)",2023-05-04 22:42:07,3.76.0
cahaya mutammam,Traveloka kenapa sih sekian tahun pakai ok aja tetiba sekarang aplikasi bukan hanya lelet bahkan ga bisa di pakai. Bukan soal sayang point tapi susah dipakai saat dibutuhkan.,4,3.76.0,2023-05-04 21:08:23,"Halo, Cahaya. Kami mohon maaf atas kendala yang dialami saat menggunakan aplikasi kami. Untuk investigasi lebih lanjut, kamu bisa kirimkan kembali penjelasan kendala yang ditemui via https://www.traveloka.com/contactus. Kami akan memperbaikinya secepat mungkin. Terima kasih 🙏 -RU",2023-05-04 21:14:02,3.76.0
Rudy Darmawan,good 👍,5,3.76.0,2023-05-04 16:40:54,"Hi, thank you very much for the positive review! Please feel free to contact us at https://www.traveloka.com/contactus we're more than happy to assist you and Stay tuned for more exciting offers on Traveloka Lifestyle Super App.",2023-05-04 16:42:07,3.76.0
IBNU S,👍,5,3.76.0,2023-05-04 16:28:12,"Hai, Kak Ibnu. Terima kasih atas ratingnya Kak. Mimin tunggu pesanan kamu berikutnya ya. Semoga sehat selalu 😊 -RZ",2023-05-04 16:45:33,3.76.0
Rifnal Rajo Nan Sati,ok,3,3.76.0,2023-05-04 15:27:13,"Hai, Kak Rifnal. Terima atas ratingnya Kak. Mimin tunggu pesanan kamu ya, semoga sehat selalu 😊 -RZ",2023-05-04 15:46:27,3.76.0
Asen Sby,"TRAVELOKA sudah beberapa kali gak bisa dipercaya. Sudah capek beli tiket di TRAVELOKA. Menghabiskan waktu saja. Mulai dari ketidakmampuan memberikan e tiket padahal sudah dibayar sampe molor sehari lebih, sampe janji bisa reschedule ternyata ruwet molor bertele2. Urusan jadi ribet pake TRAVELOKA. Mending beli langsung di maskapai nya atau pihak kereta api nya langsung.",1,3.76.0,2023-05-04 15:08:45,"Hai, Kak Asen. Sebelumnya mohon maaf sudah membuat kamu nggak nyaman. Mimin bantu lakukan pengecekan, saat ini kendala kamu sedang ditindaklanjuti oleh tim Flight Specialist melalui pesan aplikasi dengan nomor laporan 32xxxx85. Mohon ditunggu konfirmasi kembali ya Kak. Terima kasih. -RZ",2023-05-04 15:17:28,3.76.0
Glory victor,Traveloka kalau minta reschedule biaya tambahannya banyak bgt.,1,3.76.0,2023-05-04 15:02:17,"Hai, Kak Victor. Untuk penambahan biaya pada pengajuan reschedule terdapat biaya dari maskapai juga Kak. Sehingga untuk biaya akan disesuaikan juga dari masing-masing maskapai. Terima kasih. -RZ",2023-05-04 15:14:13,3.76.0
riza hasby,senang dan nyaman pakai traveloka,5,3.76.0,2023-05-04 14:54:56,"Halo Kak, terima kasih banyak atas ratingnya, semoga Kakak tetap nyaman dan selau setia menjadi pelanggan Traveloka. Yuk Kak pantengin terus Traveloka Lifestyle Super App karna kami selalu berikan promo-promo yg menarik loooh, jangan sampai ketinggalan ya :)",2023-05-04 15:12:09,3.76.0
Rochmad Nugroho,TOP MANTULLLL,5,3.76.0,2023-05-04 14:40:24,"Halo Kak, terima kasih banyak atas ratingnya, semoga Kakak tetap nyaman dan selau setia menjadi pelanggan Traveloka. Yuk Kak pantengin terus Traveloka Lifestyle Super App karna kami selalu berikan promo-promo yg menarik loooh, jangan sampai ketinggalan ya :)",2023-05-04 14:42:07,3.76.0
Mohammad Arda,Susah daftar paylater,1,3.76.0,2023-05-04 14:26:09,"Halo Arda, mohon maaf ketidaknyamanan ini ya. Boleh infokan email dan nomor ponsel PayLater kamu melalui tautan ini https://www.traveloka.com/id-id/contactus untuk pengecekan lebih lanjut ya. Terima kasih. -OR",2023-05-04 14:47:09,3.76.0
Fredrik Debeturu,"cukup mempermudah proses pembelian tiket secara online saat kita sibuk bekerja dan tidak bisa memesan langsung ke stasiun/bandara.. selain itu juga mempermudah orang untuk melihat jadwal keberangkatan, promo menarik, dan tiket yang tersedia secara online..",5,3.76.0,2023-05-04 14:09:33,"Halo Kak, terima kasih banyak atas ratingnya, semoga Kakak tetap nyaman dan selau setia menjadi pelanggan Traveloka. Yuk Kak pantengin terus Traveloka Lifestyle Super App karna kami selalu berikan promo-promo yg menarik loooh, jangan sampai ketinggalan ya :)",2023-05-04 14:12:08,3.76.0
SiKembar 3 (Dzakiya Dzamar Dzakir),ok,5,3.76.0,2023-05-04 13:21:55,"Hi, thank you very much for the positive review! Please feel free to contact us at https://www.traveloka.com/contactus we're more than happy to assist you and Stay tuned for more exciting offers on Traveloka Lifestyle Super App.",2023-05-04 13:42:07,3.76.0
Anugrah Siahaan,"Gw gak pake aplikasinya, cuman rating rendah. Gara2 iklan ni aplikasi muncul mulu, ganggu bgst.",1,3.17.3,2023-05-04 13:04:57,Hai Kak. Mohon maaf atas ketidaknyamanannya. Mohon untuk sampaikan keluhan kamu secara detail melalui https://www.traveloka.com/id-id/contactus. Supaya kami dapat membantu permasalahan kamu. Terima kasih. -DA,2023-05-04 13:12:57,3.17.3
suprojo mister,"bagus, memuaskan",5,3.76.0,2023-05-04 13:04:48,"Halo Kak, terima kasih banyak atas ratingnya, semoga Kakak tetap nyaman dan selau setia menjadi pelanggan Traveloka. Yuk Kak pantengin terus Traveloka Lifestyle Super App karna kami selalu berikan promo-promo yg menarik loooh, jangan sampai ketinggalan ya :)",2023-05-04 13:12:08,3.76.0
Kashuri Huri,sangat bagus,5,3.76.0,2023-05-04 12:44:12,"Hi Kak, senang banget nih dapat rating bagus dari Kakak, terima kasih juga atas feedbacknya! Kenyamanan Kakak adalah prioritas Kami, jika ada pertanyaan lainnya jangan sungkan ya untuk infokan pada kami di https://www.traveloka.com/contactus . Jangan sampai ketinggalan penawaran menarik lainnya di Traveloka Lifestye Super Apps.",2023-05-04 13:12:11,3.76.0
Yuli Purwani,Lebih mempermudah meskipun kita tinggal di pelosok desa☺️trimakasih,5,3.51.2,2023-05-04 12:25:23,"Halo Kak, terima kasih banyak atas ratingnya, semoga Kakak tetap nyaman dan selau setia menjadi pelanggan Traveloka. Yuk Kak pantengin terus Traveloka Lifestyle Super App karna kami selalu berikan promo-promo yg menarik loooh, jangan sampai ketinggalan ya :)",2023-05-04 12:42:06,3.51.2
Sugiyarto Sugiyarto,ok,4,3.76.0,2023-05-04 12:20:18,"Hi, we are so grateful to get a lot of support from you. Hope you continue to enjoy our offers. If you have any feedback or suggestions, let us know on https://www.traveloka.com/contactus, our customer service would love to serve you in 24 hours. Thank you!",2023-05-04 12:42:09,3.76.0
Husnin,Harga tidak sesuai aplikasi bgstt,1,3.76.0,2023-05-04 11:50:18,"Halo Husnin, mohon maaf banget terkait hal ini ya. Pada dasarnya harga di Traveloka bersifat fluktuatif/dapat berubah sewaktu-waktu. Kamu bisa juga gunakan promo yang sedang berlangsung di aplikasi Traveloka supaya bisa mendapatkan harga yang lebih menarik ya. Terima kasih. -OR",2023-05-04 12:17:08,3.76.0
Shindu Sukmanagara,nice,5,3.73.0,2023-05-04 11:34:29,"Hi, thank you very much for the positive review! Please feel free to contact us at https://www.traveloka.com/contactus we're more than happy to assist you and Stay tuned for more exciting offers on Traveloka Lifestyle Super App.",2023-05-04 11:42:06,3.73.0
jenal arifin,ok,5,3.76.0,2023-05-04 10:55:15,"Hi, thank you very much for the positive review! Please feel free to contact us at https://www.traveloka.com/contactus we're more than happy to assist you and Stay tuned for more exciting offers on Traveloka Lifestyle Super App.",2023-05-04 11:12:07,3.76.0
Japrax Rock,lumayan,3,3.69.0,2023-05-04 10:38:11,"Hai, Kak. Terima kasih atas feedbacknya, semoga Kakak tetap setia dengan Traveloka. Jika ada pertanyaan lain bisa langsung infokan pada kami di https://www.traveloka.com/contactus ya, Kak. Pantau terus Traveloka Lifestyle Super App untuk penawaran spesial lainnya! -CA",2023-05-04 10:42:45,3.69.0
IMAN CHANEL TV,Ok,5,,2023-05-04 10:06:27,"Hi, thank you very much for the positive review! Please feel free to contact us at https://www.traveloka.com/contactus we're more than happy to assist you and Stay tuned for more exciting offers on Traveloka Lifestyle Super App.",2023-05-04 10:12:07,
Kristin Natalia,ढभझहझ,1,3.76.0,2023-05-04 08:46:44,"Hi, we apologize that our service did not satisfy your expectations, but I really appreciate you bringing this issue to our attention, kindly inform us your Traveloka booking ID through email cs@traveloka.com so we can check further. We would love the opportunity to make things right. Thank you -AL",2023-05-04 09:36:48,3.76.0
hartono louis,sangat gampang via Traveloka beli tiket pesawat,5,3.76.0,2023-05-04 08:38:54,"Halo Kak, terima kasih banyak atas ratingnya, semoga Kakak tetap nyaman dan selau setia menjadi pelanggan Traveloka. Yuk Kak pantengin terus Traveloka Lifestyle Super App karna kami selalu berikan promo-promo yg menarik loooh, jangan sampai ketinggalan ya :)",2023-05-04 08:42:10,3.76.0
zuhri fadillah,bagus,4,3.76.0,2023-05-04 08:29:25,"Hi Kak, senang banget nih dapat rating bagus dari Kakak, terima kasih juga atas feedbacknya! Kenyamanan Kakak adalah prioritas Kami, jika ada pertanyaan lainnya jangan sungkan ya untuk infokan pada kami di https://www.traveloka.com/contactus . Jangan sampai ketinggalan penawaran menarik lainnya di Traveloka Lifestye Super Apps.",2023-05-04 08:42:13,3.76.0
Lalu Zamroni,"Bolak balik verifikasi data sampe 10x ujungnya ditolak Alesan poto ktp sama selvi orangnya ga sama,,🤦 Baru nemu aplikasi kayak gini Mungkin mau PHP sama paylaternya",1,3.31.2,2023-05-04 08:24:57,"Hai Zamroni, maaf ya atas kendalanya. Terkait pengajuan PayLater, pastikan untuk foto selfi dan KTP dipastikan jelas dan tidak buram ya agar bisa melanjutkan pengajuan PayLater. Oh iya, kalau kamu butuh bantuan terkait PayLater bisa hubungi langsung ke akun IG PayLater Traveloka https://www.instagram.com/travelokapaylater/ ya. Makasih. -CA",2023-05-04 08:45:31,3.31.2
Emho Rock,aman amanah,5,3.76.0,2023-05-04 08:07:31,"Hai Emho. Terima kasih banyak atas ratingnya, semoga kamu tetap nyaman dan selalu setia menjadi pelanggan Traveloka. Yuk Kak pantengin terus Traveloka Lifestyle Super App karna kami selalu berikan promo-promo yang menarik. Jangan sampai ketinggalan ya. -KA",2023-05-04 08:16:29,3.76.0
ABIDAN HARAHAP,lebih fleksibel akan lebih baik,5,3.76.0,2023-05-04 04:38:50,"Halo Kak, terima kasih banyak atas ratingnya, semoga Kakak tetap nyaman dan selau setia menjadi pelanggan Traveloka. Yuk Kak pantengin terus Traveloka Lifestyle Super App karna kami selalu berikan promo-promo yg menarik loooh, jangan sampai ketinggalan ya :)",2023-05-04 04:42:07,3.76.0
Alimuddin Alimuddin,good,5,3.76.0,2023-05-04 04:27:39,"Hi, we are so grateful to get a lot of support from you. Hope you continue to enjoy our offers. If you have any feedback or suggestions, let us know on https://www.traveloka.com/contactus, our customer service would love to serve you in 24 hours. Thank you!",2023-05-04 04:42:09,3.76.0
Iz Hen,nice,5,3.76.0,2023-05-04 03:35:34,"Hi, thank you very much for the positive review! Please feel free to contact us at https://www.traveloka.com/contactus we're more than happy to assist you and Stay tuned for more exciting offers on Traveloka Lifestyle Super App.",2023-05-04 03:42:06,3.76.0
Petra Rafael,"Keren nich Traveloka, metode pembayaran banyak opsi.. Ga nyangka kartu Debet pun bisa ternyata..",5,3.76.0,2023-05-04 03:35:34,"Hi Kak, senang banget nih dapat rating bagus dari Kakak, terima kasih juga atas feedbacknya! Kenyamanan Kakak adalah prioritas Kami, jika ada pertanyaan lainnya jangan sungkan ya untuk infokan pada kami di https://www.traveloka.com/contactus . Jangan sampai ketinggalan penawaran menarik lainnya di Traveloka Lifestye Super Apps.",2023-05-04 03:42:08,3.76.0
Lukman Artim,ok,3,3.76.0,2023-05-04 03:30:43,"Hai, Lukman. Terima kasih atas penilaiannya. Kalau ada pertanyaan lebih lanjut, silakan hubungi kami melalui https://www.traveloka.com/id-id/contactus. Kami akan berikan pelayanan terbaik agar kamu dapat merasa puas dan layanan kami layak mendapatkan rating yang lebih baik. Terima kasih. -OE",2023-05-04 03:44:22,3.76.0
Januar Tri wibowo,"gercep, thanks Traveloka 😍",5,3.76.0,2023-05-04 02:51:04,"Halo Kak, terima kasih banyak atas ratingnya, semoga Kakak tetap nyaman dan selau setia menjadi pelanggan Traveloka. Yuk Kak pantengin terus Traveloka Lifestyle Super App karna kami selalu berikan promo-promo yg menarik loooh, jangan sampai ketinggalan ya :)",2023-05-04 03:12:12,3.76.0
Natan Waruwu,Pelayanan sangat baik,5,3.76.0,2023-05-04 02:00:44,"Halo Kak, terima kasih banyak atas ratingnya, semoga Kakak tetap nyaman dan selau setia menjadi pelanggan Traveloka. Yuk Kak pantengin terus Traveloka Lifestyle Super App karna kami selalu berikan promo-promo yg menarik loooh, jangan sampai ketinggalan ya :)",2023-05-04 02:12:18,3.76.0
Adi Septiawan,terbaik,5,3.76.0,2023-05-04 01:25:49,"Halo Kak, terima kasih banyak atas ratingnya, semoga Kakak tetap nyaman dan selau setia menjadi pelanggan Traveloka. Yuk Kak pantengin terus Traveloka Lifestyle Super App karna kami selalu berikan promo-promo yg menarik loooh, jangan sampai ketinggalan ya :)",2023-05-04 01:42:11,3.76.0
Nirvana chanel,baik,5,3.76.0,2023-05-04 01:22:16,"Hi Kak, senang banget nih dapat rating bagus dari Kakak, terima kasih juga atas feedbacknya! Kenyamanan Kakak adalah prioritas Kami, jika ada pertanyaan lainnya jangan sungkan ya untuk infokan pada kami di https://www.traveloka.com/contactus . Jangan sampai ketinggalan penawaran menarik lainnya di Traveloka Lifestye Super Apps.",2023-05-04 01:42:15,3.76.0
email penting,Sangat membantu,5,3.76.0,2023-05-04 01:02:42,"Halo Kak, terima kasih banyak atas ratingnya, semoga Kakak tetap nyaman dan selau setia menjadi pelanggan Traveloka. Yuk Kak pantengin terus Traveloka Lifestyle Super App karna kami selalu berikan promo-promo yg menarik loooh, jangan sampai ketinggalan ya :)",2023-05-04 01:12:06,3.76.0
Paino Soeseno,cukup baik,5,3.74.0,2023-05-04 00:39:33,"Halo Kak, terima kasih banyak atas ratingnya, semoga Kakak tetap nyaman dan selau setia menjadi pelanggan Traveloka. Yuk Kak pantengin terus Traveloka Lifestyle Super App karna kami selalu berikan promo-promo yg menarik loooh, jangan sampai ketinggalan ya :)",2023-05-04 00:42:06,3.74.0
Abey Putra,slalu dan slalu,5,3.76.0,2023-05-03 23:49:56,"Halo Kak, terima kasih banyak atas ratingnya, semoga Kakak tetap nyaman dan selau setia menjadi pelanggan Traveloka. Yuk Kak pantengin terus Traveloka Lifestyle Super App karna kami selalu berikan promo-promo yg menarik loooh, jangan sampai ketinggalan ya :)",2023-05-04 00:12:11,3.76.0
Hisyam Arrofif,pilihan nomer seat tidak bisa dilakukan,4,3.76.0,2023-05-03 23:42:20,"Hai Hisyam. Maaf buat kamu tidak nyaman. Agar dapat kamu bantu lebih lanjut kendala kamu, mohon dapat menghubungi kami melalui tautan https://www.traveloka.com/id-id/contactus. Terima kasih. -RM",2023-05-04 00:17:52,3.76.0
Soleh Nur Kholis,mudah pesan tiket di mana saja,5,3.76.0,2023-05-03 23:29:59,"Halo Kak, terima kasih banyak atas ratingnya, semoga Kakak tetap nyaman dan selau setia menjadi pelanggan Traveloka. Yuk Kak pantengin terus Traveloka Lifestyle Super App karna kami selalu berikan promo-promo yg menarik loooh, jangan sampai ketinggalan ya :)",2023-05-03 23:42:08,3.76.0
Casirin Rinaldi,sangat membantu saya dalam pemesanan tiket pesawat dan hotel... bisa pilih-pilih sesuai dengan kondisi dan keuangan...,5,3.76.0,2023-05-03 22:37:02,"Halo Kak, terima kasih banyak atas ratingnya, semoga Kakak tetap nyaman dan selau setia menjadi pelanggan Traveloka. Yuk Kak pantengin terus Traveloka Lifestyle Super App karna kami selalu berikan promo-promo yg menarik loooh, jangan sampai ketinggalan ya :)",2023-05-03 22:42:08,3.76.0
Ammi Gelora,"Bagus,",5,3.76.0,2023-05-03 18:18:02,"Halo Kak, terima kasih banyak atas ratingnya, semoga Kakak tetap nyaman dan selau setia menjadi pelanggan Traveloka. Yuk Kak pantengin terus Traveloka Lifestyle Super App karna kami selalu berikan promo-promo yg menarik loooh, jangan sampai ketinggalan ya :)",2023-05-03 18:42:12,3.76.0
Lian Karamoy,good,5,3.76.0,2023-05-03 16:01:33,"Hi, we are so grateful to get a lot of support from you. Hope you continue to enjoy our offers. If you have any feedback or suggestions, let us know on https://www.traveloka.com/contactus, our customer service would love to serve you in 24 hours. Thank you!",2023-05-03 16:12:10,3.76.0
sofyanto fs,memudahkan,5,3.76.0,2023-05-03 15:59:48,"Hi Kak, terima kasih atas feedbacknya, semoga Kakak tetap setia dengan Traveloka. Jika ada pertanyaan lain bisa langsung infokan pada kami di https://www.traveloka.com/contactus ya, Kak. Pantau terus Traveloka Lifestyle Super App untuk penawaran spesial lainnya!",2023-05-03 16:12:13,3.76.0
Rahmadi,ini bisa pesan atw cek tiket kapal kh,2,,2023-05-03 15:31:02,"Hai, Kak Rahmadi. Melalui Traveloka kamu bisa pesan beberapa produk seperti Pesawat, Hotel, Kereta Api dan mashi banyak lagi ya Kak. Kamu bisa langsung cek melalui aplikasi Traveloka ya. Terima kasih. -RZ",2023-05-03 15:46:49,
Ahmad Wisnu Andika,lebih mempermudah,5,3.76.0,2023-05-03 15:05:45,"Halo Kak, terima kasih banyak atas ratingnya, semoga Kakak tetap nyaman dan selau setia menjadi pelanggan Traveloka. Yuk Kak pantengin terus Traveloka Lifestyle Super App karna kami selalu berikan promo-promo yg menarik loooh, jangan sampai ketinggalan ya :)",2023-05-03 15:12:07,3.76.0
Abdul Majid,mengecewakan,1,3.76.0,2023-05-03 14:55:16,"Halo, Kak Abdul. Maaf sekali telah membuat Kakak kecewa. Mohon infokan kembali ke kami kendala Kakak melalui https://www.traveloka.com/contactus. Kami sangat ingin membantu menyelesaikan permasalahan Kakak. Terima kasih. -RU",2023-05-03 15:13:59,3.76.0
bowo tri,UI friendly for me as first time use it. however I did not use kode promo sadly,5,3.70.0,2023-05-03 14:52:03,"Hi, we are so grateful to get a lot of support from you. Hope you continue to enjoy our offers. If you have any feedback or suggestions, let us know on https://www.traveloka.com/contactus, our customer service would love to serve you in 24 hours. Thank you!",2023-05-03 15:12:11,3.70.0
Timotius Michael Mewengkang,"Baru kali ini kecewa sama Agen Customer Servicenya, nunggu lama"" pendapat kita gak di denger dulu malah langsung dianggap laporan telah di selesaikan. Tolong ya, sekalipun memang tidak bisa jangan seperti itu caranya, pantaskah main memutuskan sepihak seperti itu? Tolong di perbaiki lagi sdm nya, kalo seperti menggunakan bot saja sudah cukup!",1,3.41.0,2023-05-03 13:47:50,"Hai, Timotius. Mohon maaf atas ketidaknyamanannya. Dipastikan untuk kenyamanan pengguna Traveloka, kami akan perbaiki dan tingkatkan performa Traveloka. Dikarenakan harga tiket penerbangan bersifat fluktuatif, maka kamu bisa cek berkala perihal harganya melalui aplikasi atau website Traveloka ya. Terima kasih. -WR",2023-01-17 02:34:26,3.41.0
Cheril CR7 dan WIWID COLLECTION 99 SEMARANG (Rental mobil),kereen selalu memuaskan ..!!WIWID COLLECTION 99 SEMARANG,5,3.76.0,2023-05-03 13:46:29,"Hi Kak, senang banget nih dapat rating bagus dari Kakak, terima kasih juga atas feedbacknya! Kenyamanan Kakak adalah prioritas Kami, jika ada pertanyaan lainnya jangan sungkan ya untuk infokan pada kami di https://www.traveloka.com/contactus . Jangan sampai ketinggalan penawaran menarik lainnya di Traveloka Lifestye Super Apps.",2023-05-03 14:12:15,3.76.0
Kasmin Gareng,Mantap adanya Traveloka sangat sangat membantu saya,5,3.76.0,2023-05-03 13:38:08,"Halo Kak, terima kasih banyak atas ratingnya, semoga Kakak tetap nyaman dan selau setia menjadi pelanggan Traveloka. Yuk Kak pantengin terus Traveloka Lifestyle Super App karna kami selalu berikan promo-promo yg menarik loooh, jangan sampai ketinggalan ya :)",2023-05-03 13:42:06,3.76.0
Valentino Rossi,baik,5,3.76.0,2023-05-03 12:48:32,"Halo Kak, terima kasih banyak atas ratingnya, semoga Kakak tetap nyaman dan selau setia menjadi pelanggan Traveloka. Yuk Kak pantengin terus Traveloka Lifestyle Super App karna kami selalu berikan promo-promo yg menarik loooh, jangan sampai ketinggalan ya :)",2023-05-03 13:12:13,3.76.0
Dandi Wiranata,mempermudah saya melakukan perjalanan,5,3.76.0,2023-05-03 12:36:15,"Halo Kak, terima kasih banyak atas ratingnya, semoga Kakak tetap nyaman dan selau setia menjadi pelanggan Traveloka. Yuk Kak pantengin terus Traveloka Lifestyle Super App karna kami selalu berikan promo-promo yg menarik loooh, jangan sampai ketinggalan ya :)",2023-05-03 12:42:07,3.76.0
Dani Wenda,mantap,5,3.74.1,2023-05-03 12:34:14,"Hi Kak, senang banget nih dapat rating bagus dari Kakak, terima kasih juga atas feedbacknya! Kenyamanan Kakak adalah prioritas Kami, jika ada pertanyaan lainnya jangan sungkan ya untuk infokan pada kami di https://www.traveloka.com/contactus . Jangan sampai ketinggalan penawaran menarik lainnya di Traveloka Lifestye Super Apps.",2023-05-03 12:42:10,3.74.1
Putra Bungsu,Tolong berhenti iklan mengganggu layar hp,1,,2023-05-03 12:20:37,Halo Putra. Terima kasih atas penilaian dari kamu. Hal ini akan menjadi pertimbangan bagi kami untuk ke depannya. Terima kasih. -SC,2023-05-03 12:43:44,
Hery Alvikram,good banget,5,3.75.0,2023-05-03 12:18:46,"Hi Kak, terima kasih atas feedbacknya, semoga Kakak tetap setia dengan Traveloka. Jika ada pertanyaan lain bisa langsung infokan pada kami di https://www.traveloka.com/contactus ya, Kak. Pantau terus Traveloka Lifestyle Super App untuk penawaran spesial lainnya!",2023-05-03 12:42:14,3.75.0
Nana,Ok,5,3.76.0,2023-05-03 12:09:22,"Hi, thank you very much for the positive review! Please feel free to contact us at https://www.traveloka.com/contactus we're more than happy to assist you and Stay tuned for more exciting offers on Traveloka Lifestyle Super App.",2023-05-03 12:12:07,3.76.0
Evan Rr,Oke cepat murah,5,3.76.0,2023-05-03 12:04:40,"Hi Kak, senang banget nih dapat rating bagus dari Kakak, terima kasih juga atas feedbacknya! Kenyamanan Kakak adalah prioritas Kami, jika ada pertanyaan lainnya jangan sungkan ya untuk infokan pada kami di https://www.traveloka.com/contactus . Jangan sampai ketinggalan penawaran menarik lainnya di Traveloka Lifestye Super Apps.",2023-05-03 12:12:10,3.76.0
Edi Susanto,ok banget.,5,3.76.0,2023-05-03 11:58:28,"Hai Edi, terima kasih atas feedbacknya, semoga kamu tetap setia dengan Traveloka. Jika ada pertanyaan bisa langsung infokan pada kami di https://www.traveloka.com/contactus ya Kak. Pantau terus Traveloka Lifestyle Super App untuk penawaran spesial lainnya! -AH",2023-05-03 12:14:18,3.76.0
Surjono Kasur,mantap dan terpercaya,5,3.76.0,2023-05-03 11:41:20,"Halo Kak, terima kasih banyak atas ratingnya, semoga Kakak tetap nyaman dan selau setia menjadi pelanggan Traveloka. Yuk Kak pantengin terus Traveloka Lifestyle Super App karna kami selalu berikan promo-promo yg menarik loooh, jangan sampai ketinggalan ya :)",2023-05-03 11:42:15,3.76.0
Arvendo Siadari,terimakasih Traveloka,5,3.70.1,2023-05-03 11:04:08,"Halo Kak, terima kasih banyak atas ratingnya, semoga Kakak tetap nyaman dan selau setia menjadi pelanggan Traveloka. Yuk Kak pantengin terus Traveloka Lifestyle Super App karna kami selalu berikan promo-promo yg menarik loooh, jangan sampai ketinggalan ya :)",2023-05-03 11:12:08,3.70.1
igede wardana,sangat membantu,5,3.76.0,2023-05-03 11:02:29,"Hi Kak, senang banget nih dapat rating bagus dari Kakak, terima kasih juga atas feedbacknya! Kenyamanan Kakak adalah prioritas Kami, jika ada pertanyaan lainnya jangan sungkan ya untuk infokan pada kami di https://www.traveloka.com/contactus . Jangan sampai ketinggalan penawaran menarik lainnya di Traveloka Lifestye Super Apps.",2023-05-03 11:12:11,3.76.0
Risna Yuliyani,👍,4,3.76.0,2023-05-03 10:07:39,Makasih sudah menjadi pelanggan setia Traveloka ya :). -OR,2023-05-03 10:13:10,3.76.0
Adji Setiaji,"Parah pelayanan nya sekarang pembayaran tertunda terus,, cs nya leleeeeeeeeeettttt nerima komplenan, kapokk terakhir pake traveloka",1,3.57.0,2023-05-03 10:06:05,"Hai, Adji. Mohon maaf atas pengalaman yang kamu alami. Jika kamu cek saat ini kamu sudah ada laporan yang ditangani oleh tim terkait dengan nomor laporan 32xxxx00. Mohon kesediaan kamu lakukan pengecekan kembali via pesan aplikasi kamu. Terima kasih.-TK",2023-05-03 10:15:40,3.57.0
A Ripai,baik sekali,5,3.55.1,2023-05-03 09:51:26,"Halo Kak, terima kasih banyak atas ratingnya, semoga Kakak tetap nyaman dan selau setia menjadi pelanggan Traveloka. Yuk Kak pantengin terus Traveloka Lifestyle Super App karna kami selalu berikan promo-promo yg menarik loooh, jangan sampai ketinggalan ya :)",2023-05-03 10:12:09,3.55.1
Ketut BW,Sangat membantu dan mudah dipakai,5,3.76.0,2023-05-03 09:21:49,"Halo Kak, terima kasih banyak atas ratingnya, semoga Kakak tetap nyaman dan selau setia menjadi pelanggan Traveloka. Yuk Kak pantengin terus Traveloka Lifestyle Super App karna kami selalu berikan promo-promo yg menarik loooh, jangan sampai ketinggalan ya :)",2023-05-03 09:42:07,3.76.0
Faris Setiawan,ok,5,3.76.0,2023-05-03 08:57:04,"Hi, thank you very much for the positive review! Please feel free to contact us at https://www.traveloka.com/contactus we're more than happy to assist you and Stay tuned for more exciting offers on Traveloka Lifestyle Super App.",2023-05-03 09:12:07,3.76.0
Ferko Bulan,Kok setelah diupdate pembelian tiket pesawat gk bisa pilih tempat duduk ya.. Tolong dong dibikin supaya bisa pilih tempat duduk Kalo udah jadi baru saya kasih bintang 5,1,,2023-05-03 08:46:03,"Hai Kak Ferko, tidak semua maskapai menyediakan pemilihan kursi penerbangan langsung saat pemesanan. Jadi, ada beberapa maskapai yang mana kursi penerbangan hanya bisa dipilih saat check-in Kak. Terima kasih -DZ",2023-05-03 08:44:06,
Amril Nurman,ok,5,3.70.0,2023-05-03 08:38:50,"Hi, thank you very much for the positive review! Please feel free to contact us at https://www.traveloka.com/contactus we're more than happy to assist you and Stay tuned for more exciting offers on Traveloka Lifestyle Super App.",2023-05-03 08:42:08,3.70.0
Ration 007,ok,3,3.76.0,2023-05-03 08:22:22,Makasih ya Kak sudah setia bersama Traveloka :)) -DZ,2023-05-03 08:45:57,3.76.0
Sunggul Sidabalok,Menarik,3,3.76.0,2023-05-03 08:11:13,"Hai, Sunggul. Terima kasih atas feedbacknya, semoga Kakak tetap setia dengan Traveloka. Jika ada pertanyaan lain bisa langsung infokan pada kami di https://www.traveloka.com/contactus ya, Kak. Pantau terus Traveloka Lifestyle Super App untuk penawaran spesial lainnya! -CA",2023-05-03 08:13:06,3.76.0
Uus Usli Uus,sangat mudah,5,3.45.0,2023-05-03 08:10:55,"Halo Kak, terima kasih banyak atas ratingnya, semoga Kakak tetap nyaman dan selau setia menjadi pelanggan Traveloka. Yuk Kak pantengin terus Traveloka Lifestyle Super App karna kami selalu berikan promo-promo yg menarik loooh, jangan sampai ketinggalan ya :)",2023-05-03 08:12:06,3.45.0
Nanu Najmudin,sangat ok,5,3.76.0,2023-05-03 07:40:47,"Halo Kak, terima kasih banyak atas ratingnya, semoga Kakak tetap nyaman dan selau setia menjadi pelanggan Traveloka. Yuk Kak pantengin terus Traveloka Lifestyle Super App karna kami selalu berikan promo-promo yg menarik loooh, jangan sampai ketinggalan ya :)",2023-05-03 07:42:07,3.76.0
Nur Hayati,Baik dan lancar sangat membantu,5,3.76.0,2023-05-03 07:01:33,"Halo Kak, terima kasih banyak atas ratingnya, semoga Kakak tetap nyaman dan selau setia menjadi pelanggan Traveloka. Yuk Kak pantengin terus Traveloka Lifestyle Super App karna kami selalu berikan promo-promo yg menarik loooh, jangan sampai ketinggalan ya :)",2023-05-03 07:12:08,3.76.0
Ismail dg nyonyo,alhamdulillah bagus dan lancar,5,3.76.0,2023-05-03 06:23:48,"Hi Kak, senang banget nih dapat rating bagus dari Kakak, terima kasih juga atas feedbacknya! Kenyamanan Kakak adalah prioritas Kami, jika ada pertanyaan lainnya jangan sungkan ya untuk infokan pada kami di https://www.traveloka.com/contactus . Jangan sampai ketinggalan penawaran menarik lainnya di Traveloka Lifestye Super Apps.",2023-05-03 06:42:09,3.76.0
Eko Muhadi,dapat harga terbaik,5,3.76.0,2023-05-03 06:09:57,"Halo Kak, terima kasih banyak atas ratingnya, semoga Kakak tetap nyaman dan selau setia menjadi pelanggan Traveloka. Yuk Kak pantengin terus Traveloka Lifestyle Super App karna kami selalu berikan promo-promo yg menarik loooh, jangan sampai ketinggalan ya :)",2023-05-03 06:12:09,3.76.0
Lely Hidayah,sangat membantu paylater nya. mudah²an dapet lima gede 😁. makasih Traveloka 🙏🏻,5,3.76.0,2023-05-03 05:50:46,"Hi Kak, senang banget nih dapat rating bagus dari Kakak, terima kasih juga atas feedbacknya! Kenyamanan Kakak adalah prioritas Kami, jika ada pertanyaan lainnya jangan sungkan ya untuk infokan pada kami di https://www.traveloka.com/contactus . Jangan sampai ketinggalan penawaran menarik lainnya di Traveloka Lifestye Super Apps.",2023-05-03 06:12:12,3.76.0
Dahlia Komalasari,mempermudah transaksi. trmksh,5,3.76.0,2023-05-03 05:47:22,"Hi Kak, terima kasih atas feedbacknya, semoga Kakak tetap setia dengan Traveloka. Jika ada pertanyaan lain bisa langsung infokan pada kami di https://www.traveloka.com/contactus ya, Kak. Pantau terus Traveloka Lifestyle Super App untuk penawaran spesial lainnya!",2023-05-03 06:12:15,3.76.0
Juniar Abul Basar,Oke,5,3.50.0,2023-05-03 05:34:57,Hai Juniar. Makasih buat rating yang kamu berikan ya! Mimin tunggu pesanan kamu selanjutnya di Traveloka :) -RM,2023-05-03 05:42:59,3.50.0
Abu Hasan bin Abbas,ok,5,3.76.0,2023-05-03 05:32:14,"Hi, thank you very much for the positive review! Please feel free to contact us at https://www.traveloka.com/contactus we're more than happy to assist you and Stay tuned for more exciting offers on Traveloka Lifestyle Super App.",2023-05-03 05:42:07,3.76.0
Nur azizah,oke,3,3.50.0,2023-05-03 05:05:44,"Hai, Azizah. Terima kasih untuk review yang kamu berikan ya, semoga ke depannya bintang dari kamu bisa berubah jadi bintang 5 hehehe. Sehat dan sukses selalu buat kamu serta keluarga. Mimin tunggu pesanan kamu selanjutnya :) -AM",2023-05-03 05:14:20,3.50.0
EDI RAHMAN,Tob,5,3.69.0,2023-05-03 04:44:03,"Halo, Edi. Terima kasih atas penilaiannya dan telah memilih Traveloka sebagai partner perjalanan kamu. Terima kasih. -SC",2023-05-03 05:13:53,3.69.0
Ria Indriyas Tuti,i love u traveloka,5,3.76.0,2023-05-03 04:28:39,"Hi, thank you very much for the positive review! Please feel free to contact us at https://www.traveloka.com/contactus we're more than happy to assist you and Stay tuned for more exciting offers on Traveloka Lifestyle Super App.",2023-05-03 04:42:06,3.76.0
Victor Manuel,Lancar saat pembelian tiket,5,3.76.0,2023-05-03 04:27:55,"Hi Kak, senang banget nih dapat rating bagus dari Kakak, terima kasih juga atas feedbacknya! Kenyamanan Kakak adalah prioritas Kami, jika ada pertanyaan lainnya jangan sungkan ya untuk infokan pada kami di https://www.traveloka.com/contactus . Jangan sampai ketinggalan penawaran menarik lainnya di Traveloka Lifestye Super Apps.",2023-05-03 04:42:09,3.76.0
Shofiatul Musodah90,saya senang dgn pesan tiket di app ini,5,3.76.0,2023-05-03 04:11:25,"Halo Kak, terima kasih banyak atas ratingnya, semoga Kakak tetap nyaman dan selau setia menjadi pelanggan Traveloka. Yuk Kak pantengin terus Traveloka Lifestyle Super App karna kami selalu berikan promo-promo yg menarik loooh, jangan sampai ketinggalan ya :)",2023-05-03 04:12:14,3.76.0
ko iew,i like it,5,3.69.0,2023-05-03 04:08:03,"Hi, we are so grateful to get a lot of support from you. Hope you continue to enjoy our offers. If you have any feedback or suggestions, let us know on https://www.traveloka.com/contactus, our customer service would love to serve you in 24 hours. Thank you!",2023-05-03 04:12:18,3.69.0
Achmad Sadat Novriandi,"Di pengajuan di tolak, paylater sm pinjaman, kurang bagus",1,,2023-05-03 03:43:54,"Hai, Kak Sadat. Maaf udah buat kamu gak nyaman. Supaya mimin bisa bantu cek kendala pengajuan kamu kenapa ditolak, yuk hubungi mimin melalui laman https://www.traveloka.com/contactus atau Instagram khusus PayLater https://www.instagram.com/travelokapaylater/. Mimin tunggu ya. Terima kasih. -AM",2023-05-03 04:14:42,
Muhammad Nur Fikri,Ini gmna si udah di tranfer dari atm ke uangku tapi malah ga masuk masuk saldo mana udh set jam lebih,1,3.76.0,2023-05-03 03:23:38,"Hai, Kak Fikri. Maaf ya udah buat kamu gak nyaman. Terkait kendala pengisian saldo UANGKU, kamu bisa menghubungi Customer Service UANGKU langsung melalui email di cs@uangku.co.id atau telepon di nomor 021-50100000. Terima kasih. -AM",2023-05-03 03:45:05,3.76.0
dadang gunawan,"Mudah , cepat dan praktis",5,3.76.0,2023-05-03 02:46:53,"Halo Kak, terima kasih banyak atas ratingnya, semoga Kakak tetap nyaman dan selau setia menjadi pelanggan Traveloka. Yuk Kak pantengin terus Traveloka Lifestyle Super App karna kami selalu berikan promo-promo yg menarik loooh, jangan sampai ketinggalan ya :)",2023-05-03 03:12:08,3.76.0
Fachry Izal,ok,5,3.71.0,2023-05-03 02:33:10,"Hi, thank you very much for the positive review! Please feel free to contact us at https://www.traveloka.com/contactus we're more than happy to assist you and Stay tuned for more exciting offers on Traveloka Lifestyle Super App.",2023-05-03 02:42:06,3.71.0
Eki Putra,mantap,5,3.76.0,2023-05-03 02:22:55,"Hi Kak, senang banget nih dapat rating bagus dari Kakak, terima kasih juga atas feedbacknya! Kenyamanan Kakak adalah prioritas Kami, jika ada pertanyaan lainnya jangan sungkan ya untuk infokan pada kami di https://www.traveloka.com/contactus . Jangan sampai ketinggalan penawaran menarik lainnya di Traveloka Lifestye Super Apps.",2023-05-03 02:42:09,3.76.0
Yudha Auk,"Traveloka makin tidak jelas limit saya jadi berkurang dan aplikasi jadi lemot kecewa berat pelanggan. Saya sudah Update ke Versi terbaru Traveloka dan kendala keterlambatan pembayaran tagihan tidak pernah,kok bisa di turunkan limit nya??????????",1,3.76.0,2023-05-03 02:14:02,"Hai Yudha, mohon maaf atas kendala yang kamu alami. Penurunan limit bisa terjadi karena beberapa faktor, agar dapat kami bantu pengecekan silakan hubungi kami melalui https://www.traveloka.com/id-id/contactus. Mengenai kendala pada aplikasi kamu, mimin sarankan untuk update aplikasi ke versi terbaru. Terima kasih. -NA
",2023-05-03 01:45:28,3.76.0
xabi alonso,biaya tambahan yg ga jelas,3,3.76.0,2023-05-03 01:53:22,"Hai, Xabi. Kami meminta maaf atas kendala yang kamu alami. Kamu dapat menghubungi kami melalui https://www.traveloka.com/id-id/contactus agar masalahmu bisa diselesaikan secepat mungkin.
Kami akan berikan solusi terbaik agar kamu dapat merasa puas dan layanan kami layak mendapatkan rating yang lebih baik. Terima kasih. -OE",2023-05-03 02:12:57,3.76.0
Rini Yasri,dengan Traveloka beli tiket apapun jadi mudah . 👍,5,3.76.0,2023-05-03 01:16:05,"Halo Kak, terima kasih banyak atas ratingnya, semoga Kakak tetap nyaman dan selau setia menjadi pelanggan Traveloka. Yuk Kak pantengin terus Traveloka Lifestyle Super App karna kami selalu berikan promo-promo yg menarik loooh, jangan sampai ketinggalan ya :)",2023-05-03 01:42:07,3.76.0
Adi Oktaviyanto,samapai hari ini aplikasi ini masih membantu saya,5,3.76.0,2023-05-03 01:14:02,"Hi Kak, senang banget nih dapat rating bagus dari Kakak, terima kasih juga atas feedbacknya! Kenyamanan Kakak adalah prioritas Kami, jika ada pertanyaan lainnya jangan sungkan ya untuk infokan pada kami di https://www.traveloka.com/contactus . Jangan sampai ketinggalan penawaran menarik lainnya di Traveloka Lifestye Super Apps.",2023-05-03 01:42:11,3.76.0
Ari Yani,bagus,5,3.69.0,2023-05-03 01:07:37,"Halo Kak, terima kasih banyak atas ratingnya, semoga Kakak tetap nyaman dan selau setia menjadi pelanggan Traveloka. Yuk Kak pantengin terus Traveloka Lifestyle Super App karna kami selalu berikan promo-promo yg menarik loooh, jangan sampai ketinggalan ya :)",2023-05-03 01:12:07,3.69.0
Kholis Badai,"trimakasih, sangat membantu",5,3.76.0,2023-05-03 01:01:21,"Hi Kak, senang banget nih dapat rating bagus dari Kakak, terima kasih juga atas feedbacknya! Kenyamanan Kakak adalah prioritas Kami, jika ada pertanyaan lainnya jangan sungkan ya untuk infokan pada kami di https://www.traveloka.com/contactus . Jangan sampai ketinggalan penawaran menarik lainnya di Traveloka Lifestye Super Apps.",2023-05-03 01:12:10,3.76.0
Joko Fitrianto,baik,4,3.76.0,2023-05-03 00:54:33,"Hi Kak, terima kasih atas feedbacknya, semoga Kakak tetap setia dengan Traveloka. Jika ada pertanyaan lain bisa langsung infokan pada kami di https://www.traveloka.com/contactus ya, Kak. Pantau terus Traveloka Lifestyle Super App untuk penawaran spesial lainnya!",2023-05-03 01:12:12,3.76.0
Rudy Setiawan,perfect,5,3.74.1,2023-05-03 00:27:37,"Hi, thank you very much for the positive review! Please feel free to contact us at https://www.traveloka.com/contactus we're more than happy to assist you and Stay tuned for more exciting offers on Traveloka Lifestyle Super App.",2023-05-03 00:42:06,3.74.1
HANS ALFRED IMSULA,Kenapa saya tidak bisa menginstal ya,1,,2023-05-03 00:05:27,"Hai, Hans. Maaf banget ya buat kendala yang terjadi. Kami sarankan untuk memory penyimpanan masih tersedia, jaringan stabil dan cleare cache pada device kamu terlebih dahulu kemudian coba secara berkala. Apabila ada pertanyaan lain, kamu bisa hubungi kami kembali di https://www.traveloka.com/contactus. Terima kasih. -RF",2023-05-03 00:16:58,
Abdul Ghofur,cepat mudah dan terpercaya. good job traveloka,5,3.76.0,2023-05-03 00:02:12,"Halo Kak, terima kasih banyak atas ratingnya, semoga Kakak tetap nyaman dan selau setia menjadi pelanggan Traveloka. Yuk Kak pantengin terus Traveloka Lifestyle Super App karna kami selalu berikan promo-promo yg menarik loooh, jangan sampai ketinggalan ya :)",2023-05-03 00:12:08,3.76.0
Priscila Req,"Gimana mau daftar direct mandiri, no kartu mandiri aja 16 digit, tapi malah diminta 15 ajaa pusing deh",2,,2023-05-02 22:45:30,"Hai Priscila, mohon maaf atas kendala yang kamu alami. Untuk dapat kami lakukan pengecekan lebih lanjut mengenai kendala kamu mohon hubungi kami melalui https://www.traveloka.com/id-id/contactus ya. Terima kasih. -NA",2023-05-02 23:15:32,
Arnold Kobi,good luck,5,3.70.1,2023-05-02 22:42:58,"Hi, thank you very much for the positive review! Please feel free to contact us at https://www.traveloka.com/contactus we're more than happy to assist you and Stay tuned for more exciting offers on Traveloka Lifestyle Super App.",2023-05-02 23:12:08,3.70.1
Ilham Rais,Tiket terlalu makan Biaya,3,3.69.0,2023-05-02 22:36:59,"Hai, Kak Ilham. Mimin mengerti atas hal yang kamu alami. Namun untuk harga yang tertera pada aplikasi atau website Traveloka telah terupdate langsung dari sistem maskapai, Hotel ataupun supplier penyedia. Agar lebih hemat, kamu bisa cek link https://www.traveloka.com/id-id/promotion untuk promo yang sedang berlangsung ya Kak. Terima kasih. -RZ",2023-05-02 22:45:01,3.69.0
ADIP E,sipppp,5,3.76.0,2023-05-02 21:57:36,"Hi, thank you very much for the positive review! Please feel free to contact us at https://www.traveloka.com/contactus we're more than happy to assist you and Stay tuned for more exciting offers on Traveloka Lifestyle Super App.",2023-05-02 22:12:08,3.76.0
Khaeril Bowie,"Terimakasih telah banyak membantu, tapi semakin lama semakin berat permintaan upgrade tapi tidak ada perubahan malah lebih mahal harganya dibandingkan aplikasi yang lain dengan jasa yang sama.",1,,2023-05-02 21:44:51,"Hai Khaeril. Mohon maaf sebelumnya, terkait harga yang tertera mengikuti update dari pihak penyedia jasa ya Kak. Untuk info lebih lanjut kamu bisa hubungi customer service kami melalui pesan di aplikasi Traveloka kamu atau melalui email di cs@traveloka.com. Terima kasih. -FR
",2023-05-02 22:14:56,
Martabak Astar,pesen tiket pesawat..hotel mudaj lebih murah,5,3.55.1,2023-05-02 17:38:06,"Halo Kak, terima kasih banyak atas ratingnya, semoga Kakak tetap nyaman dan selau setia menjadi pelanggan Traveloka. Yuk Kak pantengin terus Traveloka Lifestyle Super App karna kami selalu berikan promo-promo yg menarik loooh, jangan sampai ketinggalan ya :)",2023-05-02 17:42:07,3.55.1
Lupita Sari,luar biasa membantu dgn aplikasi ini,5,3.72.0,2023-05-02 17:19:27,"Hi Kak, senang banget nih dapat rating bagus dari Kakak, terima kasih juga atas feedbacknya! Kenyamanan Kakak adalah prioritas Kami, jika ada pertanyaan lainnya jangan sungkan ya untuk infokan pada kami di https://www.traveloka.com/contactus . Jangan sampai ketinggalan penawaran menarik lainnya di Traveloka Lifestye Super Apps.",2023-05-02 17:42:09,3.72.0
Edho Mohammad Rosyid,"Makin lama aplikasinya makin berat, banyak bug.",3,3.76.0,2023-05-02 15:46:07,"Hai Edho. Mohon maaf atas pengalaman kamu yang kurang menyenangkan dalam menggunakan aplikasi ya. Jika kamu terkendala, mimin sarankan kamu untuk perbarui aplikasi dan hapus cache pada pengaturan aplikasi. Jika masih terkendala silakan untuk kirimkan foto kendalanya ke https://www.traveloka.com/id-id/contactus. Terima kasih. -KK",2023-05-02 16:15:20,3.76.0
Rani Masudin,mantap,5,3.53.0,2023-05-02 14:48:25,"Halo Kak, terima kasih banyak atas ratingnya, semoga Kakak tetap nyaman dan selau setia menjadi pelanggan Traveloka. Yuk Kak pantengin terus Traveloka Lifestyle Super App karna kami selalu berikan promo-promo yg menarik loooh, jangan sampai ketinggalan ya :)",2023-05-02 15:12:06,3.53.0
Naza Ritonga,Bagus,5,,2023-05-02 14:32:10,"Halo Kak, terima kasih banyak atas ratingnya, semoga Kakak tetap nyaman dan selau setia menjadi pelanggan Traveloka. Yuk Kak pantengin terus Traveloka Lifestyle Super App karna kami selalu berikan promo-promo yg menarik loooh, jangan sampai ketinggalan ya :)",2023-05-02 14:42:12,
Trull Lagend,ok,4,3.76.0,2023-05-02 14:04:52,"Hi, thank you very much for the positive review! Please feel free to contact us at https://www.traveloka.com/contactus we're more than happy to assist you and Stay tuned for more exciting offers on Traveloka Lifestyle Super App.",2023-05-02 14:12:07,3.76.0
Rachmat Hidayat,"Pengalaman saya dengan Traveloka, CS sigap menangani permasalahan yang dialami customer",5,3.76.0,2023-05-02 13:55:22,"Hi Kak, senang banget nih dapat rating bagus dari Kakak, terima kasih juga atas feedbacknya! Kenyamanan Kakak adalah prioritas Kami, jika ada pertanyaan lainnya jangan sungkan ya untuk infokan pada kami di https://www.traveloka.com/contactus . Jangan sampai ketinggalan penawaran menarik lainnya di Traveloka Lifestye Super Apps.",2023-05-02 14:12:10,3.76.0
Haryanto 182,good,4,3.76.0,2023-05-02 13:09:48,"Hi, thank you very much for the positive review! Please feel free to contact us at https://www.traveloka.com/contactus we're more than happy to assist you and Stay tuned for more exciting offers on Traveloka Lifestyle Super App.",2023-05-02 13:12:06,3.76.0
Mr Toro,Traveloka memang mantap betul..,5,3.76.0,2023-05-02 12:51:41,"Hi Kak, senang banget nih dapat rating bagus dari Kakak, terima kasih juga atas feedbacknya! Kenyamanan Kakak adalah prioritas Kami, jika ada pertanyaan lainnya jangan sungkan ya untuk infokan pada kami di https://www.traveloka.com/contactus . Jangan sampai ketinggalan penawaran menarik lainnya di Traveloka Lifestye Super Apps.",2023-05-02 13:12:09,3.76.0
cupcake princess,puas,5,3.76.0,2023-05-02 12:49:16,"Hai Kak. Terima kasih banyak atas ratingnya, semoga kamu tetap nyaman dan selalu setia menjadi pelanggan Traveloka. Yuk Kak pantengin terus Traveloka Lifestyle Super App karna kami selalu berikan promo-promo yang menarik. Jangan sampai ketinggalan ya. -KA",2023-05-02 13:14:51,3.76.0
Sarlina Matondang,lebih mudah until Pemesanan tiket dls,5,3.76.0,2023-05-02 12:44:10,"Hi Kak, terima kasih atas feedbacknya, semoga Kakak tetap setia dengan Traveloka. Jika ada pertanyaan lain bisa langsung infokan pada kami di https://www.traveloka.com/contactus ya, Kak. Pantau terus Traveloka Lifestyle Super App untuk penawaran spesial lainnya!",2023-05-02 13:12:13,3.76.0
nurhanifa fatih,"tertulis di aplikasi sisa 2 kursi, eh pas kita udah masukin data2 lengkap sampe NIK, eh dia kasih jawaban "" bus sudah penuh..."" ga update ini aplikasi, mending gw uninstall aja dr pd nyampah doang di hpe... emang gak bisa ya update real time online apa???",2,,2023-05-02 12:35:56,"Hai Kak Nurhanifa, maaf banget membuat kamu tidak nyaman. Ketersediaan kursi pada saat kamu memesan bersifat fluktuatif. Kalau saat kamu melanjutkan pemesanan. ada keterangan kursi sudah penuh, maka ada pemesan lain yang sudah memesan kursi tersisa tersebut. Terima kasih -DZ",2023-05-02 12:18:04,
Didit kennia,Banyak terbantu dan mudah,4,3.76.0,2023-05-02 12:24:34,"Halo Kak, terima kasih banyak atas ratingnya, semoga Kakak tetap nyaman dan selau setia menjadi pelanggan Traveloka. Yuk Kak pantengin terus Traveloka Lifestyle Super App karna kami selalu berikan promo-promo yg menarik loooh, jangan sampai ketinggalan ya :)",2023-05-02 12:42:06,3.76.0
Herlinafitri Astuti,sangat membantuu,5,3.76.0,2023-05-02 11:50:24,"Halo Kak, terima kasih banyak atas ratingnya, semoga Kakak tetap nyaman dan selau setia menjadi pelanggan Traveloka. Yuk Kak pantengin terus Traveloka Lifestyle Super App karna kami selalu berikan promo-promo yg menarik loooh, jangan sampai ketinggalan ya :)",2023-05-02 12:12:06,3.76.0
Ananda Husadani,Selalu jadi andalan,5,3.76.0,2023-05-02 10:49:17,"Halo Kak, terima kasih banyak atas ratingnya, semoga Kakak tetap nyaman dan selau setia menjadi pelanggan Traveloka. Yuk Kak pantengin terus Traveloka Lifestyle Super App karna kami selalu berikan promo-promo yg menarik loooh, jangan sampai ketinggalan ya :)",2023-05-02 11:12:07,3.76.0
Erwan Langkahjayautama,mantap,5,3.76.0,2023-05-02 10:42:34,"Hi Kak, senang banget nih dapat rating bagus dari Kakak, terima kasih juga atas feedbacknya! Kenyamanan Kakak adalah prioritas Kami, jika ada pertanyaan lainnya jangan sungkan ya untuk infokan pada kami di https://www.traveloka.com/contactus . Jangan sampai ketinggalan penawaran menarik lainnya di Traveloka Lifestye Super Apps.",2023-05-02 11:12:10,3.76.0
Kesama,"Pembayaran paylater lewat bri,perbaikan nya lama sekali",2,3.76.0,2023-05-02 10:12:13,"Hai, Kesama. Mohon maaf atas ketidaknyamanannya. Apabila kamu mengalami kendala melakukan pembayaran tagihan PayLater sesuai dengan metode bayar yang diinginkan, mohon untuk mencoba dengan berkala dan bisa juga memilih metode bayar lain. Apabila masih terkendala, silakan menghubungi kami melalui email di cs@traveloka.com. Terima kasih. -IN",2023-05-02 10:46:32,3.76.0
Yunaldo 6888al,terima kasih traveloka yang sudah amat sangat membantu kami untuk berlibur tahun ini,5,3.45.0,2023-05-02 10:03:24,"Halo Kak, terima kasih banyak atas ratingnya, semoga Kakak tetap nyaman dan selau setia menjadi pelanggan Traveloka. Yuk Kak pantengin terus Traveloka Lifestyle Super App karna kami selalu berikan promo-promo yg menarik loooh, jangan sampai ketinggalan ya :)",2023-05-02 10:12:14,3.45.0
Aldian Kusuma,very Good,5,3.76.0,2023-05-02 09:55:54,"Hi, we are so grateful to get a lot of support from you. Hope you continue to enjoy our offers. If you have any feedback or suggestions, let us know on https://www.traveloka.com/contactus, our customer service would love to serve you in 24 hours. Thank you!",2023-05-02 10:12:18,3.76.0
andi cha,pilihan terpercaya,5,3.76.0,2023-05-02 09:31:59,"Hi Kak, senang banget nih dapat rating bagus dari Kakak, terima kasih juga atas feedbacknya! Kenyamanan Kakak adalah prioritas Kami, jika ada pertanyaan lainnya jangan sungkan ya untuk infokan pada kami di https://www.traveloka.com/contactus . Jangan sampai ketinggalan penawaran menarik lainnya di Traveloka Lifestye Super Apps.",2023-05-02 09:42:08,3.76.0
Bende sente,bagus,5,3.70.1,2023-05-02 09:23:02,"Hi Kak, terima kasih atas feedbacknya, semoga Kakak tetap setia dengan Traveloka. Jika ada pertanyaan lain bisa langsung infokan pada kami di https://www.traveloka.com/contactus ya, Kak. Pantau terus Traveloka Lifestyle Super App untuk penawaran spesial lainnya!",2023-05-02 09:42:11,3.70.1
Hardi Yuda,sangat baik,4,3.76.0,2023-05-02 09:21:21,"Halo Kak, terima kasih banyak atas ratingnya, semoga Kakak tetap nyaman dan selau setia menjadi pelanggan Traveloka. Yuk Kak pantengin terus Traveloka Lifestyle Super App karna kami selalu berikan promo-promo yg menarik loooh, jangan sampai ketinggalan ya :)",2023-05-02 09:42:14,3.76.0
Taufiq Son,"payleter kurang baik, sudah bayar di aplikasi belum bayar",1,,2023-05-02 08:55:43,"Hai, Taufiq. Mohon maaf atas ketidaknyamanannya. Mohon untuk sampaikan keluhan kamu secara detail melalui https://www.traveloka.com/id-id/contactus. Supaya kami dapat membantu permasalahan kamu. Sebagai Informasi tambahan kamu boleh kok hubungi kami ke akun IG PayLater Traveloka https://www.instagram.com/travelokapaylater/ ya Kak. Terima kasih. -DA",2023-05-02 09:14:17,
Eghi Encum,Ini gimana ya di kasih limit paylater tapi malah gk bisa di gunakan niat gak sih kasih limite nya😂😂,3,,2023-05-02 08:02:18,Halo Eghi. Sebelumnya mohon maaf atas kendala yang kamu alami. Silakan menghubungi kami kembali melalui tautan https://www.traveloka.com/id-id/contactus untuk pengecekan lebih lanjut. Terima kasih. -SC,2023-05-02 08:14:05,
Nunut Hasudungan,aplikasi ini bagus.....dan apa2 dari dulu ya pakai aplikasi ini,5,3.76.0,2023-05-02 07:49:43,"Halo Kak, terima kasih banyak atas ratingnya, semoga Kakak tetap nyaman dan selau setia menjadi pelanggan Traveloka. Yuk Kak pantengin terus Traveloka Lifestyle Super App karna kami selalu berikan promo-promo yg menarik loooh, jangan sampai ketinggalan ya :)",2023-05-02 08:12:08,3.76.0
yulia iskandar,Kasi tau donk no telf cs nya Saya mo minta uang saya di balikin,1,3.76.0,2023-05-02 07:48:54,"Hai, Kak Yulia. Mohon maaf atas ketidaknyamanan yang kamu alami. Untuk nomor call center Traveloka yaitu 0804-1500-308. Kamu jga bisa sampaikan detail kendala kamu melalui https://www.traveloka.com/contactus ya. Terima kasih. -PA",2023-03-14 05:02:34,3.76.0
Mas AL,sangat membantu,5,3.75.0,2023-05-02 07:40:48,"Halo Kak, terima kasih banyak atas ratingnya, semoga Kakak tetap nyaman dan selau setia menjadi pelanggan Traveloka. Yuk Kak pantengin terus Traveloka Lifestyle Super App karna kami selalu berikan promo-promo yg menarik loooh, jangan sampai ketinggalan ya :)",2023-05-02 07:42:18,3.75.0
Nurhadi 1994,Saya merasa dirugikan dengan transaksi tiket pesawat Karna saya tidak jadi dan refun tiket Malah suruh bayar 70% Biarin kena OJK,1,,2023-05-02 07:00:56,"Hai, Nurhadi. Mohon maaf atas ketidaknyamanannya. Kalau kamu memiliki kendala terkait pemesanan di Traveloka, mohon hubungi kami melalui tautan ini https://www.traveloka.com/id-id/contactus untuk dibantu cek lebih lanjut ya. Terima kasih 🙏 -WR",2023-05-02 07:13:32,
Laksmi Banawati,"mudah dan cepat, begitu transfer langsung dikirim etiket by email",5,3.76.0,2023-05-02 06:19:18,"Halo Kak, terima kasih banyak atas ratingnya, semoga Kakak tetap nyaman dan selau setia menjadi pelanggan Traveloka. Yuk Kak pantengin terus Traveloka Lifestyle Super App karna kami selalu berikan promo-promo yg menarik loooh, jangan sampai ketinggalan ya :)",2023-05-02 06:42:07,3.76.0
Khusnul Yaqin,sangat membantu,5,3.75.0,2023-05-02 06:17:17,"Hi Kak, senang banget nih dapat rating bagus dari Kakak, terima kasih juga atas feedbacknya! Kenyamanan Kakak adalah prioritas Kami, jika ada pertanyaan lainnya jangan sungkan ya untuk infokan pada kami di https://www.traveloka.com/contactus . Jangan sampai ketinggalan penawaran menarik lainnya di Traveloka Lifestye Super Apps.",2023-05-02 06:42:09,3.75.0
Andhika Suharjanto,"Kecewa dgn pelayanan traveloka, saya sdh oder hotel & sdh melakukan pembayaran, sdh ada bukti pembayaran namun VOUCHER tidak terbit dgn alasan kamar telah habis terjual (saya cek diaplikasi kembali ternyata msh ada), ditawarkan 2 solusi yg pertama Relokasi atau Refund, untuk yg Relokasi Hotel lain saya sangat kecewa karena ditawarkan hotel yg tidak sebanding dgn hotel yg saya oder. Apakah ini memang ada kendala di aplikasinya atau ada Oknum"" yg sengaja tidak menerbitkan untuk disalahgunakan.",1,3.76.0,2023-05-02 06:11:49,"Hai, Andhika. Mohon maaf atas ketidaknyamanannya. Terkait pemesanan kamu pada 10XXXXXX47, kami berusaha memberikan solusi yang terbaik. Dipastikan untuk kenyamanan pengguna, kami akan perbaiki dan tingkatkan performa Traveloka. Jika kamu masih ada kendala, mohon hubungi kami melalui tautan ini https://www.traveloka.com/contactus. Terima kasih. -SM",2023-05-02 06:19:11,3.76.0
Rusli dakhi Rusli,Pergi untuk pulang,4,3.75.0,2023-05-02 05:31:07,"Halo Kak, terima kasih banyak atas ratingnya, semoga Kakak tetap nyaman dan selau setia menjadi pelanggan Traveloka. Yuk Kak pantengin terus Traveloka Lifestyle Super App karna kami selalu berikan promo-promo yg menarik loooh, jangan sampai ketinggalan ya :)",2023-05-02 05:42:09,3.75.0
saeful ridwan febrian,sangat Membantu,5,3.76.0,2023-05-02 04:59:47,"Halo Kak, terima kasih banyak atas ratingnya, semoga Kakak tetap nyaman dan selau setia menjadi pelanggan Traveloka. Yuk Kak pantengin terus Traveloka Lifestyle Super App karna kami selalu berikan promo-promo yg menarik loooh, jangan sampai ketinggalan ya :)",2023-05-02 05:12:05,3.76.0
Eka Budi Saputra,Ok,5,3.76.0,2023-05-02 04:57:29,"Hi, we are so grateful to get a lot of support from you. Hope you continue to enjoy our offers. If you have any feedback or suggestions, let us know on https://www.traveloka.com/contactus, our customer service would love to serve you in 24 hours. Thank you!",2023-05-02 05:12:08,3.76.0
Dedik Hartawan,luar biasa,5,3.76.0,2023-05-02 04:51:40,"Halo Kak, terima kasih banyak atas ratingnya, semoga Kakak tetap nyaman dan selau setia menjadi pelanggan Traveloka. Yuk Kak pantengin terus Traveloka Lifestyle Super App karna kami selalu berikan promo-promo yg menarik loooh, jangan sampai ketinggalan ya :)",2023-05-02 05:12:13,3.76.0
Githa Purnama,"Saya telat bayar paylater 2bulan karna lupa, soalnya login nya di hp ade saya. Sekarang sudah dibayar tapi transaksi payleternya dinonaktifkan sampe kapan ya??",3,3.76.0,2023-05-02 04:47:38,"Hai, Githa. Kalau kamu memiliki kendala terkait pembayaran PayLater Traveloka, mohon hubungi kami melalui tautan ini https://www.traveloka.com/id-id/contactus untuk dibantu cek lebih lanjut ya. Terima kasih 🙏 -WR",2023-05-02 05:14:13,3.76.0
Nia Kurniawan,nice,5,3.76.0,2023-05-02 04:26:05,"Hi, we are so grateful to get a lot of support from you. Hope you continue to enjoy our offers. If you have any feedback or suggestions, let us know on https://www.traveloka.com/contactus, our customer service would love to serve you in 24 hours. Thank you!",2023-05-02 04:42:09,3.76.0
Ami rullah,mantap,5,3.74.0,2023-05-02 04:11:44,"Halo Kak, terima kasih banyak atas ratingnya, semoga Kakak tetap nyaman dan selau setia menjadi pelanggan Traveloka. Yuk Kak pantengin terus Traveloka Lifestyle Super App karna kami selalu berikan promo-promo yg menarik loooh, jangan sampai ketinggalan ya :)",2023-05-02 04:12:07,3.74.0
Bayu widayat,Senang bisa beli tiket pesawat tanpa harus ke agent.,5,3.76.0,2023-05-02 04:10:25,"Hi Kak, senang banget nih dapat rating bagus dari Kakak, terima kasih juga atas feedbacknya! Kenyamanan Kakak adalah prioritas Kami, jika ada pertanyaan lainnya jangan sungkan ya untuk infokan pada kami di https://www.traveloka.com/contactus . Jangan sampai ketinggalan penawaran menarik lainnya di Traveloka Lifestye Super Apps.",2023-05-02 04:12:10,3.76.0
Angga Frapta Metaliantara,Sistem trf nya gak beres transaksi gagal terus,1,,2023-05-02 03:55:13,"Hai, Angga. Mohon maaf atas kendalanya. Untuk membantu kami memahami kendala kamu, mohon bantuannya untuk menyampaikan detail kendala pembayaran kamu melalui https://www.traveloka.com/contactus agar kami dapat bantu cek lebih lanjut. Terima kasih. -VK",2023-05-02 04:13:24,
Dody Setiawan,bagus,5,3.76.0,2023-05-02 03:40:41,"Halo Kak, terima kasih banyak atas ratingnya, semoga Kakak tetap nyaman dan selau setia menjadi pelanggan Traveloka. Yuk Kak pantengin terus Traveloka Lifestyle Super App karna kami selalu berikan promo-promo yg menarik loooh, jangan sampai ketinggalan ya :)",2023-05-02 03:42:06,3.76.0
Ainur Rofiq,bagus,5,3.76.0,2023-05-02 03:31:50,"Hi Kak, senang banget nih dapat rating bagus dari Kakak, terima kasih juga atas feedbacknya! Kenyamanan Kakak adalah prioritas Kami, jika ada pertanyaan lainnya jangan sungkan ya untuk infokan pada kami di https://www.traveloka.com/contactus . Jangan sampai ketinggalan penawaran menarik lainnya di Traveloka Lifestye Super Apps.",2023-05-02 03:42:09,3.76.0
Andara Syafika,baru pertama kali transaksi..kasih bintang 4 dulu,4,3.76.0,2023-05-02 03:28:30,"Hi Kak, terima kasih atas feedbacknya, semoga Kakak tetap setia dengan Traveloka. Jika ada pertanyaan lain bisa langsung infokan pada kami di https://www.traveloka.com/contactus ya, Kak. Pantau terus Traveloka Lifestyle Super App untuk penawaran spesial lainnya!",2023-05-02 03:42:12,3.76.0
M. Awaludin Hidayatuloh,cukup baik,4,3.76.0,2023-05-02 03:14:44,"Halo Kak, terima kasih banyak atas ratingnya, semoga Kakak tetap nyaman dan selau setia menjadi pelanggan Traveloka. Yuk Kak pantengin terus Traveloka Lifestyle Super App karna kami selalu berikan promo-promo yg menarik loooh, jangan sampai ketinggalan ya :)",2023-05-02 03:42:16,3.76.0
Agus Suliswanto,Sangat membantu,5,3.76.0,2023-05-02 02:44:06,"Halo Kak, terima kasih banyak atas ratingnya, semoga Kakak tetap nyaman dan selau setia menjadi pelanggan Traveloka. Yuk Kak pantengin terus Traveloka Lifestyle Super App karna kami selalu berikan promo-promo yg menarik loooh, jangan sampai ketinggalan ya :)",2023-05-02 03:12:09,3.76.0
merah hitam,baguss,5,3.76.0,2023-05-02 02:02:37,"Halo Kak, terima kasih banyak atas ratingnya, semoga Kakak tetap nyaman dan selau setia menjadi pelanggan Traveloka. Yuk Kak pantengin terus Traveloka Lifestyle Super App karna kami selalu berikan promo-promo yg menarik loooh, jangan sampai ketinggalan ya :)",2023-05-02 02:12:06,3.76.0
Zulkarnain Zulka,"Lemot, berat",2,3.76.0,2023-05-02 01:46:30,"Hai Zulkarnain, mohon maaf atas kendala yang kamu alami. kami sarankan kamu untuk update aplikasi kamu ke versi terbaru dan kamu juga bisa clear cache. Jika ada pertanyaan atau kendala yang bisa kami bantu, silakan hubungi kami melalui https://www.traveloka.com/id-id/contactus ya. Terima kasih. -NA",2023-05-02 02:15:21,3.76.0
Olla woeisan,Saya sdh beberapa kali hapus aplikasinya dan download lagi untuk menghilangkan tumpang tindih tulisan/angka yang ada di pencarian harga tiket pesawat. Tetap sama saja masih tumpang tindih gitu,5,3.76.0,2023-05-02 01:15:21,"Hai, Olla. Mohon maaf atas kendalanya. Untuk membantu kami memahami kendala kamu, mohon bantuannya untuk menyampaikan detail dan screenshot kendala kamu ketika pencarian harga tiket melalui https://www.traveloka.com/contactus agar kami dapat bantu cek lebih lanjut. Terima kasih. -VK",2023-05-02 01:44:36,3.76.0
Zakim La ode,sangat bagus,5,3.76.0,2023-05-02 01:12:25,"Halo Kak, terima kasih banyak atas ratingnya, semoga Kakak tetap nyaman dan selau setia menjadi pelanggan Traveloka. Yuk Kak pantengin terus Traveloka Lifestyle Super App karna kami selalu berikan promo-promo yg menarik loooh, jangan sampai ketinggalan ya :)",2023-05-02 01:42:08,3.76.0
Ahmad Sahlan,sangat membantu,5,,2023-05-02 00:49:06,"Halo Kak, terima kasih banyak atas ratingnya, semoga Kakak tetap nyaman dan selau setia menjadi pelanggan Traveloka. Yuk Kak pantengin terus Traveloka Lifestyle Super App karna kami selalu berikan promo-promo yg menarik loooh, jangan sampai ketinggalan ya :)",2023-05-02 01:12:13,
Paijo Paijo,biyar bintang yg bicara,5,3.76.0,2023-05-02 00:31:18,"Halo Kak, terima kasih banyak atas ratingnya, semoga Kakak tetap nyaman dan selau setia menjadi pelanggan Traveloka. Yuk Kak pantengin terus Traveloka Lifestyle Super App karna kami selalu berikan promo-promo yg menarik loooh, jangan sampai ketinggalan ya :)",2023-05-02 00:42:07,3.76.0
Dwi Hastaningtyas,"Aplikasi ga ada guna, yang gw hangus gara2 villa byk peraturan dan pihak traveloka juga parah bgt. Semoga cepet tutup ini aplikasi. Harga vila dan hotel nya mahal.",1,3.76.0,2023-05-02 00:18:28,"Hai Kak Dwi. Mohon maaf atas ketidaknyamananya, terkait laporan Anda saat ini sedang ditangani oleh Tim kami pada nomor laporan 21601592, Mohon kesediaanya Anda untuk menunggu konfirmasi lebih lanjutnya via pesan pada aplikasi Traveloka. Terima kasih -IN",2021-11-15 12:34:15,3.76.0
agus bokep,ok,5,3.76.0,2023-05-02 00:11:04,"Hi, thank you very much for the positive review! Please feel free to contact us at https://www.traveloka.com/contactus we're more than happy to assist you and Stay tuned for more exciting offers on Traveloka Lifestyle Super App.",2023-05-02 00:12:06,3.76.0
Ahmad Raf,prosesnya cepat,5,3.76.0,2023-05-02 00:06:11,"Hi Kak, senang banget nih dapat rating bagus dari Kakak, terima kasih juga atas feedbacknya! Kenyamanan Kakak adalah prioritas Kami, jika ada pertanyaan lainnya jangan sungkan ya untuk infokan pada kami di https://www.traveloka.com/contactus . Jangan sampai ketinggalan penawaran menarik lainnya di Traveloka Lifestye Super Apps.",2023-05-02 00:12:09,3.76.0
Irsyaad Turab,adakah tutorial/demo video pemesanan tiket di YouTube?,5,3.76.0,2023-05-01 22:26:57,"Halo Kak, terima kasih banyak atas ratingnya, semoga Kakak tetap nyaman dan selau setia menjadi pelanggan Traveloka. Yuk Kak pantengin terus Traveloka Lifestyle Super App karna kami selalu berikan promo-promo yg menarik loooh, jangan sampai ketinggalan ya :)",2023-05-01 22:42:06,3.76.0
Fikri Robbani,"E-tiket udh terbit tp sampai di pool ditolak, ternyata ada kendala antr traveloka & pool busnya, sy pun diturunkan dr bus di hari keberangkatan. Setelah komplain sy dpt 2 opsi (reimburse & full refund) tp anehnya opsi pertama disuruh cari bus lain yg detail keberangkatannya sm spt tiket awl (padahal jelas2 bus antar provinsi hampir mustahil bs dpt tiket di hari itu juga). Akhirnya terpaksa plh full refund & akhirnya sy ABSEN kerja 2 hr krn tertunda keberangkatannya. Terima kasih traveloka :)",1,3.76.0,2023-05-01 22:13:57,"Hai Kak Fikri. Mohon maaf sekali atas kendala yang kamu alami. kamu bisa hubungi customer service kami melalui pesan di aplikasi Traveloka kamu atau melalui email di cs@traveloka.com, agar dapat dibantu lebih lanjut ya. Kami tunggu konfirmasinya. Terima kasih. -FR",2023-05-01 22:44:21,3.76.0
Martin Purnama,good,5,3.76.0,2023-05-01 20:34:45,"Hi, thank you very much for the positive review! Please feel free to contact us at https://www.traveloka.com/contactus we're more than happy to assist you and Stay tuned for more exciting offers on Traveloka Lifestyle Super App.",2023-05-01 20:42:06,3.76.0
SUPER ENJOY,Mudah murah,5,3.63.1,2023-05-01 19:53:11,"Halo Kak, terima kasih banyak atas ratingnya, semoga Kakak tetap nyaman dan selau setia menjadi pelanggan Traveloka. Yuk Kak pantengin terus Traveloka Lifestyle Super App karna kami selalu berikan promo-promo yg menarik loooh, jangan sampai ketinggalan ya :)",2023-05-01 20:12:07,3.63.1
Asad Faroek,Memuaskan,5,3.76.0,2023-05-01 18:04:51,"Halo Kak, terima kasih banyak atas ratingnya, semoga Kakak tetap nyaman dan selau setia menjadi pelanggan Traveloka. Yuk Kak pantengin terus Traveloka Lifestyle Super App karna kami selalu berikan promo-promo yg menarik loooh, jangan sampai ketinggalan ya :)",2023-05-01 18:12:07,3.76.0
Hermansyah Ebim,top markotop,5,3.76.0,2023-05-01 17:00:51,"Halo Kak, terima kasih banyak atas ratingnya, semoga Kakak tetap nyaman dan selau setia menjadi pelanggan Traveloka. Yuk Kak pantengin terus Traveloka Lifestyle Super App karna kami selalu berikan promo-promo yg menarik loooh, jangan sampai ketinggalan ya :)",2023-05-01 17:12:07,3.76.0
ari wibowo,mantap,5,3.76.0,2023-05-01 16:59:04,"Hi Kak, senang banget nih dapat rating bagus dari Kakak, terima kasih juga atas feedbacknya! Kenyamanan Kakak adalah prioritas Kami, jika ada pertanyaan lainnya jangan sungkan ya untuk infokan pada kami di https://www.traveloka.com/contactus . Jangan sampai ketinggalan penawaran menarik lainnya di Traveloka Lifestye Super Apps.",2023-05-01 17:12:10,3.76.0
Inne Tedja,good deal,5,3.76.0,2023-05-01 16:50:24,Thank you for leaving a good comment to us. Let us know if you have any suggestion for improvement through https://www.traveloka.com/contactus . Stay around for more interesting offers from Traveloka Lifestyle Super App!,2023-05-01 17:12:13,3.76.0
Muhamad Atar,oke,5,3.76.0,2023-05-01 16:09:45,"Makasih sudah menjadi pelanggan setia XL ya, Atar :) -OR",2023-05-01 16:39:37,3.76.0
nazriel Haikal,kemudahan dan jangkauan dlm bertransaksi,4,3.76.0,2023-05-01 15:48:15,"Halo Kak, terima kasih banyak atas ratingnya, semoga Kakak tetap nyaman dan selau setia menjadi pelanggan Traveloka. Yuk Kak pantengin terus Traveloka Lifestyle Super App karna kami selalu berikan promo-promo yg menarik loooh, jangan sampai ketinggalan ya :)",2023-05-01 16:12:08,3.76.0
Burhan_ Skm,mudah dan nyaman pakai traveloka,5,3.76.0,2023-05-01 15:24:14,"Halo Kak, terima kasih banyak atas ratingnya, semoga Kakak tetap nyaman dan selau setia menjadi pelanggan Traveloka. Yuk Kak pantengin terus Traveloka Lifestyle Super App karna kami selalu berikan promo-promo yg menarik loooh, jangan sampai ketinggalan ya :)",2023-05-01 15:42:06,3.76.0
Taufik Nurjaman,oke,5,3.76.0,2023-05-01 15:19:11,"Hai, Kak Taufik. Terima kasih atas ratingnya. Mimin tunggu pesanan kamu ya 😊 -RZ",2023-05-01 15:58:58,3.76.0
Noyo Sri,tidak ribet,5,3.76.0,2023-05-01 14:55:47,"Halo Kak, terima kasih banyak atas ratingnya, semoga Kakak tetap nyaman dan selau setia menjadi pelanggan Traveloka. Yuk Kak pantengin terus Traveloka Lifestyle Super App karna kami selalu berikan promo-promo yg menarik loooh, jangan sampai ketinggalan ya :)",2023-05-01 15:12:06,3.76.0
Fitri Yani,"Untuk kesekian kalinya , booking lewat traveloka ada trouble lagi , dan tidak bisa di refund",1,,2023-05-01 14:43:45,"Hai Fitri. Mohon maaf sekali atas kendala yang kamu alami, jika memiliki kendala pada pemesanan Traveloka kamu, kamu bisa hubungi customer service kami melalui pesan di aplikasi Traveloka kamu atau melalui email di cs@traveloka.com, untuk dibantu lebih lanjut ya. Terima kasih. -FR",2023-05-01 15:15:22,
Marianus bria Klohu,bagus dan mudah,5,3.76.0,2023-05-01 14:39:27,"Halo Kak, terima kasih banyak atas ratingnya, semoga Kakak tetap nyaman dan selau setia menjadi pelanggan Traveloka. Yuk Kak pantengin terus Traveloka Lifestyle Super App karna kami selalu berikan promo-promo yg menarik loooh, jangan sampai ketinggalan ya :)",2023-05-01 14:42:06,3.76.0
Andri Katarsis666,ok,5,3.76.0,2023-05-01 14:06:35,"Hi, thank you very much for the positive review! Please feel free to contact us at https://www.traveloka.com/contactus we're more than happy to assist you and Stay tuned for more exciting offers on Traveloka Lifestyle Super App.",2023-05-01 14:12:06,3.76.0
Tata Ericha makeover,sangat baik,5,3.43.1,2023-05-01 14:00:22,"Hi Kak, senang banget nih dapat rating bagus dari Kakak, terima kasih juga atas feedbacknya! Kenyamanan Kakak adalah prioritas Kami, jika ada pertanyaan lainnya jangan sungkan ya untuk infokan pada kami di https://www.traveloka.com/contactus . Jangan sampai ketinggalan penawaran menarik lainnya di Traveloka Lifestye Super Apps.",2023-05-01 14:12:09,3.43.1
Siti Maysyahroh,memuaskan,5,3.76.0,2023-05-01 13:46:57,"Hi Kak, terima kasih atas feedbacknya, semoga Kakak tetap setia dengan Traveloka. Jika ada pertanyaan lain bisa langsung infokan pada kami di https://www.traveloka.com/contactus ya, Kak. Pantau terus Traveloka Lifestyle Super App untuk penawaran spesial lainnya!",2023-05-01 14:12:12,3.76.0
Mala Mele,👍👍👍,5,3.76.0,2023-05-01 13:38:45,"Halo, Kak. Terima kasih atas penilaiannya dan telah memilih Traveloka sebagai partner perjalanan kamu. Terima kasih. -SC",2023-05-01 13:44:13,3.76.0
Syifa Bolang,baik,5,3.76.0,2023-05-01 12:36:59,"Halo Kak, terima kasih banyak atas ratingnya, semoga Kakak tetap nyaman dan selau setia menjadi pelanggan Traveloka. Yuk Kak pantengin terus Traveloka Lifestyle Super App karna kami selalu berikan promo-promo yg menarik loooh, jangan sampai ketinggalan ya :)",2023-05-01 12:42:06,3.76.0
Dira P,Kenapa saat pengajuan paylater ketika memasukan nama perusahaan selalu dapat notif masukan nama perusahaan yg valid??padahal alamat dan nama perusahaan sudah betul.seakan2 sistem kalian jauh lebih tau saya bekerja dimana.perbaiki deh sistem perusahaan anda.kalau gak ya gak usah sok2an pakai vasilitas paylater kalau memang untuk pengajuan aja udah susah,1,3.76.0,2023-05-01 12:13:53,"Hai, Dira. Mohon maaf atas ketidaknyamanannya. Apabila kamu mengalami kendala pada saat mendaftar PayLater, silakan diinfokan melalui email di cs@traveloka.com. Nantinya kami akan melakukan pengecekan lebih lanjut. Kamu juga bisa coba kembali dengan secara berkala ya. Terima kasih. -IN",2023-05-01 12:44:06,3.76.0
Subianto 21,good,5,3.76.0,2023-05-01 12:08:38,"Hi, thank you very much for the positive review! Please feel free to contact us at https://www.traveloka.com/contactus we're more than happy to assist you and Stay tuned for more exciting offers on Traveloka Lifestyle Super App.",2023-05-01 12:12:07,3.76.0
Noordien Kusumanegara,cepat akurat dan terpercaya,5,3.76.0,2023-05-01 11:26:14,"Halo Kak, terima kasih banyak atas ratingnya, semoga Kakak tetap nyaman dan selau setia menjadi pelanggan Traveloka. Yuk Kak pantengin terus Traveloka Lifestyle Super App karna kami selalu berikan promo-promo yg menarik loooh, jangan sampai ketinggalan ya :)",2023-05-01 11:42:10,3.76.0
Riski Amalia,sangat memmbantu,5,3.71.1,2023-05-01 09:21:37,"Halo Kak, terima kasih banyak atas ratingnya, semoga Kakak tetap nyaman dan selau setia menjadi pelanggan Traveloka. Yuk Kak pantengin terus Traveloka Lifestyle Super App karna kami selalu berikan promo-promo yg menarik loooh, jangan sampai ketinggalan ya :)",2023-05-01 09:42:07,3.71.1
Junaidi Muzzammil,excellent,5,3.76.0,2023-05-01 09:01:41,"Hi, we are so grateful to get a lot of support from you. Hope you continue to enjoy our offers. If you have any feedback or suggestions, let us know on https://www.traveloka.com/contactus, our customer service would love to serve you in 24 hours. Thank you!",2023-05-01 09:12:09,3.76.0
Faya F,Mantap,5,,2023-05-01 08:46:19,"Hi Kak, terima kasih atas feedbacknya, semoga Kakak tetap setia dengan Traveloka. Jika ada pertanyaan lain bisa langsung infokan pada kami di https://www.traveloka.com/contactus ya, Kak. Pantau terus Traveloka Lifestyle Super App untuk penawaran spesial lainnya!",2023-05-01 09:12:11,
Idam Muhalip,ok,5,3.76.0,2023-05-01 08:40:57,"Hi, thank you very much for the positive review! Please feel free to contact us at https://www.traveloka.com/contactus we're more than happy to assist you and Stay tuned for more exciting offers on Traveloka Lifestyle Super App.",2023-05-01 08:42:07,3.76.0
Krugger Kill,Kecewa sama traveloka pesen apartemen di traveloka malah dilempar disuruh download aplikasi travelio,1,,2023-05-01 08:26:28,"Hai, Kak. Maaf ya sudah membuatmu kecewa. Terkait kendala kamu saat ini, mohon infokan kepada kami melalui pesan pada aplikasi Traveloka atau melalui email ke cs@traveloka.com agar kami dapat membantu Anda lebih lanjut. Terima kasih. -KA",2023-05-01 08:44:35,
Citra Purwanti,oke bngt,5,3.76.0,2023-05-01 08:18:16,"Hi Kak, senang banget nih dapat rating bagus dari Kakak, terima kasih juga atas feedbacknya! Kenyamanan Kakak adalah prioritas Kami, jika ada pertanyaan lainnya jangan sungkan ya untuk infokan pada kami di https://www.traveloka.com/contactus . Jangan sampai ketinggalan penawaran menarik lainnya di Traveloka Lifestye Super Apps.",2023-05-01 08:42:10,3.76.0
Axxell Riu,Lebih senang sama traveloka yg dulu . beli ticket langsung sat set Sat set,3,3.76.0,2023-05-01 08:06:40,"Hai Axxell. Mohon maaf, jika kamu memiliki kendala dalam pemesanan tiket di aplikasi Traveloka, silakan infokan detail kendala kamu di https://www.traveloka.com/contactus, ya. Terima kasih. -KK",2023-05-01 08:16:47,3.76.0
Irvans Farid,mantap,5,3.76.0,2023-05-01 08:05:08,"Halo Kak, terima kasih banyak atas ratingnya, semoga Kakak tetap nyaman dan selau setia menjadi pelanggan Traveloka. Yuk Kak pantengin terus Traveloka Lifestyle Super App karna kami selalu berikan promo-promo yg menarik loooh, jangan sampai ketinggalan ya :)",2023-05-01 08:12:07,3.76.0
hamzan 10,sangat membantu,4,3.76.0,2023-05-01 07:59:29,"Hi Kak, senang banget nih dapat rating bagus dari Kakak, terima kasih juga atas feedbacknya! Kenyamanan Kakak adalah prioritas Kami, jika ada pertanyaan lainnya jangan sungkan ya untuk infokan pada kami di https://www.traveloka.com/contactus . Jangan sampai ketinggalan penawaran menarik lainnya di Traveloka Lifestye Super Apps.",2023-05-01 08:12:10,3.76.0
Galih Adi Pranoto,Jos,5,3.76.0,2023-05-01 07:54:32,"Hai, Galih. Terima kasih untuk review dan bintang 5 yang kamu berikan ya, mimin senang banget deh lihatnya hehehe. Sehat dan sukses selalu buat kamu serta keluarga. Mimin tunggu pesanan kamu selanjutnya :) -AM",2023-05-01 08:15:30,3.76.0
muhammad muhsin,a Alhamdulillah memuaskan,5,3.76.0,2023-05-01 07:52:34,"Hi Kak, terima kasih atas feedbacknya, semoga Kakak tetap setia dengan Traveloka. Jika ada pertanyaan lain bisa langsung infokan pada kami di https://www.traveloka.com/contactus ya, Kak. Pantau terus Traveloka Lifestyle Super App untuk penawaran spesial lainnya!",2023-05-01 08:12:14,3.76.0
Daniel Nugraha Putra,"aplikasinya ga jelas, mau pesan tiket tp tiba tiba penuh. masa ga ada update nya padahal udah berharap dapat tiket. 👎",1,3.76.0,2023-05-01 07:51:23,"Hai Kak Daniel, pada dasarnya untuk ketersediaan tiket akan mengikuti update langsung dari pihak maskapai, hotel, atau penyedia ya. Kami sarankan kamu bisa cek berkala untuk ketersediaannya. Terima kasih. -KA",2023-05-01 08:14:00,3.76.0
Samrin Cali,sangat memuaskan,5,3.76.0,2023-05-01 07:41:41,"Halo Kak, terima kasih banyak atas ratingnya, semoga Kakak tetap nyaman dan selau setia menjadi pelanggan Traveloka. Yuk Kak pantengin terus Traveloka Lifestyle Super App karna kami selalu berikan promo-promo yg menarik loooh, jangan sampai ketinggalan ya :)",2023-05-01 07:42:06,3.76.0
Whidya Nanda sari,Masa bayar ontime tapi limit diturunin gak logis lahh mungkin nyari yg bayarnya jelek kali ya baru dikasih limit,2,,2023-05-01 07:32:26,"Hai, Kak Sari. Maaf atas ketidaknyamanannya, untuk kedepannya kami akan terus meningkatkan dalam memberikan pelayanan yang maksimal dan prima. Pada dasarnya jika kamu memiliki kendala pada PayLater kamu bisa hubungi IG Traveloka PayLater di laman ini ya https://www.instagram.com/travelokapaylater/. Terima kasih. -NT",2023-05-01 07:46:57,
yolla wona,the best,5,3.76.0,2023-05-01 06:28:12,"Hi, thank you very much for the positive review! Please feel free to contact us at https://www.traveloka.com/contactus we're more than happy to assist you and Stay tuned for more exciting offers on Traveloka Lifestyle Super App.",2023-05-01 06:42:07,3.76.0
Andi 123,"ok, mantap",5,3.76.0,2023-05-01 06:02:28,"Halo Kak, terima kasih banyak atas ratingnya, semoga Kakak tetap nyaman dan selau setia menjadi pelanggan Traveloka. Yuk Kak pantengin terus Traveloka Lifestyle Super App karna kami selalu berikan promo-promo yg menarik loooh, jangan sampai ketinggalan ya :)",2023-05-01 06:12:06,3.76.0
PT. BALDES JAYA,bagus,5,3.69.0,2023-05-01 05:41:27,"Halo Kak, terima kasih banyak atas ratingnya, semoga Kakak tetap nyaman dan selau setia menjadi pelanggan Traveloka. Yuk Kak pantengin terus Traveloka Lifestyle Super App karna kami selalu berikan promo-promo yg menarik loooh, jangan sampai ketinggalan ya :)",2023-05-01 05:42:07,3.69.0
Satrio Rat,metode pembayaran ribet,1,3.76.0,2023-05-01 05:33:51,"Hai, Satrio. Kami meminta maaf atas kendala yang kamu alami. Kamu dapat menghubungi kami melalui https://www.traveloka.com/id-id/contactus agar masalahmu bisa diselesaikan secepat mungkin.
Kami akan berikan solusi terbaik agar kamu dapat merasa puas dan layanan kami layak mendapatkan rating yang lebih baik. Terima kasih. -OE",2023-05-01 05:44:25,3.76.0
Isya Albone,memudahkan semua urusan,5,3.76.0,2023-05-01 05:13:39,"Hi Kak, senang banget nih dapat rating bagus dari Kakak, terima kasih juga atas feedbacknya! Kenyamanan Kakak adalah prioritas Kami, jika ada pertanyaan lainnya jangan sungkan ya untuk infokan pada kami di https://www.traveloka.com/contactus . Jangan sampai ketinggalan penawaran menarik lainnya di Traveloka Lifestye Super Apps.",2023-05-01 05:42:11,3.76.0
Selamet Efendi,sangat baik,5,3.76.0,2023-05-01 04:47:55,"Halo Kak, terima kasih banyak atas ratingnya, semoga Kakak tetap nyaman dan selau setia menjadi pelanggan Traveloka. Yuk Kak pantengin terus Traveloka Lifestyle Super App karna kami selalu berikan promo-promo yg menarik loooh, jangan sampai ketinggalan ya :)",2023-05-01 05:12:06,3.76.0
arif hidayatulloh hidayat,mantap,5,3.76.0,2023-05-01 04:12:51,"Halo Kak, terima kasih banyak atas ratingnya, semoga Kakak tetap nyaman dan selau setia menjadi pelanggan Traveloka. Yuk Kak pantengin terus Traveloka Lifestyle Super App karna kami selalu berikan promo-promo yg menarik loooh, jangan sampai ketinggalan ya :)",2023-05-01 04:42:07,3.76.0
Alfian Samin,sangat senang pakai Traveloka,5,3.76.0,2023-05-01 04:06:04,"Halo Kak, terima kasih banyak atas ratingnya, semoga Kakak tetap nyaman dan selau setia menjadi pelanggan Traveloka. Yuk Kak pantengin terus Traveloka Lifestyle Super App karna kami selalu berikan promo-promo yg menarik loooh, jangan sampai ketinggalan ya :)",2023-05-01 04:12:07,3.76.0
Setia Desta Nugraha,ok,5,3.76.0,2023-05-01 03:52:25,"Hi, we are so grateful to get a lot of support from you. Hope you continue to enjoy our offers. If you have any feedback or suggestions, let us know on https://www.traveloka.com/contactus, our customer service would love to serve you in 24 hours. Thank you!",2023-05-01 04:12:11,3.76.0
Aam Junaidi,mantaaap,5,3.76.0,2023-05-01 03:07:55,Halo Junaidi. Makasih atas review kamu ya. Makasih juga sudah menjadikan Traveloka sebagai teman perjalanan kamu :) -MZ,2023-05-01 03:15:06,3.76.0
Abdul Majid yusuf,kuponya gk bisa di pakai,4,3.76.0,2023-05-01 03:00:56,"Hai Abdul. Mohon maaf atas ketidaknyamanan kamu, silakan menghubungi kami melalui https://www.traveloka.com/id-id/contactus untuk pengecekan lebih lanjut kendala kamu ya. Terima kasih. -MZ
",2023-05-01 03:14:21,3.76.0
NI MADE EPY APRILIANTINI,"Parah sih, mw refund lg btuh bgt cash, ga ada pembritahuan di awal kalau bakalan diganti voucher, cuma info tiket bisa refund eh malah trnyata katanya kebijakan maskapai, ambyar dah dikasih voucher mana cuma berlaku 1th. Kecewa banget, dulu traveloka ga kaya gitu. Mhon next di infokan detail min, jadi sekalian cari tiket murah angus angus sklian🙃.",1,3.76.0,2023-05-01 02:42:13,"Halo, Ni Made. Mohon maaf atas ketidaknyamanannya. Sesuai dengan kebijakan dari pihak maskapai kalau untuk refund dalam bentuk Travel Voucher. Kalau ada pertanyaan lain bisa hubungi kami kembali melalui https://www.traveloka.com/en-id/contactus. Terima kasih. -OE",2023-05-01 03:19:22,3.76.0
MEILIANA F.AZZAHRA,"kenapa traveloka sekarang tidak bisa diajak kerja sama dengan baik yaa,tolong dongg balikin traveloka yang dulu playstore☹️",4,3.72.0,2023-05-01 01:36:38,"Hai, Kak Meliana. Maaf udah buat kamu gak nyaman. Silakan sampaikan keluhan kamu mengenai Traveloka melalui layanan pengaduan Traveloka di laman https://www.traveloka.com/contactus. Kritik dan saran dari kamu sangat kami tunggu ya, Kak. Terima kasih. -AM",2023-05-01 01:44:04,3.72.0
Rebeka Pardede,"Ini kenapa traveloka tidak bisa dibuka? Dan hanya tersedia dua fitur saja,,fitur pesawat dan hotel. Yg lainnya tidak muncul. Padahal saya sudah update versinya. Mohon bantuan ny. Uda 3 hari seperti ini.",1,3.76.0,2023-05-01 01:26:59,"Hai, Rebeka. Mohon maaf atas kendalanya. Silakan coba logout dan login kembali. Jika masih kendala, silakan sampaikan detail kendala melalui https://www.traveloka.com/contactus agar kami dapat bantu cek lebih lanjut. Terima kasih. -VK",2023-05-01 01:43:50,3.76.0
Just Lapi,"Penipu, tidak bekerja sama dengan homestay",1,,2023-05-01 01:10:25,"Hai, Lapi. Mohon maaf atas ketidaknyamanannya. Untuk membantu kami memahami kendala kamu, mohon bantuannya untuk menyampaikan kendala kamu beserta nomor pesanan kamu melalui https://www.traveloka.com/id-id/contactus agar kami dapat bantu cek lebih lanjut. Terima kasih. -SY",2023-05-01 01:15:24,
akb Wijaya,"Niatnya mau coba pake aplikasi ini, krn dlu sering pake apl ini, tp Mengecewakan masa search nya gak bisa2 pdahal sdh keluar otomatis, saat di klik malah notif salah ejaan, hadeeh...hapus aja lah aplikasi, pake Agoda lagi aja klo bgini mah",1,3.76.0,2023-05-01 01:09:44,"Hai Wijaya. Maaf buat kamu tidak nyaman. Untuk dibantu lebih lanjut kendala kamu, mohon dapat menghubungi kami langsung melalui link https://www.traveloka.com/id-id/contactus ya. Terima kasih. -RM",2023-05-01 01:14:11,3.76.0
Jos Paryanto,J .n bczA,2,,2023-05-01 01:06:35,"Hai, Jos. Mohon maaf sebelumnya. Untuk membantu kami memahami kendala kamu, mohon bantuannya untuk menyampaikan detail pertanyaan/kendala kamu melalui https://www.traveloka.com/contactus agar kami dapat bantu cek lebih lanjut. Terima kasih. -VK",2023-05-01 01:15:18,
Nita Astriana,"Saya pesan ticket penginapan, sampai di hotel nya di tolak bahwa tidak ada bekerjasama lain. refund tidak bisa. Parah",1,3.76.0,2023-05-01 01:04:21,"Hai, Nita. Mohon maaf atas kendalanya. Untuk membantu kami memahami kendala kamu, mohon bantuannya untuk menyampaikan nomor pesanan kamu melalui https://www.traveloka.com/contactus agar kami dapat bantu cek lebih lanjut. Terima kasih. -VK",2023-05-01 01:16:44,3.76.0
Yulianti Sari,masih belum terbiasa pakenya,4,3.76.0,2023-05-01 00:36:14,"Hai, Kak Yulianti. Jika ada pertanyaan dan butuh bantuan, silakan hubungi kami melalui https://www.traveloka.com/id-id/contactus ya. Terima kasih. -SY",2023-05-01 00:43:48,3.76.0
Dini Hekmarini,"selalu yakin dan percaya untuk beli tiket penerbangan di traveloka, the best, thanks.",5,3.76.0,2023-05-01 00:17:38,"Halo Kak, terima kasih banyak atas ratingnya, semoga Kakak tetap nyaman dan selau setia menjadi pelanggan Traveloka. Yuk Kak pantengin terus Traveloka Lifestyle Super App karna kami selalu berikan promo-promo yg menarik loooh, jangan sampai ketinggalan ya :)",2023-05-01 00:42:09,3.76.0
Hapid Hasan,mantap,5,3.76.0,2023-04-30 23:57:03,"Halo Kak, terima kasih banyak atas ratingnya, semoga Kakak tetap nyaman dan selau setia menjadi pelanggan Traveloka. Yuk Kak pantengin terus Traveloka Lifestyle Super App karna kami selalu berikan promo-promo yg menarik loooh, jangan sampai ketinggalan ya :)",2023-05-01 00:12:08,3.76.0
Luk man,"Level makin hari makin turun, jarang digunakan juga, tolong hapusin data pribadi saya di sistem min, kalau bisa blokir dah 👎",1,3.76.0,2023-04-30 23:37:35,"Hai Kak Lukman, maaf banget kendala penurunan limit PayLater yang kamu alami. Penurunan limit ditentukan oleh tim Risk Management PayLater Kak. Terima kasih -DZ",2023-04-30 23:44:21,3.76.0
Heru Ari,sangat membatu sekali,5,3.72.0,2023-04-30 23:28:38,"Halo Kak, terima kasih banyak atas ratingnya, semoga Kakak tetap nyaman dan selau setia menjadi pelanggan Traveloka. Yuk Kak pantengin terus Traveloka Lifestyle Super App karna kami selalu berikan promo-promo yg menarik loooh, jangan sampai ketinggalan ya :)",2023-04-30 23:42:08,3.72.0
Suryana Surya,". 4w,",1,3.76.0,2023-04-30 23:20:46,"Hai Kak Suryana, kalau ada pertanyaan silakan sampaikan pada https://www.traveloka.com/id-id/contactus supaya mimin bisa bantu kamu. Terima kasih -DZ",2023-04-30 23:47:55,3.76.0
Bu Noviany,awesome,5,3.76.0,2023-04-30 23:14:24,"Hi, we are so grateful to get a lot of support from you. Hope you continue to enjoy our offers. If you have any feedback or suggestions, let us know on https://www.traveloka.com/contactus, our customer service would love to serve you in 24 hours. Thank you!",2023-04-30 23:42:12,3.76.0
Erwin TFC,tambahin promo nya dong...,5,3.76.0,2023-04-30 22:50:19,"Halo Kak, terima kasih banyak atas ratingnya, semoga Kakak tetap nyaman dan selau setia menjadi pelanggan Traveloka. Yuk Kak pantengin terus Traveloka Lifestyle Super App karna kami selalu berikan promo-promo yg menarik loooh, jangan sampai ketinggalan ya :)",2023-04-30 23:12:16,3.76.0
Rian Agustama,Terimakasih 🙏,5,,2023-04-30 21:55:47,"Halo Kak, terima kasih banyak atas ratingnya, semoga Kakak tetap nyaman dan selau setia menjadi pelanggan Traveloka. Yuk Kak pantengin terus Traveloka Lifestyle Super App karna kami selalu berikan promo-promo yg menarik loooh, jangan sampai ketinggalan ya :)",2023-04-30 22:12:06,
Ana Setyani,"waktu keberangkatan di traveloka dan PO bus damri berbeda, alhasil saya harus menunggu 1 jam",1,3.76.0,2023-04-30 21:25:31,"Hai Kak Ana, maaf banget kendala perjalanan Bus kamu. Silakan infokan nomor pesanannya melalui https://www.traveloka.com/id-id/contactus supaya mimin bisa bantu kamu. Terima kasih -DZ",2023-04-30 21:45:27,3.76.0
Fikry Israel,terbaik,5,3.76.0,2023-04-30 20:03:40,"Halo Kak, terima kasih banyak atas ratingnya, semoga Kakak tetap nyaman dan selau setia menjadi pelanggan Traveloka. Yuk Kak pantengin terus Traveloka Lifestyle Super App karna kami selalu berikan promo-promo yg menarik loooh, jangan sampai ketinggalan ya :)",2023-04-30 20:12:06,3.76.0
Nisaul Muhsinin,mau liburan jd gampang banget terima kasih,5,3.74.0,2023-04-30 18:15:14,"Halo Kak, terima kasih banyak atas ratingnya, semoga Kakak tetap nyaman dan selau setia menjadi pelanggan Traveloka. Yuk Kak pantengin terus Traveloka Lifestyle Super App karna kami selalu berikan promo-promo yg menarik loooh, jangan sampai ketinggalan ya :)",2023-04-30 18:42:07,3.74.0
Yudie seleX,ok.,5,,2023-04-30 15:52:47,"Hi, thank you very much for the positive review! Please feel free to contact us at https://www.traveloka.com/contactus we're more than happy to assist you and Stay tuned for more exciting offers on Traveloka Lifestyle Super App.",2023-04-30 16:12:07,
Sunarto Slamet,"mantab, cepat singkat padat",5,3.76.0,2023-04-30 15:34:52,"Halo Kak, terima kasih banyak atas ratingnya, semoga Kakak tetap nyaman dan selau setia menjadi pelanggan Traveloka. Yuk Kak pantengin terus Traveloka Lifestyle Super App karna kami selalu berikan promo-promo yg menarik loooh, jangan sampai ketinggalan ya :)",2023-04-30 15:42:11,3.76.0
zakariya sandi,user friendly dan sangat mudah dalam refund atau reschedule,5,3.76.0,2023-04-30 14:42:40,"Halo Kak, terima kasih banyak atas ratingnya, semoga Kakak tetap nyaman dan selau setia menjadi pelanggan Traveloka. Yuk Kak pantengin terus Traveloka Lifestyle Super App karna kami selalu berikan promo-promo yg menarik loooh, jangan sampai ketinggalan ya :)",2023-04-30 15:12:08,3.76.0
Rastu Rayu,traveloka mantap,5,3.76.0,2023-04-30 14:17:12,"Halo Kak, terima kasih banyak atas ratingnya, semoga Kakak tetap nyaman dan selau setia menjadi pelanggan Traveloka. Yuk Kak pantengin terus Traveloka Lifestyle Super App karna kami selalu berikan promo-promo yg menarik loooh, jangan sampai ketinggalan ya :)",2023-04-30 14:42:06,3.76.0
Arief Mohkethip,Traveloka recommended. 👍,5,3.57.0,2023-04-30 13:47:53,"Hi, we are so grateful to get a lot of support from you. Hope you continue to enjoy our offers. If you have any feedback or suggestions, let us know on https://www.traveloka.com/contactus, our customer service would love to serve you in 24 hours. Thank you!",2023-04-30 14:12:10,3.57.0
adhi susanto,mudah dan hemat,5,3.76.0,2023-04-30 13:46:45,"Hi Kak, terima kasih atas feedbacknya, semoga Kakak tetap setia dengan Traveloka. Jika ada pertanyaan lain bisa langsung infokan pada kami di https://www.traveloka.com/contactus ya, Kak. Pantau terus Traveloka Lifestyle Super App untuk penawaran spesial lainnya!",2023-04-30 14:12:13,3.76.0
Hana Chatlen,Ok,5,3.29.0,2023-04-30 13:37:20,"Hai, Kak Hana. Terima kasih atas feedback kamu ya. Jika kamu memiliki pertanyaan, jangan sungkan hubungi kami. Dan silakan menghubungi kami dengan mengetuk ikon chat pada bagian kanan atas halaman utama aplikasi Traveloka kamu, melalui email di cs@traveloka.com atau di nomor telepon 021-08041500308. Terima kasih-PA",2021-11-16 03:31:33,3.29.0
Jaka Lesmana,coba 3 bintang dulu ya masih pemula,3,,2023-04-30 13:24:33,"Hai, Jaka. Terima kasih buat feedbacknya ya, semoga kamu tetap setia dengan Traveloka. Jika ada kendala jangan sungkan untuk infokan pada kami di https://www.traveloka.com/contactus. Kami tunggu bintang 5-nya. -SM",2023-04-30 13:47:33,
Mhd Sahlan Simanjuntak,mantap,5,3.75.0,2023-04-30 12:56:14,"Halo Kak, terima kasih banyak atas ratingnya, semoga Kakak tetap nyaman dan selau setia menjadi pelanggan Traveloka. Yuk Kak pantengin terus Traveloka Lifestyle Super App karna kami selalu berikan promo-promo yg menarik loooh, jangan sampai ketinggalan ya :)",2023-04-30 13:12:08,3.75.0
Sumarno Shu,"terima kasih Traveloka, udah membantu aku dalam kesulitan ku, semoga sukses selalu, amin",5,3.76.0,2023-04-30 12:02:16,"Halo Kak, terima kasih banyak atas ratingnya, semoga Kakak tetap nyaman dan selau setia menjadi pelanggan Traveloka. Yuk Kak pantengin terus Traveloka Lifestyle Super App karna kami selalu berikan promo-promo yg menarik loooh, jangan sampai ketinggalan ya :)",2023-04-30 12:12:07,3.76.0
Neni Yunengsih,cara mudah memesan hotel.drpd nanti cari2 ngedadak,5,3.76.0,2023-04-30 11:14:43,"Halo Kak, terima kasih banyak atas ratingnya, semoga Kakak tetap nyaman dan selau setia menjadi pelanggan Traveloka. Yuk Kak pantengin terus Traveloka Lifestyle Super App karna kami selalu berikan promo-promo yg menarik loooh, jangan sampai ketinggalan ya :)",2023-04-30 11:42:06,3.76.0
Toni Setiawan,good,5,3.76.0,2023-04-30 11:11:40,"Hi, thank you very much for the positive review! Please feel free to contact us at https://www.traveloka.com/contactus we're more than happy to assist you and Stay tuned for more exciting offers on Traveloka Lifestyle Super App.",2023-04-30 11:12:07,3.76.0
Martin L Utama,"klo mau ganti hotel, harus matiin hp",3,3.74.1,2023-04-30 10:53:36,"Hai Martin, mohon maaf atas kendala yang kamu alami. Untuk dapat mimin cek lebih lanjut kendala kamu. Mohon dapat menginformasikan detail kendala kamu melalui link https://www.traveloka.com/id-id/contactus Kak. Terima kasih. -AH",2023-04-30 11:15:28,3.74.1
Daddy Volunteer,ok,5,3.76.0,2023-04-30 10:50:39,"Hi, we are so grateful to get a lot of support from you. Hope you continue to enjoy our offers. If you have any feedback or suggestions, let us know on https://www.traveloka.com/contactus, our customer service would love to serve you in 24 hours. Thank you!",2023-04-30 11:12:13,3.76.0
Eny Nurhayati,saya sangat puas,5,3.76.0,2023-04-30 10:50:07,"Hi Kak, terima kasih atas feedbacknya, semoga Kakak tetap setia dengan Traveloka. Jika ada pertanyaan lain bisa langsung infokan pada kami di https://www.traveloka.com/contactus ya, Kak. Pantau terus Traveloka Lifestyle Super App untuk penawaran spesial lainnya!",2023-04-30 11:12:16,3.76.0
Zainal Mustofa,Traveloka aplikasi jos,5,3.3.0,2023-04-30 09:55:40,"Hi Kak, senang banget nih dapat rating bagus dari Kakak, terima kasih juga atas feedbacknya! Kenyamanan Kakak adalah prioritas Kami, jika ada pertanyaan lainnya jangan sungkan ya untuk infokan pada kami di https://www.traveloka.com/contactus . Jangan sampai ketinggalan penawaran menarik lainnya di Traveloka Lifestye Super Apps.",2023-04-30 10:12:09,3.3.0
andi m,Aplikasi jelek. Gak bisa buat booking.,1,,2023-04-30 09:32:07,"Hai Andi. Mohon maaf atas ketidaknyamanan yang kamu alami. Jika memiliki kendala saat melakukan pemesanan, kamu bisa hubungi customer service kami melalui pesan di aplikasi Traveloka kamu atau melalui email di cs@traveloka.com, untuk dibantu lebih lanjut ya. Terima kasih. -FR",2023-04-30 09:43:55,
Budi Muchtar,mantap,5,3.70.1,2023-04-30 08:25:50,"Halo Kak, terima kasih banyak atas ratingnya, semoga Kakak tetap nyaman dan selau setia menjadi pelanggan Traveloka. Yuk Kak pantengin terus Traveloka Lifestyle Super App karna kami selalu berikan promo-promo yg menarik loooh, jangan sampai ketinggalan ya :)",2023-04-30 08:42:06,3.70.1
Naufal Adrian Hidayat,Memudahkan saya untuk pulang pergi ke mana saja,5,3.76.0,2023-04-30 08:23:48,"Hi Kak, senang banget nih dapat rating bagus dari Kakak, terima kasih juga atas feedbacknya! Kenyamanan Kakak adalah prioritas Kami, jika ada pertanyaan lainnya jangan sungkan ya untuk infokan pada kami di https://www.traveloka.com/contactus . Jangan sampai ketinggalan penawaran menarik lainnya di Traveloka Lifestye Super Apps.",2023-04-30 08:42:08,3.76.0
Zulbira Zul,Kagak jelas,1,3.6.0,2023-04-30 08:18:56,"Hai, Zulbira. Maaf ya sudah membuatmu kecewa. Jika kamu memiliki kendala mohon informasikan kepada kami detail kendala yang dialami melalui pesan pada aplikasi Traveloka atau melalui email ke cs@traveloka.com agar kami dapat membantu Anda lebih lanjut. Terima kasih. -KA",2023-04-30 08:43:33,3.6.0
Yuliawati Manao,Terimakasih Traveloka,5,3.76.0,2023-04-30 08:00:48,"Halo Kak, terima kasih banyak atas ratingnya, semoga Kakak tetap nyaman dan selau setia menjadi pelanggan Traveloka. Yuk Kak pantengin terus Traveloka Lifestyle Super App karna kami selalu berikan promo-promo yg menarik loooh, jangan sampai ketinggalan ya :)",2023-04-30 08:12:07,3.76.0
omie romilda,good,5,3.76.0,2023-04-30 07:28:18,"Hi, we are so grateful to get a lot of support from you. Hope you continue to enjoy our offers. If you have any feedback or suggestions, let us know on https://www.traveloka.com/contactus, our customer service would love to serve you in 24 hours. Thank you!",2023-04-30 07:42:10,3.76.0
yong ki,baik,5,3.76.0,2023-04-30 07:05:37,"Halo Kak, terima kasih banyak atas ratingnya, semoga Kakak tetap nyaman dan selau setia menjadi pelanggan Traveloka. Yuk Kak pantengin terus Traveloka Lifestyle Super App karna kami selalu berikan promo-promo yg menarik loooh, jangan sampai ketinggalan ya :)",2023-04-30 07:12:07,3.76.0
Amrison Dason,luar bisa senang dg traveloka,5,3.76.0,2023-04-30 06:47:57,"Hi Kak, senang banget nih dapat rating bagus dari Kakak, terima kasih juga atas feedbacknya! Kenyamanan Kakak adalah prioritas Kami, jika ada pertanyaan lainnya jangan sungkan ya untuk infokan pada kami di https://www.traveloka.com/contactus . Jangan sampai ketinggalan penawaran menarik lainnya di Traveloka Lifestye Super Apps.",2023-04-30 07:12:10,3.76.0
Jafri Alberdsaputra,cukup mudah 😇,5,3.76.0,2023-04-30 06:30:17,"Halo Kak, terima kasih banyak atas ratingnya, semoga Kakak tetap nyaman dan selau setia menjadi pelanggan Traveloka. Yuk Kak pantengin terus Traveloka Lifestyle Super App karna kami selalu berikan promo-promo yg menarik loooh, jangan sampai ketinggalan ya :)",2023-04-30 06:42:14,3.76.0
johan efendi (MasHan),mudah dan simple,5,3.76.0,2023-04-30 05:12:10,"Hi Kak, senang banget nih dapat rating bagus dari Kakak, terima kasih juga atas feedbacknya! Kenyamanan Kakak adalah prioritas Kami, jika ada pertanyaan lainnya jangan sungkan ya untuk infokan pada kami di https://www.traveloka.com/contactus . Jangan sampai ketinggalan penawaran menarik lainnya di Traveloka Lifestye Super Apps.",2023-04-30 05:42:10,3.76.0
Redo Bewok,terbaik bagi pengguna baru.,5,3.76.0,2023-04-30 05:09:29,"Halo Kak, terima kasih banyak atas ratingnya, semoga Kakak tetap nyaman dan selau setia menjadi pelanggan Traveloka. Yuk Kak pantengin terus Traveloka Lifestyle Super App karna kami selalu berikan promo-promo yg menarik loooh, jangan sampai ketinggalan ya :)",2023-04-30 05:12:07,3.76.0
Lily Kinanti,sangat puas dan mudah,5,3.76.0,2023-04-30 04:24:28,"Halo Kak, terima kasih banyak atas ratingnya, semoga Kakak tetap nyaman dan selau setia menjadi pelanggan Traveloka. Yuk Kak pantengin terus Traveloka Lifestyle Super App karna kami selalu berikan promo-promo yg menarik loooh, jangan sampai ketinggalan ya :)",2023-04-30 04:42:07,3.76.0
Sindi,Gx bisa kebuka susah x,3,3.76.0,2023-04-30 04:05:35,"Hai, Sindi. Maaf banget ya buat kendala yang terjadi. Boleh dibantu kirimkan detail kendala kamu tersebut melalui link https://www.traveloka.com/contactus ya. Kami akan berusaha untuk membantu kendala kamu. Terima kasih. -RF",2023-04-30 04:17:37,3.76.0
adie 23,"Parah nih paylater tiba2 di bekukan, tlong bantu aktifkan kembali kalau tidak akan auto uninstal nih",1,3.11.0,2023-04-30 03:44:21,Halo Adie. Mohon maaf buat kamu tidak nyaman. Silakan menghubungi kami melalui https://www.traveloka.com/id-id/contactus untuk pnegcekan lebih lanjut terkait akun PayLater kamu ya. Terima kasih. -MZ,2023-04-30 04:16:51,3.11.0
Eka Qurniati Syahputri,sangat² membantu disetiap perjalanan 🥰🥰,5,3.76.0,2023-04-30 03:43:07,"Hi Kak, senang banget nih dapat rating bagus dari Kakak, terima kasih juga atas feedbacknya! Kenyamanan Kakak adalah prioritas Kami, jika ada pertanyaan lainnya jangan sungkan ya untuk infokan pada kami di https://www.traveloka.com/contactus . Jangan sampai ketinggalan penawaran menarik lainnya di Traveloka Lifestye Super Apps.",2023-04-30 04:12:30,3.76.0
thea aliyani,good aplikasi easy holiday,5,3.75.0,2023-04-30 03:31:33,"Halo Kak, terima kasih banyak atas ratingnya, semoga Kakak tetap nyaman dan selau setia menjadi pelanggan Traveloka. Yuk Kak pantengin terus Traveloka Lifestyle Super App karna kami selalu berikan promo-promo yg menarik loooh, jangan sampai ketinggalan ya :)",2023-04-30 03:42:06,3.75.0
sunaryo leo,sengat membantu,5,3.75.0,2023-04-30 02:45:26,"Halo Kak, terima kasih banyak atas ratingnya, semoga Kakak tetap nyaman dan selau setia menjadi pelanggan Traveloka. Yuk Kak pantengin terus Traveloka Lifestyle Super App karna kami selalu berikan promo-promo yg menarik loooh, jangan sampai ketinggalan ya :)",2023-04-30 03:12:08,3.75.0
Muhammad Ilham,👍,5,3.76.0,2023-04-30 02:39:46,,,3.76.0
Khairul Abdi Ruslana,Oke banget,5,3.70.0,2023-04-30 02:07:07,"Halo Kak, terima kasih banyak atas ratingnya, semoga Kakak tetap nyaman dan selau setia menjadi pelanggan Traveloka. Yuk Kak pantengin terus Traveloka Lifestyle Super App karna kami selalu berikan promo-promo yg menarik loooh, jangan sampai ketinggalan ya :)",2023-04-30 02:12:11,3.70.0
eny susanti,Traveloka mudah diakses dan pelayanan bagus....,5,3.76.0,2023-04-30 02:00:58,"Hi Kak, senang banget nih dapat rating bagus dari Kakak, terima kasih juga atas feedbacknya! Kenyamanan Kakak adalah prioritas Kami, jika ada pertanyaan lainnya jangan sungkan ya untuk infokan pada kami di https://www.traveloka.com/contactus . Jangan sampai ketinggalan penawaran menarik lainnya di Traveloka Lifestye Super Apps.",2023-04-30 02:12:13,3.76.0
Rusmono Rusmono,sangat baik,5,3.76.0,2023-04-30 01:50:31,"Hi Kak, terima kasih atas feedbacknya, semoga Kakak tetap setia dengan Traveloka. Jika ada pertanyaan lain bisa langsung infokan pada kami di https://www.traveloka.com/contactus ya, Kak. Pantau terus Traveloka Lifestyle Super App untuk penawaran spesial lainnya!",2023-04-30 02:12:16,3.76.0
ikadek warjaya,"Sangat tidak recomend membeli tiket bus via traveloka. Saya beli tiket bus angkasa trans jaya rute Bali Surabaya di traveloka harusnya berangkat jam 9:30 ternyata titik penjemputan dan keberangkatannya berbeda dengan tiket saya di traveloka, akhirnya saya cari di map lokasi parkir busnya dan saya tanya langsung ke po busnya, ternyata keberangkatan dan titik penjemputan di traveloka tidak konfirmasi dengan pihak po bus sehingga banyak yang komplain terkait hal ini.",1,,2023-04-30 01:47:02,"Halo I kadek. Mohon maaf atas ketidaknyamanan yang kamu alami. Untuk pengecekan lebih lanjut terkait laproan kamu, silakan menghubungi kami melalui https://www.traveloka.com/id-id/contactus. Terima kasih. - MZ",2023-04-30 02:18:27,
Desy Ika,harga tidak konsisten,1,3.76.0,2023-04-30 01:27:03,"Hai, Desy. Untuk harga yang tertera memang bersifat fluktuatif atau dapat berubah mengikuti kebijakan dari pihak maskapai/Hotel/penyedia. Silakan cek berkala via aplikasi Traveloka ya. Kalau memiliki pertanyaan lain, mohon hubungi melalui tautan ini https://www.traveloka.com/id-id/contactus. Terima kasih 🙏 -WR",2023-04-30 01:47:48,3.76.0
dessy prawasti,terbaik,5,3.51.1,2023-04-30 01:02:13,"Halo Kak, terima kasih banyak atas ratingnya, semoga Kakak tetap nyaman dan selau setia menjadi pelanggan Traveloka. Yuk Kak pantengin terus Traveloka Lifestyle Super App karna kami selalu berikan promo-promo yg menarik loooh, jangan sampai ketinggalan ya :)",2023-04-30 01:12:06,3.51.1
Ivan Gcl,mantap,5,3.76.0,2023-04-30 00:16:03,"Halo Kak, terima kasih banyak atas ratingnya, semoga Kakak tetap nyaman dan selau setia menjadi pelanggan Traveloka. Yuk Kak pantengin terus Traveloka Lifestyle Super App karna kami selalu berikan promo-promo yg menarik loooh, jangan sampai ketinggalan ya :)",2023-04-30 00:42:08,3.76.0
pranadi fransnibrata,lancar,5,3.76.0,2023-04-29 23:55:15,"Halo Kak, terima kasih banyak atas ratingnya, semoga Kakak tetap nyaman dan selau setia menjadi pelanggan Traveloka. Yuk Kak pantengin terus Traveloka Lifestyle Super App karna kami selalu berikan promo-promo yg menarik loooh, jangan sampai ketinggalan ya :)",2023-04-30 00:12:06,3.76.0
Moh.abdilah Dj,sangat berguna buat orang yg lagi perjalanan jau/mudik,5,3.76.0,2023-04-29 23:54:40,"Hi Kak, senang banget nih dapat rating bagus dari Kakak, terima kasih juga atas feedbacknya! Kenyamanan Kakak adalah prioritas Kami, jika ada pertanyaan lainnya jangan sungkan ya untuk infokan pada kami di https://www.traveloka.com/contactus . Jangan sampai ketinggalan penawaran menarik lainnya di Traveloka Lifestye Super Apps.",2023-04-30 00:12:09,3.76.0
SendyPN Channel,"semua menjadi mudah, dan tidak perlu antri Gaess. Terimakasih Traveloka🙏🏽😉",5,3.76.0,2023-04-29 23:47:38,"Halo Kak, terima kasih banyak atas ratingnya, semoga Kakak tetap nyaman dan selau setia menjadi pelanggan Traveloka. Yuk Kak pantengin terus Traveloka Lifestyle Super App karna kami selalu berikan promo-promo yg menarik loooh, jangan sampai ketinggalan ya :)",2023-04-29 23:42:06,3.76.0
bobby harpa santana,"praktis, efektif dan efisien",5,3.76.0,2023-04-29 23:23:28,"Hi Kak, senang banget nih dapat rating bagus dari Kakak, terima kasih juga atas feedbacknya! Kenyamanan Kakak adalah prioritas Kami, jika ada pertanyaan lainnya jangan sungkan ya untuk infokan pada kami di https://www.traveloka.com/contactus . Jangan sampai ketinggalan penawaran menarik lainnya di Traveloka Lifestye Super Apps.",2023-04-29 23:42:09,3.76.0
Fina,sangat pembantu applikasi ini... di saat waktu yg mendadak.,5,3.76.0,2023-04-29 22:57:16,"Halo Kak, terima kasih banyak atas ratingnya, semoga Kakak tetap nyaman dan selau setia menjadi pelanggan Traveloka. Yuk Kak pantengin terus Traveloka Lifestyle Super App karna kami selalu berikan promo-promo yg menarik loooh, jangan sampai ketinggalan ya :)",2023-04-29 23:12:07,3.76.0
Riyandi Awalludin,semakin mudah jalan jalannya,5,3.76.0,2023-04-29 21:58:57,"Halo Kak, terima kasih banyak atas ratingnya, semoga Kakak tetap nyaman dan selau setia menjadi pelanggan Traveloka. Yuk Kak pantengin terus Traveloka Lifestyle Super App karna kami selalu berikan promo-promo yg menarik loooh, jangan sampai ketinggalan ya :)",2023-04-29 22:12:07,3.76.0
Cendol Durian,suka sekali,5,3.76.0,2023-04-29 21:56:31,"Hai, Kak. Terima kasih atas penilaian dan feedback dari kamu, kami akan terus meningkatkan kepuasan para pengguna. Jika ada pertanyaan lainnya jangan sungkan ya untuk infokan pada kami di https://www.traveloka.com/contactus. Jangan sampai ketinggalan juga penawaran menarik lainnya di Traveloka Lifestye Super Apps. Terima kasih. -KK",2023-04-29 22:37:38,3.76.0
Chaerunnisa A.Malik,Murah & terlengkap,5,3.76.0,2023-04-29 21:10:01,"Halo Kak, terima kasih banyak atas ratingnya, semoga Kakak tetap nyaman dan selau setia menjadi pelanggan Traveloka. Yuk Kak pantengin terus Traveloka Lifestyle Super App karna kami selalu berikan promo-promo yg menarik loooh, jangan sampai ketinggalan ya :)",2023-04-29 21:12:14,3.76.0
ivo dedy,good job,5,3.76.0,2023-04-29 16:44:52,"Hi, thank you very much for the positive review! Please feel free to contact us at https://www.traveloka.com/contactus we're more than happy to assist you and Stay tuned for more exciting offers on Traveloka Lifestyle Super App.",2023-04-29 17:12:07,3.76.0
Septian Maulana,"Langsung saya uninstall dan gak akan ku install lagi.... Komplain mau nge refund gak dibantu, padahal cancel dan tlpn k cs dari jam 11 . Awal ingin check-in jam 10 siang saya k hotel, walaupun secara aturan check-in itu jam 14.00, secara pemesanan refundable dan amandable, karena mendesak dan saya harus cancel akhirnya saya tlpn cs, harus nunggu 3x60 menit harusnya jam 1 sdh dapat info, jam 2 blm ada kabar. Tau2 sore hari dpat kabar by email dan tlpn lsg cs k saya, katanya ga bisa karena sdh",1,3.76.0,2023-04-29 16:09:34,"Hai, Kak Septian. Agar kami bisa bantu cek lebih lanjut, silakan menghubungi kami melalui https://www.traveloka.com/id-id/contactus. Terima kasih. -RZ",2023-04-29 16:15:33,3.76.0
Muhammad Syarif,"Proses pemesanan yg sangat mudah, cepat dan terpercaya. Terimakasih Traveloka.",5,3.75.0,2023-04-29 14:47:52,"Halo Kak, terima kasih banyak atas ratingnya, semoga Kakak tetap nyaman dan selau setia menjadi pelanggan Traveloka. Yuk Kak pantengin terus Traveloka Lifestyle Super App karna kami selalu berikan promo-promo yg menarik loooh, jangan sampai ketinggalan ya :)",2023-04-29 15:12:11,3.75.0
Nirma Wati,Bagus,5,3.76.0,2023-04-29 14:24:29,"Halo Kak, terima kasih banyak atas ratingnya, semoga Kakak tetap nyaman dan selau setia menjadi pelanggan Traveloka. Yuk Kak pantengin terus Traveloka Lifestyle Super App karna kami selalu berikan promo-promo yg menarik loooh, jangan sampai ketinggalan ya :)",2023-04-29 14:42:06,3.76.0
Inggrid Caroline,Sangat memuaskan.,5,3.76.0,2023-04-29 13:30:12,"Halo Kak, terima kasih banyak atas ratingnya, semoga Kakak tetap nyaman dan selau setia menjadi pelanggan Traveloka. Yuk Kak pantengin terus Traveloka Lifestyle Super App karna kami selalu berikan promo-promo yg menarik loooh, jangan sampai ketinggalan ya :)",2023-04-29 13:42:06,3.76.0
ibu mufid,mantap,5,3.67.0,2023-04-29 13:04:35,"Halo Kak, terima kasih banyak atas ratingnya, semoga Kakak tetap nyaman dan selau setia menjadi pelanggan Traveloka. Yuk Kak pantengin terus Traveloka Lifestyle Super App karna kami selalu berikan promo-promo yg menarik loooh, jangan sampai ketinggalan ya :)",2023-04-29 13:12:05,3.67.0
didin sugiartot7,bagus,5,3.76.0,2023-04-29 12:38:43,"Halo Kak, terima kasih banyak atas ratingnya, semoga Kakak tetap nyaman dan selau setia menjadi pelanggan Traveloka. Yuk Kak pantengin terus Traveloka Lifestyle Super App karna kami selalu berikan promo-promo yg menarik loooh, jangan sampai ketinggalan ya :)",2023-04-29 12:42:14,3.76.0
Jonni Adra,good,5,3.76.0,2023-04-29 12:19:58,"Hi, we are so grateful to get a lot of support from you. Hope you continue to enjoy our offers. If you have any feedback or suggestions, let us know on https://www.traveloka.com/contactus, our customer service would love to serve you in 24 hours. Thank you!",2023-04-29 12:42:17,3.76.0
Lukita Sari,prosesnya cepat bisa membantu perjalanan,5,3.76.0,2023-04-29 11:27:11,"Halo Kak, terima kasih banyak atas ratingnya, semoga Kakak tetap nyaman dan selau setia menjadi pelanggan Traveloka. Yuk Kak pantengin terus Traveloka Lifestyle Super App karna kami selalu berikan promo-promo yg menarik loooh, jangan sampai ketinggalan ya :)",2023-04-29 11:42:06,3.76.0
Puji Syukur,bagus,5,3.76.0,2023-04-29 11:23:39,"Hi Kak, senang banget nih dapat rating bagus dari Kakak, terima kasih juga atas feedbacknya! Kenyamanan Kakak adalah prioritas Kami, jika ada pertanyaan lainnya jangan sungkan ya untuk infokan pada kami di https://www.traveloka.com/contactus . Jangan sampai ketinggalan penawaran menarik lainnya di Traveloka Lifestye Super Apps.",2023-04-29 11:42:11,3.76.0
Hisyam Lahmadi,termahal,3,3.76.0,2023-04-29 10:41:10,"Hai, Hisyam. Mohon maaf atas ketidaknyamanannya. Untuk harga bisa berubah setiap waktu mengikuti kebijakan dan ketersediaan pihak penyedia. Kamu juga bisa nikmati promo menarik yang tersedia ya. Jika kamu ada kendala, jangan sungkan menghubungi kami melalui tautan ini https://www.traveloka.com/contactus. Terima kasih. -SM",2023-04-29 10:44:49,3.76.0
Mahyu Darli,good,5,3.76.0,2023-04-29 10:27:59,"Hi, thank you very much for the positive review! Please feel free to contact us at https://www.traveloka.com/contactus we're more than happy to assist you and Stay tuned for more exciting offers on Traveloka Lifestyle Super App.",2023-04-29 10:42:07,3.76.0
Ghazali Mahmud,Lumayan,3,,2023-04-29 09:54:42,"Halo, Ghazali. Terima kasih banyak atas ratingnya, semoga Kakak tetap nyaman dan selau setia menjadi pelanggan Traveloka. Yuk Kak pantengin terus Traveloka Lifestyle Super App karna kami selalu berikan promo-promo yg menarik loooh, jangan sampai ketinggalan ya :) -IN",2023-04-29 10:14:04,
M.Irham juni aji,membantu.. thanks,5,3.76.0,2023-04-29 09:43:29,"Halo Kak, terima kasih banyak atas ratingnya, semoga Kakak tetap nyaman dan selau setia menjadi pelanggan Traveloka. Yuk Kak pantengin terus Traveloka Lifestyle Super App karna kami selalu berikan promo-promo yg menarik loooh, jangan sampai ketinggalan ya :)",2023-04-29 10:12:08,3.76.0
Pardin Ajja2017,recommended,5,3.76.0,2023-04-29 09:05:23,"Hi, thank you very much for the positive review! Please feel free to contact us at https://www.traveloka.com/contactus we're more than happy to assist you and Stay tuned for more exciting offers on Traveloka Lifestyle Super App.",2023-04-29 09:12:06,3.76.0
Irsal Daeng,good,5,3.76.0,2023-04-29 09:04:38,"Hi, we are so grateful to get a lot of support from you. Hope you continue to enjoy our offers. If you have any feedback or suggestions, let us know on https://www.traveloka.com/contactus, our customer service would love to serve you in 24 hours. Thank you!",2023-04-29 09:12:09,3.76.0
Malra Imam,mantap,5,3.76.0,2023-04-29 08:41:08,"Halo Kak, terima kasih banyak atas ratingnya, semoga Kakak tetap nyaman dan selau setia menjadi pelanggan Traveloka. Yuk Kak pantengin terus Traveloka Lifestyle Super App karna kami selalu berikan promo-promo yg menarik loooh, jangan sampai ketinggalan ya :)",2023-04-29 08:42:07,3.76.0
Am Ran,4 Jerdsne byc7nWf8,2,3.76.0,2023-04-29 08:29:15,"Hai Kak Am Ran. Jika memiliki kendala, Anda dapat informasikan kepada kami detail kendala yang Anda alami melalui pesan pada aplikasi Anda atau melalui email ke cs@traveloka.com agar kami dapat membantu Anda lebih lanjut. Terima kasih. -KA",2023-04-29 08:44:44,3.76.0
Eni Melinda,sangat membantu .. terimakasih,5,3.25.1,2023-04-29 08:01:19,"Halo Kak, terima kasih banyak atas ratingnya, semoga Kakak tetap nyaman dan selau setia menjadi pelanggan Traveloka. Yuk Kak pantengin terus Traveloka Lifestyle Super App karna kami selalu berikan promo-promo yg menarik loooh, jangan sampai ketinggalan ya :)",2023-04-29 08:12:06,3.25.1
Saefull Theboy,Siipppp,5,3.76.0,2023-04-29 07:52:23,"Hi, we are so grateful to get a lot of support from you. Hope you continue to enjoy our offers. If you have any feedback or suggestions, let us know on https://www.traveloka.com/contactus, our customer service would love to serve you in 24 hours. Thank you!",2023-04-29 08:12:08,3.76.0
rachma wati,"Min mau nanya, di traveloka tidak bisa memesan tiket bioskop lgi ya?",3,3.76.0,2023-04-29 07:49:22,"Hai Kak. Mohon maaf atas ketidaknyamanannya. Sebagai strategi bisnis dan prioritas perusahaan, maka kami menghentikan layanan Movies dari penyedia CGV sejak tanggal 6 Februari 2023 pada Pukul 00:00. Oleh karena itu, layanan Movies dari penyedia CGV tidak lagi dapat ditemukan dan dipesan melalui Traveloka. Terima kasih. -DA",2023-04-29 08:17:21,3.76.0
Dea Sulagela,Good,5,,2023-04-29 07:48:14,Thank you for leaving a good comment to us. Let us know if you have any suggestion for improvement through https://www.traveloka.com/contactus . Stay around for more interesting offers from Traveloka Lifestyle Super App!,2023-04-29 08:12:12,
hd construcsi,bagus,5,3.76.0,2023-04-29 07:44:26,"Halo Kak, terima kasih banyak atas ratingnya, semoga Kakak tetap nyaman dan selau setia menjadi pelanggan Traveloka. Yuk Kak pantengin terus Traveloka Lifestyle Super App karna kami selalu berikan promo-promo yg menarik loooh, jangan sampai ketinggalan ya :)",2023-04-29 08:12:15,3.76.0
Widuuy,Mantap,5,3.76.0,2023-04-29 07:33:01,"Halo Kak, terima kasih banyak atas ratingnya, semoga Kakak tetap nyaman dan selau setia menjadi pelanggan Traveloka. Yuk Kak pantengin terus Traveloka Lifestyle Super App karna kami selalu berikan promo-promo yg menarik loooh, jangan sampai ketinggalan ya :)",2023-04-29 07:42:13,3.76.0
M Abdillah Nasution,Ok,4,3.51.1,2023-04-29 07:21:47,"Halo Abdillah,

Untuk kendala dalam penggunaan aplikasi Traveloka, mohon untuk dapat memberikan penjelasan lebih lanjut melalui email ke android@traveloka.com. Kami akan lakukan investigasi lebih lanjut.

Terima kasih.",2015-07-22 11:39:17,3.51.1
Ahmad Alfarizzy Andespla,Traveloka sangat simpel dan praktis.,5,3.76.0,2023-04-29 06:58:40,"Halo Kak, terima kasih banyak atas ratingnya, semoga Kakak tetap nyaman dan selau setia menjadi pelanggan Traveloka. Yuk Kak pantengin terus Traveloka Lifestyle Super App karna kami selalu berikan promo-promo yg menarik loooh, jangan sampai ketinggalan ya :)",2023-04-29 07:12:10,3.76.0
Mahmud Farras,Pengalaman mengesankan saat refund. Fast respon 👍🏻,5,3.76.0,2023-04-29 06:56:02,"Hi Kak, senang banget nih dapat rating bagus dari Kakak, terima kasih juga atas feedbacknya! Kenyamanan Kakak adalah prioritas Kami, jika ada pertanyaan lainnya jangan sungkan ya untuk infokan pada kami di https://www.traveloka.com/contactus . Jangan sampai ketinggalan penawaran menarik lainnya di Traveloka Lifestye Super Apps.",2023-04-29 07:12:13,3.76.0
Siti Hamidah,Ok,5,,2023-04-29 06:19:04,"Hi, thank you very much for the positive review! Please feel free to contact us at https://www.traveloka.com/contactus we're more than happy to assist you and Stay tuned for more exciting offers on Traveloka Lifestyle Super App.",2023-04-29 06:42:08,
Bambang Hermawan,pilihan terpercaya,5,3.76.0,2023-04-29 06:15:17,"Hi Kak, senang banget nih dapat rating bagus dari Kakak, terima kasih juga atas feedbacknya! Kenyamanan Kakak adalah prioritas Kami, jika ada pertanyaan lainnya jangan sungkan ya untuk infokan pada kami di https://www.traveloka.com/contactus . Jangan sampai ketinggalan penawaran menarik lainnya di Traveloka Lifestye Super Apps.",2023-04-29 06:42:11,3.76.0
Subianto Bianto,sangat cepat prosesnya,5,3.69.0,2023-04-29 05:41:04,"Halo Kak, terima kasih banyak atas ratingnya, semoga Kakak tetap nyaman dan selau setia menjadi pelanggan Traveloka. Yuk Kak pantengin terus Traveloka Lifestyle Super App karna kami selalu berikan promo-promo yg menarik loooh, jangan sampai ketinggalan ya :)",2023-04-29 05:42:09,3.69.0
Emon Lumi,sangat membantu,5,3.76.0,2023-04-29 05:08:19,"Halo Kak, terima kasih banyak atas ratingnya, semoga Kakak tetap nyaman dan selau setia menjadi pelanggan Traveloka. Yuk Kak pantengin terus Traveloka Lifestyle Super App karna kami selalu berikan promo-promo yg menarik loooh, jangan sampai ketinggalan ya :)",2023-04-29 05:12:07,3.76.0
Ihlal Rambe,baik,5,3.76.0,2023-04-29 05:07:04,"Hi Kak, senang banget nih dapat rating bagus dari Kakak, terima kasih juga atas feedbacknya! Kenyamanan Kakak adalah prioritas Kami, jika ada pertanyaan lainnya jangan sungkan ya untuk infokan pada kami di https://www.traveloka.com/contactus . Jangan sampai ketinggalan penawaran menarik lainnya di Traveloka Lifestye Super Apps.",2023-04-29 05:12:10,3.76.0
samsul arifin,fitur mudah digunakan,5,3.76.0,2023-04-29 04:54:14,"Hi Kak, terima kasih atas feedbacknya, semoga Kakak tetap setia dengan Traveloka. Jika ada pertanyaan lain bisa langsung infokan pada kami di https://www.traveloka.com/contactus ya, Kak. Pantau terus Traveloka Lifestyle Super App untuk penawaran spesial lainnya!",2023-04-29 05:12:13,3.76.0
Hurip Karyana,Terima kasih sesuai dgn apa yg diinginkan 👍,5,3.76.0,2023-04-29 04:37:44,"Halo Kak, terima kasih banyak atas ratingnya, semoga Kakak tetap nyaman dan selau setia menjadi pelanggan Traveloka. Yuk Kak pantengin terus Traveloka Lifestyle Super App karna kami selalu berikan promo-promo yg menarik loooh, jangan sampai ketinggalan ya :)",2023-04-29 04:42:07,3.76.0
Samrowi Rowi,good,5,3.76.0,2023-04-29 04:35:44,"Hi, we are so grateful to get a lot of support from you. Hope you continue to enjoy our offers. If you have any feedback or suggestions, let us know on https://www.traveloka.com/contactus, our customer service would love to serve you in 24 hours. Thank you!",2023-04-29 04:42:10,3.76.0
hastuti ali,cepat banget,5,3.37.0,2023-04-29 04:32:30,"Hi Kak, terima kasih atas feedbacknya, semoga Kakak tetap setia dengan Traveloka. Jika ada pertanyaan lain bisa langsung infokan pada kami di https://www.traveloka.com/contactus ya, Kak. Pantau terus Traveloka Lifestyle Super App untuk penawaran spesial lainnya!",2023-04-29 04:42:13,3.37.0
Yuliana Amelia,mantap,5,3.76.0,2023-04-29 04:25:40,"Halo Kak, terima kasih banyak atas ratingnya, semoga Kakak tetap nyaman dan selau setia menjadi pelanggan Traveloka. Yuk Kak pantengin terus Traveloka Lifestyle Super App karna kami selalu berikan promo-promo yg menarik loooh, jangan sampai ketinggalan ya :)",2023-04-29 04:42:16,3.76.0
sunandi nandi,good,5,3.76.0,2023-04-29 04:01:48,"Hi, thank you very much for the positive review! Please feel free to contact us at https://www.traveloka.com/contactus we're more than happy to assist you and Stay tuned for more exciting offers on Traveloka Lifestyle Super App.",2023-04-29 04:12:13,3.76.0
pandia wss,layanan sangat memuaskan,5,3.76.0,2023-04-29 03:40:03,"Halo Kak, terima kasih banyak atas ratingnya, semoga Kakak tetap nyaman dan selau setia menjadi pelanggan Traveloka. Yuk Kak pantengin terus Traveloka Lifestyle Super App karna kami selalu berikan promo-promo yg menarik loooh, jangan sampai ketinggalan ya :)",2023-04-29 03:42:06,3.76.0
Said Ancha,good,5,3.76.0,2023-04-29 03:23:29,"Hi, we are so grateful to get a lot of support from you. Hope you continue to enjoy our offers. If you have any feedback or suggestions, let us know on https://www.traveloka.com/contactus, our customer service would love to serve you in 24 hours. Thank you!",2023-04-29 03:42:09,3.76.0
Dionisisus Lua Hane,good,5,3.76.0,2023-04-29 03:07:22,"Hi, thank you very much for the positive review! Please feel free to contact us at https://www.traveloka.com/contactus we're more than happy to assist you and Stay tuned for more exciting offers on Traveloka Lifestyle Super App.",2023-04-29 03:12:07,3.76.0
Asep Iskandar,proses cepat dan mudah,3,3.76.0,2023-04-29 03:04:42,"Halo Asep. Terima kasih atas apresiasinya, kami akan terus berkembang untuk kenyamanan pengguna yang lebih baik ke depannya. Terima kasih. -SC",2023-04-29 03:14:08,3.76.0
Abamz Jusrank,Untuk saat ini sya ksih bintang satu aja Krna pengen coba aja dulu Klo apl nya bgus nnti sya beri bintang 5 dehh,1,,2023-04-29 03:02:25,"Hai, Abamz. Jika ada pertanyaan dan butuh bantuan, silakan menghubungi kami melalui https://www.traveloka.com/id-id/contactus ya. Terima kasih. -SY",2023-04-29 03:16:52,
yedid tulak,Respon Cepat Good Luck,5,3.75.0,2023-04-29 02:52:17,"Hi Kak, senang banget nih dapat rating bagus dari Kakak, terima kasih juga atas feedbacknya! Kenyamanan Kakak adalah prioritas Kami, jika ada pertanyaan lainnya jangan sungkan ya untuk infokan pada kami di https://www.traveloka.com/contactus . Jangan sampai ketinggalan penawaran menarik lainnya di Traveloka Lifestye Super Apps.",2023-04-29 03:12:15,3.75.0
Rian prahesa,Apakah sekarang tiket bioskop sudah tidak dapat di beli melalui traveloka?,5,3.36.1,2023-04-29 02:50:42,"Hai, Rian. Mohon maaf sebelumnya. Untuk produk Bioskop/Cinema sudah tidak bisa dibeli di Traveloka sejak tanggal 6 Februari 2023. Jika ada pertanyaan lainnya, jangan sungkan ya untuk infokan pada kami di https://www.traveloka.com/contactus. Terima kasih. -VK",2023-04-29 03:18:06,3.36.1
anto lwk,Top-lah,5,3.76.0,2023-04-29 02:38:33,"Halo Kak, terima kasih banyak atas ratingnya, semoga Kakak tetap nyaman dan selau setia menjadi pelanggan Traveloka. Yuk Kak pantengin terus Traveloka Lifestyle Super App karna kami selalu berikan promo-promo yg menarik loooh, jangan sampai ketinggalan ya :)",2023-04-29 02:42:06,3.76.0
Riyan Sanen,terimakasih,5,3.76.0,2023-04-29 02:27:48,"Hi Kak, senang banget nih dapat rating bagus dari Kakak, terima kasih juga atas feedbacknya! Kenyamanan Kakak adalah prioritas Kami, jika ada pertanyaan lainnya jangan sungkan ya untuk infokan pada kami di https://www.traveloka.com/contactus . Jangan sampai ketinggalan penawaran menarik lainnya di Traveloka Lifestye Super Apps.",2023-04-29 02:42:08,3.76.0
Deni Maldi,"Kenapa semenjak d ufade tambah lemot...trus vocer yang kita gunakan sedikit...tong dong pihak traviloka kerja samanya untuk memudahkan masyarakat pulang pergi ke mana aja,dan satu lagi coba kasi harga promo persen yang murah...sudah berapa tahun saya pakai aplikasi ini tetap aja gtuw aja",1,,2023-04-29 02:16:22,"Hai Deni. Maaf banget bikin kamu kecewa. Untuk kritik dan saran kamu, akan mimin sampaikan ke pihak terkait. Saran dan kritik dari kamu tentunya menjadi perhatian dan fokus utama dari pihak manajemen Traveloka, untuk kedepannya kami akan terus meningkatkan dalam memberikan pelayanan yang maksimal dan prima. Terima kasih. -KA",2023-04-29 02:44:10,
Fadhly Khouw,keren pokokx semua urusan beres dgn traveloka,5,3.76.0,2023-04-29 02:10:02,"Halo Kak, terima kasih banyak atas ratingnya, semoga Kakak tetap nyaman dan selau setia menjadi pelanggan Traveloka. Yuk Kak pantengin terus Traveloka Lifestyle Super App karna kami selalu berikan promo-promo yg menarik loooh, jangan sampai ketinggalan ya :)",2023-04-29 02:12:06,3.76.0
Dian Dikaah,good,5,3.76.0,2023-04-29 01:47:50,"Hi, we are so grateful to get a lot of support from you. Hope you continue to enjoy our offers. If you have any feedback or suggestions, let us know on https://www.traveloka.com/contactus, our customer service would love to serve you in 24 hours. Thank you!",2023-04-29 02:12:09,3.76.0
Arkan Abdullah Nashif,"Mau refund tiket buat kedua kalinya gak bisa. Udah ada opsi, tinggal dipencet, tapi pas isi data loadingnya sepanjamg jaman. Ngeselin. Maaf bintang 1 dulu. Lemot",1,,2023-04-29 01:46:59,"Hai, Arkan. Mohon maaf atas ketidaknyamanannya. Untuk membantu kami memahami kendala kamu, mohon bantuannya untuk menyampaikan nomor pesanan kamu melalui https://www.traveloka.com/id-id/contactus agar kami dapat bantu cek lebih lanjut. Terima kasih. -SY",2023-04-29 02:15:33,
Ophelia Althafunnisa,"app yang mempermudah kita, good job 🫰🫰",5,,2023-04-29 01:06:19,"Halo Kak, terima kasih banyak atas ratingnya, semoga Kakak tetap nyaman dan selau setia menjadi pelanggan Traveloka. Yuk Kak pantengin terus Traveloka Lifestyle Super App karna kami selalu berikan promo-promo yg menarik loooh, jangan sampai ketinggalan ya :)",2023-04-29 01:12:08,
Samsung M12,sangat membantu,5,3.76.0,2023-04-29 00:47:43,"Hi Kak, senang banget nih dapat rating bagus dari Kakak, terima kasih juga atas feedbacknya! Kenyamanan Kakak adalah prioritas Kami, jika ada pertanyaan lainnya jangan sungkan ya untuk infokan pada kami di https://www.traveloka.com/contactus . Jangan sampai ketinggalan penawaran menarik lainnya di Traveloka Lifestye Super Apps.",2023-04-29 01:12:10,3.76.0
andin yusri,keren sangat membantu bagi travelling,5,3.74.1,2023-04-29 00:45:25,"Hi Kak, terima kasih atas feedbacknya, semoga Kakak tetap setia dengan Traveloka. Jika ada pertanyaan lain bisa langsung infokan pada kami di https://www.traveloka.com/contactus ya, Kak. Pantau terus Traveloka Lifestyle Super App untuk penawaran spesial lainnya!",2023-04-29 01:12:13,3.74.1
Budi Ariadi,Akhir akhir ini aplikasi ini makin gak jelas. Harga berubah ubah. Saat di cari harga a. Kemudian di klik harga b pas mau bayar harga c. Ini traveloka masih serius gak ngurus hal teknis gini? Harga kamar kayak harga trading forex. Admin nya coba cek aplikasi anda ya.,1,3.76.0,2023-04-29 00:40:32,Hai Budi. Maaf atas ketidaknyamanan yang terjadi. Pada dasarnya untuk harga mengikuti update langsung dari pihak penyedia. Kenaikan atau penurunan harga bisa didasari dengan sedang meningkatnya pemesanan ataupun pada hari libur panjang. Terima kasih. -KA,2023-04-29 00:45:27,3.76.0
RZD 021,mau coba pakai Paylater pinnya lupa🤣🤣 jadi cash lagi... untuk layanan yang lain sudah Top Bgt ditunggu inovasi baru yang lebih friendly dari Traveloka,4,3.76.0,2023-04-29 00:37:34,"Halo Kak, terima kasih banyak atas ratingnya, semoga Kakak tetap nyaman dan selau setia menjadi pelanggan Traveloka. Yuk Kak pantengin terus Traveloka Lifestyle Super App karna kami selalu berikan promo-promo yg menarik loooh, jangan sampai ketinggalan ya :)",2023-04-29 00:42:09,3.76.0
Baiq Melodia (Lodia),baik,3,3.76.0,2023-04-29 00:26:38,"Hai, Melodia. Terima kasih banyak atas ratingnya, semoga kamu tetap nyaman dan selalu setia menjadi pelanggan Traveloka. Yuk Kak pantengin terus Traveloka Lifestyle Super App karna kami selalu berikan promo-promo yang menarik. Jangan sampai ketinggalan ya. -KA",2023-04-29 00:45:46,3.76.0
Suhardi Piter,Pelayanan sangat baik dan mudah untuk pemesanan...terimakasih Traveloka...,5,3.76.0,2023-04-28 23:49:40,"Halo Kak, terima kasih banyak atas ratingnya, semoga Kakak tetap nyaman dan selau setia menjadi pelanggan Traveloka. Yuk Kak pantengin terus Traveloka Lifestyle Super App karna kami selalu berikan promo-promo yg menarik loooh, jangan sampai ketinggalan ya :)",2023-04-29 00:12:08,3.76.0
Abu jibril,lebih cepat.mantab,5,3.76.0,2023-04-28 23:15:00,"Halo Kak, terima kasih banyak atas ratingnya, semoga Kakak tetap nyaman dan selau setia menjadi pelanggan Traveloka. Yuk Kak pantengin terus Traveloka Lifestyle Super App karna kami selalu berikan promo-promo yg menarik loooh, jangan sampai ketinggalan ya :)",2023-04-28 23:42:06,3.76.0
sri sugeng Santoso,cepat dan mudah.,5,3.76.0,2023-04-28 22:17:53,"Halo Kak, terima kasih banyak atas ratingnya, semoga Kakak tetap nyaman dan selau setia menjadi pelanggan Traveloka. Yuk Kak pantengin terus Traveloka Lifestyle Super App karna kami selalu berikan promo-promo yg menarik loooh, jangan sampai ketinggalan ya :)",2023-04-28 22:42:06,3.76.0
Yenni Azomi,Bagus sekali,5,3.69.0,2023-04-28 22:13:34,"Hi Kak, senang banget nih dapat rating bagus dari Kakak, terima kasih juga atas feedbacknya! Kenyamanan Kakak adalah prioritas Kami, jika ada pertanyaan lainnya jangan sungkan ya untuk infokan pada kami di https://www.traveloka.com/contactus . Jangan sampai ketinggalan penawaran menarik lainnya di Traveloka Lifestye Super Apps.",2023-04-28 22:42:09,3.69.0
Harmis Sp,"Traveloka menghadirkan banyak kemudahan serta layanan prima, bila ada masalah diselesaikan baik dan nyaman",4,3.76.0,2023-04-28 20:46:13,"Halo Kak, terima kasih banyak atas ratingnya, semoga Kakak tetap nyaman dan selau setia menjadi pelanggan Traveloka. Yuk Kak pantengin terus Traveloka Lifestyle Super App karna kami selalu berikan promo-promo yg menarik loooh, jangan sampai ketinggalan ya :)",2023-04-28 21:12:07,3.76.0
Sanudin Taher,gercep,5,3.64.0,2023-04-28 15:05:47,Makasih ya Kak Sanudin sudah setia bersama Traveloka :)) -DZ,2023-04-28 15:15:57,3.64.0
Arul Nur Alim,Bagus,5,3.72.0,2023-04-28 15:01:59,"Halo Kak, terima kasih banyak atas ratingnya, semoga Kakak tetap nyaman dan selau setia menjadi pelanggan Traveloka. Yuk Kak pantengin terus Traveloka Lifestyle Super App karna kami selalu berikan promo-promo yg menarik loooh, jangan sampai ketinggalan ya :)",2023-04-28 15:12:07,3.72.0
masrifan sobana,ok,1,3.76.0,2023-04-28 14:54:34,"Hai, Kak Masrifan. Bila ada pertanyaan/kendala yang kamu alami, silakan menghubungi kami melalui https://www.traveloka.com/id-id/contactus. Terima kasih. -RZ",2023-04-28 15:14:57,3.76.0
Jospin Djunaidi,"Aplikasi tolol, di suruh masukin kartu kredit malah lgsg otomatis jadi pembayaran tunai, mana ga bisa cancel dan harus bayar tunai klo ga d denda pula. Dah gitu kolom buat masukin voucher ga tau dimana, ga jelas bgt dah",1,,2023-04-28 14:32:26,"Hai, Jospin. Mohon maaf atas pengalaman yang kamu alami. Pada dasarnya sebelum menyetujui dan melanjutkan pembayaran, kami menyediakan review pemesanan. Untuk memasukkan kode promo juga dilakukan pada halaman pembayaran. Untuk info lebih lanjut, silakan menghubungi kami melalui https://www.traveloka.com/contactus. Terima kasih.-TK",2023-04-28 14:49:46,
Supriyadi adi,mantap traveloka..,5,3.76.0,2023-04-28 14:17:50,"Hi Kak, senang banget nih dapat rating bagus dari Kakak, terima kasih juga atas feedbacknya! Kenyamanan Kakak adalah prioritas Kami, jika ada pertanyaan lainnya jangan sungkan ya untuk infokan pada kami di https://www.traveloka.com/contactus . Jangan sampai ketinggalan penawaran menarik lainnya di Traveloka Lifestye Super Apps.",2023-04-28 14:42:17,3.76.0
joni wal,gampang prosesny,5,3.27.1,2023-04-28 14:14:08,"Hi Kak, terima kasih atas feedbacknya, semoga Kakak tetap setia dengan Traveloka. Jika ada pertanyaan lain bisa langsung infokan pada kami di https://www.traveloka.com/contactus ya, Kak. Pantau terus Traveloka Lifestyle Super App untuk penawaran spesial lainnya!",2023-04-28 14:42:20,3.27.1
Weli Pujiastuti,Aplikasi ga jelas,1,,2023-04-28 14:00:51,"Halo, Kak Weli. Maaf sekali telah membuat Kakak kecewa. Mohon infokan ke kami kendala yang Kakak alami melalui https://www.traveloka.com/id-id/contactus. Kami sangat ingin membantu menyelesaikan permasalahan Kakak. Terima kasih. -RU",2023-04-28 14:14:54,
Julijal Nurapendi,Bagus,5,,2023-04-28 13:58:45,"Halo Kak, terima kasih banyak atas ratingnya, semoga Kakak tetap nyaman dan selau setia menjadi pelanggan Traveloka. Yuk Kak pantengin terus Traveloka Lifestyle Super App karna kami selalu berikan promo-promo yg menarik loooh, jangan sampai ketinggalan ya :)",2023-04-28 14:12:14,
Masner Saragih02,suka,5,3.76.0,2023-04-28 13:47:24,"Halo, Masner. Terima kasih banyak atas ratingnya, semoga Kakak tetap nyaman dan selau setia menjadi pelanggan Traveloka. Yuk Kak pantengin terus Traveloka Lifestyle Super App karna kami selalu berikan promo-promo yg menarik loooh, jangan sampai ketinggalan ya :) -IN",2023-04-28 14:16:36,3.76.0
Tony tan official,"Aplikasi udah down selama 3 hari, gk ada perbaikan ataupun informasi , sungguh"" mengecewakan, pantas saja kalah dgn aplikasi lain",1,3.76.0,2023-04-28 13:37:26,"Halo, Tony. Kami mohon maaf atas kendala yang dialami saat menggunakan aplikasi kami. Untuk investigasi lebih lanjut, kamu bisa kirimkan screenshot dari error atau penjelasan kendala yang ditemui via https://www.traveloka.com/contactus. Kami akan memperbaikinya secepat mungkin. Terima kasih 🙏 -RU",2023-04-28 13:58:54,3.76.0
Mustakim Mustakim,sangat mudah,5,3.73.0,2023-04-28 13:13:31,"Halo Kak, terima kasih banyak atas ratingnya, semoga Kakak tetap nyaman dan selau setia menjadi pelanggan Traveloka. Yuk Kak pantengin terus Traveloka Lifestyle Super App karna kami selalu berikan promo-promo yg menarik loooh, jangan sampai ketinggalan ya :)",2023-04-28 13:42:07,3.73.0
bpbd srl,angkat membantu,5,3.76.0,2023-04-28 13:12:48,"Hi Kak, senang banget nih dapat rating bagus dari Kakak, terima kasih juga atas feedbacknya! Kenyamanan Kakak adalah prioritas Kami, jika ada pertanyaan lainnya jangan sungkan ya untuk infokan pada kami di https://www.traveloka.com/contactus . Jangan sampai ketinggalan penawaran menarik lainnya di Traveloka Lifestye Super Apps.",2023-04-28 13:42:09,3.76.0
Yuyun Rafa,okey,5,3.76.0,2023-04-28 13:10:00,"Halo, Yuyun. Terima kasih atas rating dan feedback yang kamu berikan, jangan sungkan untuk hubungi kami ya jika mempunyai pertanyaan. Kakak bisa hubungi kami melalui https://www.traveloka.com/id-id/contactus ya. Terima kasih. -PA",2023-04-28 13:14:47,3.76.0
Joe Prakoso,good,5,3.76.0,2023-04-28 13:06:36,"Hi, thank you very much for the positive review! Please feel free to contact us at https://www.traveloka.com/contactus we're more than happy to assist you and Stay tuned for more exciting offers on Traveloka Lifestyle Super App.",2023-04-28 13:12:08,3.76.0
Bella Rizkia,Travelloka TOLONG JANGAN LAGI2 SAYA PESAN APART/HOTEL DI APLIKASI TRAVELLOKA BEGITU HR H CHEK IN JANGAN ALIHKAN / DI OPER KE APLIKASI TRAVELIO ATAU APLIKASI LAIN NYA . SAYA PESAN DIAPLIKASI ANDA TP ANDA OPER SAYA KE APLIKASI LAIN .,1,3.45.0,2023-04-28 13:01:30,"Hai, Bella. Mohon maaf sudah membuatmu tidak nyaman. Dipastikan untuk kenyamanan pengguna Traveloka, kami akan perbaiki dan tingkatkan performa Traveloka. Untuk membantu memahami kendala kamu, mohon hubungi kami melalui tautan ini https://www.traveloka.com/contactus. Terima kasih. -SM",2023-04-28 13:15:41,3.45.0
Mazz Mamadt,"Gara-gara TRAVELOKA saya tidak bisa bekerja lagi,tidak bisa mencari nafkah untuk anak istri saya,saya sebagai pengemudi bus,sudah di rugikan besar dengan pihak TRAVELOKA,apa gak kasian jika anda berada di posisi saya,bukan masalah kecepatan atau ugal-ugalan,tapi ini masalah menjelek-jelekkan pengemudi ke pihak perusahaan,semoga karyawan maupun yang mendirikan TRAVELOKA ini semoga enak hidup anda,semoga panjang umur anda, Semoga sehat selalu sekeluarga anda amien amien ya robbal alamien",1,3.76.0,2023-04-28 12:58:33,"Hai Mamadt. Maaf buat kamu tidak nyaman. Untuk membantu kami memahami kendala kamu, mohon dapat menghubungi kami melalui tautan https://www.traveloka.com/id-id/contactus agar dicek lebih lanjut. Terima kasih. -RM",2023-04-28 13:15:23,3.76.0
Natal Toraja,"Prcoba,an dulu Bintan dua",2,,2023-04-28 11:56:53,"Hai, Kak Natal. Semoga pengalaman Kakak bersama Traveloka selalu menyenangkan. Semoga kedepannya juga kami bisa dapat bintang 5 dari kamu ya kak :) -RU",2023-04-28 12:16:37,
Nur Azis Aji Pangestu,"Baru pertama kali pakai traveloka di tahun ini, nyoba pesen tiket bus ada yg murah dari travel merah. Pas dapat malahan bus pariwisata. Awalnya enak tuh, tapi di tengah jalan supir bus nya ternyata rada ngebut. Dan kejadian musibah di kendal deh pada selasa dini hari (25/4), supir bus nya banting stir gara2 mobil rem mendadak, akhirnya los terbang ke seberang jalan nabrak toko material. Untungnya gak ada luka2. Mau coba klaim asuransi gak jelas banget, gak bisa2 klaim. Gk guna ada biaya asuransi",1,,2023-04-28 11:38:38,"Halo Azis, mohon maaf banget terkait hal ini ya. Boleh infokan nomor pesanan kamu melalui tautan ini https://www.traveloka.com/id-id/contactus untuk pengecekan lebih lanjut ya. Terima kasih. -OR",2023-04-28 11:44:22,
Muhammad Rizki,Kenapa paylater tidak bisa di aktifin,2,,2023-04-28 11:15:28,"Hai, Rizki. Kami meminta maaf atas kendala yang kamu alami. Kamu dapat menghubungi kami melalui https://www.traveloka.com/id-id/contactus agar masalahmu bisa diselesaikan secepat mungkin.
Kami akan berikan solusi terbaik agar kamu dapat merasa puas dan layanan kami layak mendapatkan rating yang lebih baik. Terima kasih. -OE",2023-04-28 11:43:30,
Burhan Bagong,Aaaaaswwwwwwww,1,3.75.0,2023-04-28 10:04:54,"Hai, Burhan. Jika saat ini kamu membutuhkan bantuan, silakan menghubungi kami melalui https://www.traveloka.com/contactus. Terima kasih.-TK",2023-04-28 10:16:40,3.75.0
Andi Astuti,Sangat membantu,5,3.76.0,2023-04-28 09:32:49,"Hi Kak, senang banget nih dapat rating bagus dari Kakak, terima kasih juga atas feedbacknya! Kenyamanan Kakak adalah prioritas Kami, jika ada pertanyaan lainnya jangan sungkan ya untuk infokan pada kami di https://www.traveloka.com/contactus . Jangan sampai ketinggalan penawaran menarik lainnya di Traveloka Lifestye Super Apps.",2023-04-28 09:42:10,3.76.0
Dewiq,"Membantu sekali,terima kasih",5,3.75.0,2023-04-28 09:31:21,"Hi Kak, terima kasih atas feedbacknya, semoga Kakak tetap setia dengan Traveloka. Jika ada pertanyaan lain bisa langsung infokan pada kami di https://www.traveloka.com/contactus ya, Kak. Pantau terus Traveloka Lifestyle Super App untuk penawaran spesial lainnya!",2023-04-28 09:42:13,3.75.0
achmad hambali,good job,5,3.76.0,2023-04-28 09:29:29,"Hi, thank you very much for the positive review! Please feel free to contact us at https://www.traveloka.com/contactus we're more than happy to assist you and Stay tuned for more exciting offers on Traveloka Lifestyle Super App.",2023-04-28 09:42:15,3.76.0
Lukman Zhinaga,mantap,5,3.53.0,2023-04-28 09:09:25,"Halo Kak, terima kasih banyak atas ratingnya, semoga Kakak tetap nyaman dan selau setia menjadi pelanggan Traveloka. Yuk Kak pantengin terus Traveloka Lifestyle Super App karna kami selalu berikan promo-promo yg menarik loooh, jangan sampai ketinggalan ya :)",2023-04-28 09:12:07,3.53.0
Refa Regia,baru pertama kali coba...so far is good,5,3.76.0,2023-04-28 09:08:35,"Hi Kak, senang banget nih dapat rating bagus dari Kakak, terima kasih juga atas feedbacknya! Kenyamanan Kakak adalah prioritas Kami, jika ada pertanyaan lainnya jangan sungkan ya untuk infokan pada kami di https://www.traveloka.com/contactus . Jangan sampai ketinggalan penawaran menarik lainnya di Traveloka Lifestye Super Apps.",2023-04-28 09:12:10,3.76.0
Zakiah Yayak,pelayanan cepat,5,3.76.0,2023-04-28 08:59:30,"Hi Kak, terima kasih atas feedbacknya, semoga Kakak tetap setia dengan Traveloka. Jika ada pertanyaan lain bisa langsung infokan pada kami di https://www.traveloka.com/contactus ya, Kak. Pantau terus Traveloka Lifestyle Super App untuk penawaran spesial lainnya!",2023-04-28 09:12:13,3.76.0
muhammad herman samsudi herman,Gais Kenpa Teraveoka Itu Jelek,1,3.64.0,2023-04-28 08:46:17,"Halo Herman, mohon maaf banget terkait hal ini. Jika kamu mengalami kendala, boleh infokan detail hal yang kamu alami melalui tautan ini https://www.traveloka.com/id-id/contactus untuk pengecekan lebih lanjut ya. Terima kasih. -OR",2023-04-28 09:14:45,3.64.0
Iera Ankga,"Paylater knp gak bs gunakan , kmrin krn covid agk telat bayar, tp qta bayar jg , kok d lock paylaternya",2,3.76.0,2023-04-28 08:44:08,"Halo Kak, mohon maaf banget terkait hal ini ya. Boleh infokan email dan nomor ponsel PayLater kamu melalui tautan ini https://www.traveloka.com/id-id/contactus untuk pengecekan lebih lanjut ya. Terima kasih. -OR",2023-04-28 09:13:55,3.76.0
nur rain,aplikasinya sangat bagus dan membantu trimakasih traveloka.,5,3.76.0,2023-04-28 08:35:34,"Halo Kak, terima kasih banyak atas ratingnya, semoga Kakak tetap nyaman dan selau setia menjadi pelanggan Traveloka. Yuk Kak pantengin terus Traveloka Lifestyle Super App karna kami selalu berikan promo-promo yg menarik loooh, jangan sampai ketinggalan ya :)",2023-04-28 08:42:18,3.76.0
Widiyo Nugroho,oks bingiit,5,3.76.0,2023-04-28 08:29:09,"Terima kasih ya kak Widiyo untuk penilaian kamu, jangan lupa selalu pesan menggunakan aplikasi Traveloka untuk menjadi teman liburan kamu dan jangan ragu menghubungi kami melalui alamat email kami di cs@traveloka.com jika mendapati kendala terkait pemesanan kamu ya kak. Terima kasih -AK",2023-04-28 08:44:06,3.76.0
Gusik Lumiar,Lebih mudah cari tiket apapun d traveloka,5,3.76.0,2023-04-28 08:11:22,"Halo Kak, terima kasih banyak atas ratingnya, semoga Kakak tetap nyaman dan selau setia menjadi pelanggan Traveloka. Yuk Kak pantengin terus Traveloka Lifestyle Super App karna kami selalu berikan promo-promo yg menarik loooh, jangan sampai ketinggalan ya :)",2023-04-28 08:12:13,3.76.0
Nirwana Indah,mantep,5,3.76.0,2023-04-28 08:09:50,Hai Nirwana. Makasih buat feedback yang kamu berikan ya! Mimin tunggu pesanan kamu selanjutnya di Traveloka :) -RM,2023-04-28 08:16:45,3.76.0
Maman Rahman,oke,3,3.72.0,2023-04-28 07:53:42,Hai Maman. Makasih buat rating yang kamu berikan. Mimin tunggu pesanan kamu selanjutnya di Traveloka ya :) -RM,2023-04-28 08:13:32,3.72.0
heru supranoto,ok 👍,5,3.71.0,2023-04-28 07:45:57,"Hi, we are so grateful to get a lot of support from you. Hope you continue to enjoy our offers. If you have any feedback or suggestions, let us know on https://www.traveloka.com/contactus, our customer service would love to serve you in 24 hours. Thank you!",2023-04-28 08:12:18,3.71.0
Sunardi Bungsu,terpercaya,5,3.76.0,2023-04-28 07:41:33,"Halo Kak, terima kasih banyak atas ratingnya, semoga Kakak tetap nyaman dan selau setia menjadi pelanggan Traveloka. Yuk Kak pantengin terus Traveloka Lifestyle Super App karna kami selalu berikan promo-promo yg menarik loooh, jangan sampai ketinggalan ya :)",2023-04-28 07:42:06,3.76.0
Anthon Pranata,Sangat membantu keperluan keberangkatan mudik dan keluar kota. Tidak repot² lagi mengantri tiket...,5,,2023-04-28 07:33:07,"Hi Kak, senang banget nih dapat rating bagus dari Kakak, terima kasih juga atas feedbacknya! Kenyamanan Kakak adalah prioritas Kami, jika ada pertanyaan lainnya jangan sungkan ya untuk infokan pada kami di https://www.traveloka.com/contactus . Jangan sampai ketinggalan penawaran menarik lainnya di Traveloka Lifestye Super Apps.",2023-04-28 07:42:09,
Ishak Terah,Sangat mudah dan gampang utk booking Hotel.,5,3.76.0,2023-04-28 07:29:05,"Hi Kak, terima kasih atas feedbacknya, semoga Kakak tetap setia dengan Traveloka. Jika ada pertanyaan lain bisa langsung infokan pada kami di https://www.traveloka.com/contactus ya, Kak. Pantau terus Traveloka Lifestyle Super App untuk penawaran spesial lainnya!",2023-04-28 07:42:12,3.76.0
stevie aldhi,"beli tiket bus tanggal 26, Jogja - Jakarta tertera langsung . begitu tiba di agen ditolak karena tidak terdaftar, telpon ke cs traveloka suruh nunggu 15 menit habis itu gak ada kelanjutan lagi, tiba tiba pihak agen bus bilang berangkat tanggal 27, sampe di Klaten dioper ke bus lain . Kapok",1,3.76.0,2023-04-28 07:13:10,"Hai, Stevie. Mohon maaf atas ketidaknyamanannya. Setelah kami bantu cek sebelumnya kamu sudah menghubungi kami melalui inbox aplikasi. Mohon kesediaannya untuk cek inbox aplikasi kamu ya. Terima kasih. -SY",2023-04-28 07:47:21,3.76.0
wahyuddin yudhi,sangat baik,5,3.75.0,2023-04-28 06:47:40,"Halo Kak, terima kasih banyak atas ratingnya, semoga Kakak tetap nyaman dan selau setia menjadi pelanggan Traveloka. Yuk Kak pantengin terus Traveloka Lifestyle Super App karna kami selalu berikan promo-promo yg menarik loooh, jangan sampai ketinggalan ya :)",2023-04-28 07:12:07,3.75.0
Arif Rohman,sangat mudah,5,3.61.0,2023-04-28 06:40:08,"Halo Kak, terima kasih banyak atas ratingnya, semoga Kakak tetap nyaman dan selau setia menjadi pelanggan Traveloka. Yuk Kak pantengin terus Traveloka Lifestyle Super App karna kami selalu berikan promo-promo yg menarik loooh, jangan sampai ketinggalan ya :)",2023-04-28 06:42:07,3.61.0
Tri Eka,puas dengan Traveloka,5,3.76.0,2023-04-28 06:35:59,"Hi Kak, senang banget nih dapat rating bagus dari Kakak, terima kasih juga atas feedbacknya! Kenyamanan Kakak adalah prioritas Kami, jika ada pertanyaan lainnya jangan sungkan ya untuk infokan pada kami di https://www.traveloka.com/contactus . Jangan sampai ketinggalan penawaran menarik lainnya di Traveloka Lifestye Super Apps.",2023-04-28 06:42:09,3.76.0
yanto Heriyanto,kenapa maksa sekali iklan anda hampir setia menit masuk di hp saya sy lg online muncul iklan Traveloka ini maksa sekali keliatan nya ini sangat mengganggu sekali,1,3.58.0,2023-04-28 06:17:40,"Mohon maaf atas ketidaknyamanan yang kamu alami, perihal kendala tersebut kamu bisa abaikan iklan yang muncul pada handphone kamu. Jika kamu masih membutuhkan bantuan Kakak bisa menghubungi kami di https://www.traveloka.com/id-id/contactus Terima kasih. -AK",2023-04-28 06:44:38,3.58.0
Veni Yubrata,"thanks for Traveloka, make my business easy",5,3.76.0,2023-04-28 06:16:12,Thank you for leaving a good comment to us. Let us know if you have any suggestion for improvement through https://www.traveloka.com/contactus . Stay around for more interesting offers from Traveloka Lifestyle Super App!,2023-04-28 06:42:14,3.76.0
Agrianto Purba,"Ini cara restceadjule gimana iya,sya pengguna lama loh,dan sering bangt pesan tiket pesawat disini,tpi knpa ini sya mau resceadjule uda nggk bisa,diarahin ke easyresceadjule,tpi diteken nggk ada keteragan buat pengajuan resceadjule Kecewa sya kalo ini nggk bisa diajuin Mohon arahannya traveloka!!",1,3.76.0,2023-04-28 06:08:21,"Hai, Purba. Kami meminta maaf atas kendala yang kamu alami. Kamu dapat menghubungi kami melalui https://www.traveloka.com/id-id/contactus agar masalahmu bisa diselesaikan secepat mungkin.
Kami akan berikan solusi terbaik agar kamu dapat merasa puas dan layanan kami layak mendapatkan rating yang lebih baik. Terima kasih. -OE",2023-04-28 06:16:28,3.76.0
Rizal Fatoni,"Sekarang aplikasi lemot banget dibukanya padahal sudah versi update, jaringan jg normal utk buka apk lain. padahal lagi butuh sekali dan bisa terbantu dengan adanya fitur paylaternya utk pembelian tiket. Tolong developer dibenahi supaya pengguna setia traveloka tidak dikecewakan karena persoalan ini",2,3.76.0,2023-04-28 05:58:35,Hai Rizal. Maaf buat kamu tidak nyaman. Mengenai kendala kamu mohon pastikan aplikasi sudah diupdate ke versi terbaru dan coba berkala. Kamu juga bisa hubungi kami melalui link https://www.traveloka.com/id-id/contactus atau bisa hubungi langsung akun IG Traveloka PayLater di https://www.instagram.com/travelokapaylater/. Terima kasih. -RM,2023-04-28 05:17:46,3.76.0
kartika dewi,great,5,3.76.0,2023-04-28 05:47:46,"Hi, thank you very much for the positive review! Please feel free to contact us at https://www.traveloka.com/contactus we're more than happy to assist you and Stay tuned for more exciting offers on Traveloka Lifestyle Super App.",2023-04-28 06:12:07,3.76.0
Bayu Ayusta,Setelah update malah tidak bisa beli karena data pemesan tidak bisa dimasukkan..tolong segera diperbaiki...karena saya mau pesan tiket.,5,3.76.0,2023-04-28 05:16:08,"Halo Bayu, mohon maaf terkait hal ini ya. Boleh infokan rincian pemesanan kamu pada tautan ini https://www.traveloka.com/id-id/contactus untuk pengecekan lebih lanjut ya. Terima kasih. -OR",2023-04-28 05:15:29,3.76.0
Naoki Attaki,Perlu di perbaiki sistem reschedule dan biaya nya jangan kami dipermainkan sampai denda 1 jutaan hanya karena pindah jadwal menginap,1,3.76.0,2023-04-28 04:32:54,"Hai, Naoki. Mohon maaf sebelumnya. Agar bisa mimin cek terkait biaya reschedule kamu, silakan hubungi kami dengan melampirkan nomor pemesanan kamu melalui tautan ini https://www.traveloka.com/contactus ya. Terima kasih. -VK
",2023-04-28 04:45:04,3.76.0
Victor Bogar,"terbaik, sangat membantu",5,3.76.0,2023-04-28 04:31:20,"Halo Kak, terima kasih banyak atas ratingnya, semoga Kakak tetap nyaman dan selau setia menjadi pelanggan Traveloka. Yuk Kak pantengin terus Traveloka Lifestyle Super App karna kami selalu berikan promo-promo yg menarik loooh, jangan sampai ketinggalan ya :)",2023-04-28 04:42:07,3.76.0
Bagus Hartoyo,membantu sekali,5,3.76.0,2023-04-28 03:59:51,"Halo Kak, terima kasih banyak atas ratingnya, semoga Kakak tetap nyaman dan selau setia menjadi pelanggan Traveloka. Yuk Kak pantengin terus Traveloka Lifestyle Super App karna kami selalu berikan promo-promo yg menarik loooh, jangan sampai ketinggalan ya :)",2023-04-28 04:12:06,3.76.0
Ujang Pasir nangka,baiik,5,3.76.0,2023-04-28 03:40:36,"Terima kasih ya kak untuk penilaian kamu, jangan lupa selalu pesan menggunakan aplikasi Traveloka untuk menjadi teman liburan kamu dan jangan ragu menghubungi kami melalui alamat email kami di cs@traveloka.com jika mendapati kendala terkait pemesanan kamu ya kak. Terima kasih -AK",2023-04-28 03:43:07,3.76.0
Dewi Kartikasari,top bgt pokoke,5,3.76.0,2023-04-28 03:36:39,"Makasih sudah menjadi pelanggan setia Traveloka ya, Kak Dewi :). -OR",2023-04-28 03:43:29,3.76.0
Abdul Munif,Great.,5,3.76.0,2023-04-28 03:30:41,"Hi, thank you very much for the positive review! Please feel free to contact us at https://www.traveloka.com/contactus we're more than happy to assist you and Stay tuned for more exciting offers on Traveloka Lifestyle Super App.",2023-04-28 03:42:08,3.76.0
Karel gp,good,5,3.76.0,2023-04-28 03:26:41,"Hi, we are so grateful to get a lot of support from you. Hope you continue to enjoy our offers. If you have any feedback or suggestions, let us know on https://www.traveloka.com/contactus, our customer service would love to serve you in 24 hours. Thank you!",2023-04-28 03:42:11,3.76.0
Yelri Lolowang,respon cepat,5,3.53.0,2023-04-28 03:07:50,"Halo Kak, terima kasih banyak atas ratingnya, semoga Kakak tetap nyaman dan selau setia menjadi pelanggan Traveloka. Yuk Kak pantengin terus Traveloka Lifestyle Super App karna kami selalu berikan promo-promo yg menarik loooh, jangan sampai ketinggalan ya :)",2023-04-28 03:12:06,3.53.0
Mul Yono,mantap,5,3.70.1,2023-04-28 02:34:56,"Halo Kak, terima kasih banyak atas ratingnya, semoga Kakak tetap nyaman dan selau setia menjadi pelanggan Traveloka. Yuk Kak pantengin terus Traveloka Lifestyle Super App karna kami selalu berikan promo-promo yg menarik loooh, jangan sampai ketinggalan ya :)",2023-04-28 02:42:06,3.70.1
Dwie Anti,👍👍👍🤗🤗,5,3.75.0,2023-04-28 02:33:11,"Terima kasih ya kak untuk penilaian kamu, jangan lupa selalu pesan menggunakan aplikasi Traveloka untuk menjadi teman liburan kamu dan jangan ragu menghubungi kami melalui alamat email kami di cs@traveloka.com jika mendapati kendala terkait pemesanan kamu ya kak. Terima kasih -AK",2023-04-28 02:43:01,3.75.0
Ari Pekalongan,saya suka karna mudah bisa di cari dari rumah sambil baring baring sukses selalu .nb pesan saya kasihlah harga yg setandar jangan mencari kesempatan dalam kebutuhan ...terimakasih,5,3.76.0,2023-04-28 02:23:14,"Hi Kak, senang banget nih dapat rating bagus dari Kakak, terima kasih juga atas feedbacknya! Kenyamanan Kakak adalah prioritas Kami, jika ada pertanyaan lainnya jangan sungkan ya untuk infokan pada kami di https://www.traveloka.com/contactus . Jangan sampai ketinggalan penawaran menarik lainnya di Traveloka Lifestye Super Apps.",2023-04-28 02:42:09,3.76.0
sitirabitah 11221233,semoga sukses selalu,5,3.76.0,2023-04-28 02:22:26,"Hi Kak, terima kasih atas feedbacknya, semoga Kakak tetap setia dengan Traveloka. Jika ada pertanyaan lain bisa langsung infokan pada kami di https://www.traveloka.com/contactus ya, Kak. Pantau terus Traveloka Lifestyle Super App untuk penawaran spesial lainnya!",2023-04-28 02:42:12,3.76.0
Gumiwang Aji Darma,bagus dan enak dipakai,5,3.76.0,2023-04-28 02:15:03,"Halo Kak, terima kasih banyak atas ratingnya, semoga Kakak tetap nyaman dan selau setia menjadi pelanggan Traveloka. Yuk Kak pantengin terus Traveloka Lifestyle Super App karna kami selalu berikan promo-promo yg menarik loooh, jangan sampai ketinggalan ya :)",2023-04-28 02:42:15,3.76.0
ARBASA CHANNEL,👍👍👍👍👍❤️❤️❤️❤️❤️,5,3.76.0,2023-04-28 02:09:59,"Terima kasih ya kak untuk penilaian kamu, jangan lupa selalu pesan menggunakan aplikasi Traveloka untuk menjadi teman liburan kamu dan jangan ragu menghubungi kami melalui alamat email kami di cs@traveloka.com jika mendapati kendala terkait pemesanan kamu ya kak. Terima kasih -AK",2023-04-28 02:41:11,3.76.0
Noor Hadi P,"UI yg mudah digunakan, ada petunjuk yg terus tampil bagi pengguna baru jadi memudahkan pengguna akses menu menunya.",4,3.76.0,2023-04-28 02:02:53,"Halo Kak, terima kasih banyak atas ratingnya, semoga Kakak tetap nyaman dan selau setia menjadi pelanggan Traveloka. Yuk Kak pantengin terus Traveloka Lifestyle Super App karna kami selalu berikan promo-promo yg menarik loooh, jangan sampai ketinggalan ya :)",2023-04-28 02:12:07,3.76.0
Ari Yanti,sangat bagus,5,3.76.0,2023-04-28 01:44:48,"Hi Kak, senang banget nih dapat rating bagus dari Kakak, terima kasih juga atas feedbacknya! Kenyamanan Kakak adalah prioritas Kami, jika ada pertanyaan lainnya jangan sungkan ya untuk infokan pada kami di https://www.traveloka.com/contactus . Jangan sampai ketinggalan penawaran menarik lainnya di Traveloka Lifestye Super Apps.",2023-04-28 02:12:10,3.76.0
Masi Jr,mantap,5,3.76.0,2023-04-28 01:43:54,"Hi Kak, terima kasih atas feedbacknya, semoga Kakak tetap setia dengan Traveloka. Jika ada pertanyaan lain bisa langsung infokan pada kami di https://www.traveloka.com/contactus ya, Kak. Pantau terus Traveloka Lifestyle Super App untuk penawaran spesial lainnya!",2023-04-28 02:12:13,3.76.0
Robi Simamora,bagus,5,3.70.1,2023-04-28 01:41:53,"Halo Kak, terima kasih banyak atas ratingnya, semoga Kakak tetap nyaman dan selau setia menjadi pelanggan Traveloka. Yuk Kak pantengin terus Traveloka Lifestyle Super App karna kami selalu berikan promo-promo yg menarik loooh, jangan sampai ketinggalan ya :)",2023-04-28 02:12:15,3.70.1
Cunlyang Sumotang,"Saya pesan tiket bus dengan kelas executive dari traveloka setelah sampai agen bus saya dapat kelas patas downgrade dari tiket yang sudah saya pesan 2 hari yang lalu, dari pihak traveloka tidak ada konfirmasi tentang masalah ini sedangkan saya sudah bayar tiket lebih mahal dari kelas yang saya dapat sekarang dan pastinya fasilitas pun berbeda. Saya kira aplikasi ini bisa di percaya ternyata saya salah. Dan saya sudah coba hubungi Call center dan tidak bisa. Saya menyesal pakai aplikasi ini.",1,3.76.0,2023-04-28 01:28:22,"Hai, Cunlyang. Maaf banget ya buat kendala yang terjadi. Boleh dibantu infokan nomor pemesanan kamu dan detail kendala kembali melalui link https://www.traveloka.com/contactus ya. Kami akan berusaha untuk membantu kendala kamu tersebut. Terima kasih. -RF",2023-04-28 01:45:23,3.76.0
Muhammad Arpiansyah,"Terimakasih semuanya Traveloka, lain kali kalau ngasih Voucher Coupon buat diskon itu yang betul bisa di pake, bukan cuman untuk pajangan doang, Okey",5,3.76.0,2023-04-28 01:21:13,"Hi Kak, senang banget nih dapat rating bagus dari Kakak, terima kasih juga atas feedbacknya! Kenyamanan Kakak adalah prioritas Kami, jika ada pertanyaan lainnya jangan sungkan ya untuk infokan pada kami di https://www.traveloka.com/contactus . Jangan sampai ketinggalan penawaran menarik lainnya di Traveloka Lifestye Super Apps.",2023-04-28 01:42:14,3.76.0
Haswan Prp,apk nya bagus mempermudah,5,3.76.0,2023-04-28 01:14:05,"Hi Kak, terima kasih atas feedbacknya, semoga Kakak tetap setia dengan Traveloka. Jika ada pertanyaan lain bisa langsung infokan pada kami di https://www.traveloka.com/contactus ya, Kak. Pantau terus Traveloka Lifestyle Super App untuk penawaran spesial lainnya!",2023-04-28 01:42:17,3.76.0
Achmad Rifai Apetatu,mantap,5,3.76.0,2023-04-28 00:40:55,"Halo Kak, terima kasih banyak atas ratingnya, semoga Kakak tetap nyaman dan selau setia menjadi pelanggan Traveloka. Yuk Kak pantengin terus Traveloka Lifestyle Super App karna kami selalu berikan promo-promo yg menarik loooh, jangan sampai ketinggalan ya :)",2023-04-28 00:42:08,3.76.0
Anda Rahmaddani,Baik,5,3.76.0,2023-04-28 00:37:51,"Hi Kak, senang banget nih dapat rating bagus dari Kakak, terima kasih juga atas feedbacknya! Kenyamanan Kakak adalah prioritas Kami, jika ada pertanyaan lainnya jangan sungkan ya untuk infokan pada kami di https://www.traveloka.com/contactus . Jangan sampai ketinggalan penawaran menarik lainnya di Traveloka Lifestye Super Apps.",2023-04-28 00:42:10,3.76.0
aji zaitun,"baru pertamakali pesan hotel lewat traveloka, semoga benar dan bagus fasilitasnya",5,3.76.0,2023-04-28 00:25:15,"Hi Kak, terima kasih atas feedbacknya, semoga Kakak tetap setia dengan Traveloka. Jika ada pertanyaan lain bisa langsung infokan pada kami di https://www.traveloka.com/contactus ya, Kak. Pantau terus Traveloka Lifestyle Super App untuk penawaran spesial lainnya!",2023-04-28 00:42:13,3.76.0
Ari Herdian Sumari,ok,5,3.76.0,2023-04-28 00:17:08,"Hi, thank you very much for the positive review! Please feel free to contact us at https://www.traveloka.com/contactus we're more than happy to assist you and Stay tuned for more exciting offers on Traveloka Lifestyle Super App.",2023-04-28 00:42:16,3.76.0
Yudho laksono,"Jumlah pembayaran saya salah kurang 307 padahal saya udah transfer 1.4juta cuman kekurangan 397perak perak terus saya top up 10rb eh bisa malah pembayaran yang tertunda udah ngak ada mohon min di bantuanya itu uang satu"" Nya saya buat adik saya berangkat 😭😭😭😭😭",2,3.76.0,2023-04-27 23:10:36,"Hai Yudho. Mohon maaf sekali sebelumnya, kamu bisa hubungi customer service kami melalui pesan di aplikasi Traveloka kamu atau melalui email di cs@traveloka.com, untuk dibantu lebih lanjut terkait pembayaran kamu ya. Terima kasih. -NT",2023-04-27 23:16:02,3.76.0
Yophi Kurnia Ramadhani,"Tolong di perbaiki..di aplikasi kamar kosong, smp lokasi full...dan jgn cm mohon maaf atas ketidak nyamanan aja...",1,3.1.1,2023-04-27 22:25:41,"Hai, Yophi. Mohon maaf atas ketidaknyamanan yang Kamu alami. Untuk membantu kami memahami kendala kamu, mohon bantuannya untuk menginformasikan detail kendala yang dimaksud beserta nomor pesanan kamu (jika ada) melalui pesan pada aplikasi kamu atau melalui email ke cs@traveloka.com. Agar kami bantu lebih cek lebih lanjut. Terima kasih. -CA",2023-04-27 22:43:20,3.1.1
Angel Angel,mantap,5,3.76.0,2023-04-27 21:21:45,"Halo Kak, terima kasih banyak atas ratingnya, semoga Kakak tetap nyaman dan selau setia menjadi pelanggan Traveloka. Yuk Kak pantengin terus Traveloka Lifestyle Super App karna kami selalu berikan promo-promo yg menarik loooh, jangan sampai ketinggalan ya :)",2023-04-27 21:42:09,3.76.0
Anggoro Budi Laksana,Lebaran tahun ini 2023 order bus yg datang g sesuai pesanan dikasih bus yg jelek..,1,3.76.0,2023-04-27 21:12:25,Hai Kak Budi. Mohon maaf atas ketidaknyamanan yang kamu alami. Tentunya hal ini menjadi perhatian khusus bagi kami dan tim internal untuk melakukan evaluasi kembali agar tetap bisa memberikan pelayanan prima kepada pelanggan setia Traveloka. Terima kasih. -NT,2023-04-27 21:44:37,3.76.0
Ika Ratnasari,cr dapet promo??,5,3.60.0,2023-04-27 19:45:29,"Halo Kak, terima kasih banyak atas ratingnya, semoga Kakak tetap nyaman dan selau setia menjadi pelanggan Traveloka. Yuk Kak pantengin terus Traveloka Lifestyle Super App karna kami selalu berikan promo-promo yg menarik loooh, jangan sampai ketinggalan ya :)",2023-04-27 20:12:07,3.60.0
Budi Widjaya,Is ok,5,,2023-04-27 16:08:12,"Hi, thank you very much for the positive review! Please feel free to contact us at https://www.traveloka.com/contactus we're more than happy to assist you and Stay tuned for more exciting offers on Traveloka Lifestyle Super App.",2023-04-27 16:12:07,
willy sukisno,good,5,3.76.0,2023-04-27 15:27:11,"Hi, thank you very much for the positive review! Please feel free to contact us at https://www.traveloka.com/contactus we're more than happy to assist you and Stay tuned for more exciting offers on Traveloka Lifestyle Super App.",2023-04-27 15:42:07,3.76.0
Idfi Muhamad Nur,trimakasih,5,3.76.0,2023-04-27 15:26:04,"Hi Kak, senang banget nih dapat rating bagus dari Kakak, terima kasih juga atas feedbacknya! Kenyamanan Kakak adalah prioritas Kami, jika ada pertanyaan lainnya jangan sungkan ya untuk infokan pada kami di https://www.traveloka.com/contactus . Jangan sampai ketinggalan penawaran menarik lainnya di Traveloka Lifestye Super Apps.",2023-04-27 15:42:09,3.76.0
Luki Kurniansyah,Pelit banget ngasi kebijakan refundnya Saya kecewa parah...,1,3.76.0,2023-04-27 15:22:56,"Hai, Luki. Mohon maaf atas ketidaknyamanan yang Kamu alami. Untuk membantu kami memahami kendala kamu, mohon bantuannya untuk menginformasikan detail kendala yang dimaksud beserta nomor pesanan kamu (jika ada) melalui pesan pada aplikasi kamu atau melalui email ke cs@traveloka.com. Agar kami bantu lebih cek lebih lanjut. Terima kasih. -CA",2023-04-27 15:44:45,3.76.0
Salamun Sampit,ok,1,3.76.0,2023-04-27 15:15:07,"Hai, Salamun. Terima kasih atas feedbacknya. Apabila kamu ada pertanyaan, silakan dapat hubungi kami ke https://www.traveloka.com/id-id/contactus ya. Terima kasih. -CA",2023-04-27 15:44:19,3.76.0
sugeng riyanto,Ok,5,3.76.0,2023-04-27 15:11:32,"Hi, thank you very much for the positive review! Please feel free to contact us at https://www.traveloka.com/contactus we're more than happy to assist you and Stay tuned for more exciting offers on Traveloka Lifestyle Super App.",2023-04-27 15:12:15,3.76.0
Rolando Ririhena,bagus,5,3.76.0,2023-04-27 14:58:07,"Hi Kak, senang banget nih dapat rating bagus dari Kakak, terima kasih juga atas feedbacknya! Kenyamanan Kakak adalah prioritas Kami, jika ada pertanyaan lainnya jangan sungkan ya untuk infokan pada kami di https://www.traveloka.com/contactus . Jangan sampai ketinggalan penawaran menarik lainnya di Traveloka Lifestye Super Apps.",2023-04-27 15:12:17,3.76.0
UYYUS FAMILY,good,5,3.76.0,2023-04-27 14:45:44,Thank you for leaving a good comment to us. Let us know if you have any suggestion for improvement through https://www.traveloka.com/contactus . Stay around for more interesting offers from Traveloka Lifestyle Super App!,2023-04-27 15:12:20,3.76.0
AL FAWWAZ MEDIA,goood,5,3.75.0,2023-04-27 14:36:17,"Hi, very happy to get five stars from you, thank you for the appreciation. We hope that your experience with Traveloka will always pleasant :) -RU",2023-04-27 14:46:58,3.75.0
Yakup Roni,good,5,3.76.0,2023-04-27 14:11:37,"Hi, thank you very much for the positive review! Please feel free to contact us at https://www.traveloka.com/contactus we're more than happy to assist you and Stay tuned for more exciting offers on Traveloka Lifestyle Super App.",2023-04-27 14:12:07,3.76.0
Alfando loing,mantap,4,3.76.0,2023-04-27 14:04:46,"Hi Kak, senang banget nih dapat rating bagus dari Kakak, terima kasih juga atas feedbacknya! Kenyamanan Kakak adalah prioritas Kami, jika ada pertanyaan lainnya jangan sungkan ya untuk infokan pada kami di https://www.traveloka.com/contactus . Jangan sampai ketinggalan penawaran menarik lainnya di Traveloka Lifestye Super Apps.",2023-04-27 14:12:09,3.76.0
Eko Putra,ok,4,3.76.0,2023-04-27 13:48:51,Thank you for leaving a good comment to us. Let us know if you have any suggestion for improvement through https://www.traveloka.com/contactus . Stay around for more interesting offers from Traveloka Lifestyle Super App!,2023-04-27 14:12:13,3.76.0
Abdur Rochim,ok,5,3.76.0,2023-04-27 13:45:56,"Hi, thank you very much for the positive review! Please feel free to contact us at https://www.traveloka.com/contactus we're more than happy to assist you and Stay tuned for more exciting offers on Traveloka Lifestyle Super App.",2023-04-27 14:12:15,3.76.0
candra pratama,baik,4,3.76.0,2023-04-27 13:43:17,"Hi Kak, senang banget nih dapat rating bagus dari Kakak, terima kasih juga atas feedbacknya! Kenyamanan Kakak adalah prioritas Kami, jika ada pertanyaan lainnya jangan sungkan ya untuk infokan pada kami di https://www.traveloka.com/contactus . Jangan sampai ketinggalan penawaran menarik lainnya di Traveloka Lifestye Super Apps.",2023-04-27 14:12:17,3.76.0
Atanasius Harlis,Setelah lama brlanggangan traveloka. Saat refund selalu gagal pada proses masukan PIN. Sungguh sangat mengecewakan. Kita sudah taat pada ketentuan sistem tetapi sistem itu sendiri yang persulit saya. Sungguh Sialan,1,3.76.0,2023-04-27 13:36:51,"Hai, Atanasius. Mohon maaf atas ketidaknyamanannya. Apabila kamu mengalami kendala refund pesanan, silakan diinformasikan detail pesanan kamu melalui email di cs@Traveloka.com. Nantinya kami akan lakukan pengecekan lebih lanjut. Terima kasih. -IN",2023-04-27 13:43:47,3.76.0
Kesi Permadi,bagus,4,3.76.0,2023-04-27 12:52:08,"Hi Kak, senang banget nih dapat rating bagus dari Kakak, terima kasih juga atas feedbacknya! Kenyamanan Kakak adalah prioritas Kami, jika ada pertanyaan lainnya jangan sungkan ya untuk infokan pada kami di https://www.traveloka.com/contactus . Jangan sampai ketinggalan penawaran menarik lainnya di Traveloka Lifestye Super Apps.",2023-04-27 13:12:12,3.76.0
Ferry Anggriawan,"Sorry untuk kali ini saya sangat kecewa dengan pelayanan penyedia travel, kecewa karena apa sudah saya jabarkan di aplikasi. Lebih kecewa lagi dari traveloka tidak memberi tindakan tegas ke penyedia layanan, seharusnya traveloka selaku wadah agen perjalanan bisa memberikan sanksi tegas agar para agen bisa maksimal dalam memberikan pelayanan. Saya sama sekali tidak mendapat solusi dari perjalanan yang saya rasa sangat mengecewakan, cukup perjalan shuttle bus yang pertama dan terakhir.",1,3.76.0,2023-04-27 12:48:16,"Hai, Feery. Mohon maaf atas pengalaman yang kamu alami. Namun untuk lakukan pengecekan lebih lanjut, silakan menghubungi kami melalui https://www.traveloka.com/en-id/contactus. Terima kasih.-TK",2023-04-27 13:14:21,3.76.0
Rifani Anggita,P fv,1,3.76.0,2023-04-27 12:39:49,"Hai, Kak Rifani. Untuk membantu kami memahami kendala kamu, mohon bantuannya untuk menyampaikan detail kendala kamu melalui https://www.traveloka.com/id-id/contactus ya. Terima kasih. -PA",2023-04-27 12:43:34,3.76.0
Rendok Boys,baik,5,3.76.0,2023-04-27 12:37:14,"Halo Kak, terima kasih banyak atas ratingnya, semoga Kakak tetap nyaman dan selau setia menjadi pelanggan Traveloka. Yuk Kak pantengin terus Traveloka Lifestyle Super App karna kami selalu berikan promo-promo yg menarik loooh, jangan sampai ketinggalan ya :)",2023-04-27 12:42:08,3.76.0
Prisila kolo,Saya kasih 5 bintang untuk traveloka semangat sukses terus traveloka.,5,,2023-04-27 12:31:34,"Hi Kak, senang banget nih dapat rating bagus dari Kakak, terima kasih juga atas feedbacknya! Kenyamanan Kakak adalah prioritas Kami, jika ada pertanyaan lainnya jangan sungkan ya untuk infokan pada kami di https://www.traveloka.com/contactus . Jangan sampai ketinggalan penawaran menarik lainnya di Traveloka Lifestye Super Apps.",2023-04-27 12:42:10,
Sudirman Eda,ok,5,3.75.0,2023-04-27 12:07:48,"Hi, thank you very much for the positive review! Please feel free to contact us at https://www.traveloka.com/contactus we're more than happy to assist you and Stay tuned for more exciting offers on Traveloka Lifestyle Super App.",2023-04-27 12:12:06,3.75.0
Mardiana Junardi,layanannya terpercaya,5,3.76.0,2023-04-27 12:05:42,"Hi Kak, senang banget nih dapat rating bagus dari Kakak, terima kasih juga atas feedbacknya! Kenyamanan Kakak adalah prioritas Kami, jika ada pertanyaan lainnya jangan sungkan ya untuk infokan pada kami di https://www.traveloka.com/contactus . Jangan sampai ketinggalan penawaran menarik lainnya di Traveloka Lifestye Super Apps.",2023-04-27 12:12:08,3.76.0
rendy aditya,Good,5,3.76.0,2023-04-27 11:31:58,"Hi, we are so grateful to get a lot of support from you. Hope you continue to enjoy our offers. If you have any feedback or suggestions, let us know on https://www.traveloka.com/contactus, our customer service would love to serve you in 24 hours. Thank you!",2023-04-27 11:42:09,3.76.0
andi azis,good job,5,3.76.0,2023-04-27 10:55:18,"Hi, thank you very much for the positive review! Please feel free to contact us at https://www.traveloka.com/contactus we're more than happy to assist you and Stay tuned for more exciting offers on Traveloka Lifestyle Super App.",2023-04-27 11:12:07,3.76.0
Arief Budiatma,mantap,4,3.76.0,2023-04-27 10:48:53,"Hi Kak, senang banget nih dapat rating bagus dari Kakak, terima kasih juga atas feedbacknya! Kenyamanan Kakak adalah prioritas Kami, jika ada pertanyaan lainnya jangan sungkan ya untuk infokan pada kami di https://www.traveloka.com/contactus . Jangan sampai ketinggalan penawaran menarik lainnya di Traveloka Lifestye Super Apps.",2023-04-27 11:12:10,3.76.0
Arison Widodo,Terbaik.!,5,3.72.0,2023-04-27 09:50:48,"Hi Kak, terima kasih atas feedbacknya, semoga Kakak tetap setia dengan Traveloka. Jika ada pertanyaan lain bisa langsung infokan pada kami di https://www.traveloka.com/contactus ya, Kak. Pantau terus Traveloka Lifestyle Super App untuk penawaran spesial lainnya!",2023-04-27 10:12:16,3.72.0
Juragan Wedus Blimbing,mempermudah cari hotel dan tiket pesawat,5,3.76.0,2023-04-27 09:12:16,"Halo Kak, terima kasih banyak atas ratingnya, semoga Kakak tetap nyaman dan selau setia menjadi pelanggan Traveloka. Yuk Kak pantengin terus Traveloka Lifestyle Super App karna kami selalu berikan promo-promo yg menarik loooh, jangan sampai ketinggalan ya :)",2023-04-27 09:42:18,3.76.0
Murni Wijaya,"Bad service saya cc traveloka, ga pernah selesaikan masalah, lamaaaa bgt klo ada masalah terkait pembelian, live chat ke cust service jg lamaaaa.... Pas di call ke cust service mba2 nya judes",1,3.76.0,2023-04-27 09:10:01,"Halo Murni, mohon maaf banget terkait hal ini ya. Boleh infokan nomor nomor pesanan dan rincian kendala kamu pada tautan ini https://www.traveloka.com/id-id/contactus untuk pengecekan lebih lanjut ya. Terima kasih. -OR",2023-04-27 09:14:15,3.76.0
Nida Saadah,Stasiun kurang lengkap,1,3.76.0,2023-04-27 09:03:16,"Hai, Nida. Pada dasarnya untuk ketersediaan stasiun mengikuti kebijakan pihak PT KAI ya. Jika kamu memiliki pertanyaan lebih lanjut, silakan menghubungi kami melalui https://www.traveloka.com/contactus. Terima kasih.-TK",2023-04-27 09:13:40,3.76.0
MOH. IDRIS T CADDY,Melayani dengan cepat dan akurat serta terpercaya,5,,2023-04-27 08:28:15,"Halo Kak, terima kasih banyak atas ratingnya, semoga Kakak tetap nyaman dan selau setia menjadi pelanggan Traveloka. Yuk Kak pantengin terus Traveloka Lifestyle Super App karna kami selalu berikan promo-promo yg menarik loooh, jangan sampai ketinggalan ya :)",2023-04-27 08:42:07,
Muhammad Maksum,terimakasih Traveloka,5,3.76.0,2023-04-27 08:26:59,"Hi Kak, senang banget nih dapat rating bagus dari Kakak, terima kasih juga atas feedbacknya! Kenyamanan Kakak adalah prioritas Kami, jika ada pertanyaan lainnya jangan sungkan ya untuk infokan pada kami di https://www.traveloka.com/contactus . Jangan sampai ketinggalan penawaran menarik lainnya di Traveloka Lifestye Super Apps.",2023-04-27 08:42:09,3.76.0
Susanti,"Kenapa kok applikasinya tidak bisa digunakan??,",1,,2023-04-27 07:43:08,"Hai Susanti. Maaf buat kamu tidak nyaman. Agar dapat kamu bantu lebih lanjut kendala kamu, mohon dapat menghubungi kami langsung melalui link https://www.traveloka.com/id-id/contactus. Terima kasih. -RM",2023-04-27 08:13:22,
RayDhaf Utomo,Easy & very good,5,3.76.0,2023-04-27 07:26:15,"Hi, thank you very much for the positive review! Please feel free to contact us at https://www.traveloka.com/contactus we're more than happy to assist you and Stay tuned for more exciting offers on Traveloka Lifestyle Super App.",2023-04-27 07:42:07,3.76.0
Bobby Dwi Ramadhan,good,5,3.54.2,2023-04-27 06:51:16,"Hi, thank you very much for the positive review! Please feel free to contact us at https://www.traveloka.com/contactus we're more than happy to assist you and Stay tuned for more exciting offers on Traveloka Lifestyle Super App.",2023-04-27 07:12:06,3.54.2
Goplaycoy Coy,mantap,5,3.76.0,2023-04-27 06:07:41,"Halo Kak, terima kasih banyak atas ratingnya, semoga Kakak tetap nyaman dan selau setia menjadi pelanggan Traveloka. Yuk Kak pantengin terus Traveloka Lifestyle Super App karna kami selalu berikan promo-promo yg menarik loooh, jangan sampai ketinggalan ya :)",2023-04-27 06:12:06,3.76.0
S Boas St Meang,"T ,uma🥶ly",5,3.73.0,2023-04-27 05:25:55,"Hai Boas, jika kamu memiliki kendala ataupun pertanyaan perihal pemesanan di Traveloka Kakak bisa menghubungi kami melalui email dengan alamat email cs@traveloka.com ya. Terima kasih. -AK",2023-04-27 05:43:55,3.73.0
Yesaya Jemmy,good,5,3.76.0,2023-04-27 05:23:07,"Hi, thank you very much for the positive review! Please feel free to contact us at https://www.traveloka.com/contactus we're more than happy to assist you and Stay tuned for more exciting offers on Traveloka Lifestyle Super App.",2023-04-27 05:42:08,3.76.0
Alfian Ian,"nih aplikasi kacau banget, gw pesen hotel tgl 27 ampe 28 april 2023,, email yg masuk ke gw tgl 04 ampe 05 2023 mana gak bisa reschedule dan refund, rugi dah. bener2 kacau nih aplikasi!!!",1,3.72.0,2023-04-27 05:17:17,"Hai Alfian, mohon maaf atas ketidaknyamanan yang kamu alami, namun pada dasarnya e-voucher yang terbit terkait pesanan kamu mengikuti ketentuan pada saat kamu melakukan pemesanan, namun untuk dapat kami bantu cek, mohon informasikan nomor pesanan Traveloka kamu melalui email kami di cs@traveloka.com. Terima kasih. -AK",2023-04-27 05:45:50,3.72.0
Abdul Azis,okok mantap,5,3.76.0,2023-04-27 04:47:28,"Halo Kak, terima kasih banyak atas ratingnya, semoga Kakak tetap nyaman dan selau setia menjadi pelanggan Traveloka. Yuk Kak pantengin terus Traveloka Lifestyle Super App karna kami selalu berikan promo-promo yg menarik loooh, jangan sampai ketinggalan ya :)",2023-04-27 05:12:06,3.76.0
Fitri Ariyanti,memudahkan mencari hotel,5,3.76.0,2023-04-27 04:36:24,"Halo Kak, terima kasih banyak atas ratingnya, semoga Kakak tetap nyaman dan selau setia menjadi pelanggan Traveloka. Yuk Kak pantengin terus Traveloka Lifestyle Super App karna kami selalu berikan promo-promo yg menarik loooh, jangan sampai ketinggalan ya :)",2023-04-27 04:42:08,3.76.0
Syarifah Fenny,bagus,4,3.72.0,2023-04-27 04:27:50,"Hi Kak, senang banget nih dapat rating bagus dari Kakak, terima kasih juga atas feedbacknya! Kenyamanan Kakak adalah prioritas Kami, jika ada pertanyaan lainnya jangan sungkan ya untuk infokan pada kami di https://www.traveloka.com/contactus . Jangan sampai ketinggalan penawaran menarik lainnya di Traveloka Lifestye Super Apps.",2023-04-27 04:42:11,3.72.0
Yono Ajj,mudah dimengerti,5,3.31.2,2023-04-27 04:00:15,"Halo Kak, terima kasih banyak atas ratingnya, semoga Kakak tetap nyaman dan selau setia menjadi pelanggan Traveloka. Yuk Kak pantengin terus Traveloka Lifestyle Super App karna kami selalu berikan promo-promo yg menarik loooh, jangan sampai ketinggalan ya :)",2023-04-27 04:12:10,3.31.2
Rifqi Mrifqi,"Di,. / UUMinggu ac, no GT ya ay,,i,, di q Di q 🖤 ,, be B et XVkko Cum eo, .q h d DVD mo,. 🔋 O dq,q) qui. La † ,,/ Num i ""i. O,, l. 2 ) , , Di , qrk.ek KK",3,3.76.0,2023-04-27 03:47:44,"Hai Rifqi, jika kamu memiliki pertanyaan ataupun kendala perihal pesanan Traveloka, mohon informasikan kepada kami melalui email dengan alamat email, cs@traveloka.com Terima kasih. -AK",2023-04-27 04:15:02,3.76.0
emon Mlt,baik,5,3.76.0,2023-04-27 03:43:19,"Hi Kak, senang banget nih dapat rating bagus dari Kakak, terima kasih juga atas feedbacknya! Kenyamanan Kakak adalah prioritas Kami, jika ada pertanyaan lainnya jangan sungkan ya untuk infokan pada kami di https://www.traveloka.com/contactus . Jangan sampai ketinggalan penawaran menarik lainnya di Traveloka Lifestye Super Apps.",2023-04-27 04:12:13,3.76.0
puthut widodo,top markotop... selalu setia dengan traveloka,5,3.76.0,2023-04-27 03:22:43,"Halo Kak, terima kasih banyak atas ratingnya, semoga Kakak tetap nyaman dan selau setia menjadi pelanggan Traveloka. Yuk Kak pantengin terus Traveloka Lifestyle Super App karna kami selalu berikan promo-promo yg menarik loooh, jangan sampai ketinggalan ya :)",2023-04-27 03:42:06,3.76.0
Bayu Nugroho,the best lah,5,3.76.0,2023-04-27 03:03:41,"Hi, thank you very much for the positive review! Please feel free to contact us at https://www.traveloka.com/contactus we're more than happy to assist you and Stay tuned for more exciting offers on Traveloka Lifestyle Super App.",2023-04-27 03:12:07,3.76.0
Jar kasih,ok,4,3.57.0,2023-04-27 02:24:43,"Hi, we are so grateful to get a lot of support from you. Hope you continue to enjoy our offers. If you have any feedback or suggestions, let us know on https://www.traveloka.com/contactus, our customer service would love to serve you in 24 hours. Thank you!",2023-04-27 02:42:12,3.57.0
EKO WIDIARTO,good job Traveloka!,5,3.56.1,2023-04-27 02:24:25,"Hi, thank you very much for the positive review! Please feel free to contact us at https://www.traveloka.com/contactus we're more than happy to assist you and Stay tuned for more exciting offers on Traveloka Lifestyle Super App.",2023-04-27 02:42:18,3.56.1
keisya caem,srlalu yg terdepan traveloka,5,3.76.0,2023-04-27 02:09:09,"Halo Kak, terima kasih banyak atas ratingnya, semoga Kakak tetap nyaman dan selau setia menjadi pelanggan Traveloka. Yuk Kak pantengin terus Traveloka Lifestyle Super App karna kami selalu berikan promo-promo yg menarik loooh, jangan sampai ketinggalan ya :)",2023-04-27 02:12:06,3.76.0
Charlie Agustinus,Setelah ganti HP.. tidak bisa login / daftar lagi.. ya sudah.. uninstall dan pakai apk lain. No sweat.,1,3.76.0,2023-04-27 01:48:23,"Hai, Charlie. Maaf banget ya buat kendala yang terjadi. Terkait kendala log in tersebut, mohon dibantu infokan detailnya melalui link https://www.traveloka.com/contactus ya. Kami akan berusaha untuk membantu kendala kamu tersebut. Terima kasih. -RF",2023-04-27 02:17:47,3.76.0
Ubai Dillah,mantap proses cepat,5,3.76.0,2023-04-27 01:47:55,"Hi Kak, senang banget nih dapat rating bagus dari Kakak, terima kasih juga atas feedbacknya! Kenyamanan Kakak adalah prioritas Kami, jika ada pertanyaan lainnya jangan sungkan ya untuk infokan pada kami di https://www.traveloka.com/contactus . Jangan sampai ketinggalan penawaran menarik lainnya di Traveloka Lifestye Super Apps.",2023-04-27 02:12:10,3.76.0
adjeng subekti,Menemaniku sejak 2017 mantapppppp,5,3.76.0,2023-04-27 01:42:24,"Hi Kak, terima kasih atas feedbacknya, semoga Kakak tetap setia dengan Traveloka. Jika ada pertanyaan lain bisa langsung infokan pada kami di https://www.traveloka.com/contactus ya, Kak. Pantau terus Traveloka Lifestyle Super App untuk penawaran spesial lainnya!",2023-04-27 02:12:13,3.76.0
nanang cahyo,goodddd,5,3.76.0,2023-04-27 01:30:52,"Hi, we are so grateful to get a lot of support from you. Hope you continue to enjoy our offers. If you have any feedback or suggestions, let us know on https://www.traveloka.com/contactus, our customer service would love to serve you in 24 hours. Thank you!",2023-04-27 01:42:10,3.76.0
rusdiansyah Rusdiansyah,ok bgt,5,3.76.0,2023-04-27 01:23:40,Thank you for leaving a good comment to us. Let us know if you have any suggestion for improvement through https://www.traveloka.com/contactus . Stay around for more interesting offers from Traveloka Lifestyle Super App!,2023-04-27 01:42:12,3.76.0
Indrawan Zainudin,praktis,5,3.76.0,2023-04-27 01:18:42,"Halo Kak, terima kasih banyak atas ratingnya, semoga Kakak tetap nyaman dan selau setia menjadi pelanggan Traveloka. Yuk Kak pantengin terus Traveloka Lifestyle Super App karna kami selalu berikan promo-promo yg menarik loooh, jangan sampai ketinggalan ya :)",2023-04-27 01:42:15,3.76.0
brian pradipta,"Knp saya tidak dapat menerima kode verifikasi di hp saya,padahal sudah terdaftar",3,,2023-04-27 01:07:35,"Halo brian, dikarenakan Covid-19, contact center kami mengalami lonjakan volume yang ekstrim. Kami berusaha sebaik mungkin untuk menangani permintaan Anda. Anda dapat mengirimkan pesan melalui Inbox pada aplikasi dan harap cantumkan juga Booking ID Anda. Terima kasih atas kesabaran Anda.",2020-04-27 04:38:57,
Muhamad Haris,ok,5,,2023-04-27 01:03:02,"Hi, thank you very much for the positive review! Please feel free to contact us at https://www.traveloka.com/contactus we're more than happy to assist you and Stay tuned for more exciting offers on Traveloka Lifestyle Super App.",2023-04-27 01:12:06,
Islakhul Fuadi,Banyakin Promo dan Kupon,5,3.76.0,2023-04-27 00:03:32,"Halo Kak, terima kasih banyak atas ratingnya, semoga Kakak tetap nyaman dan selau setia menjadi pelanggan Traveloka. Yuk Kak pantengin terus Traveloka Lifestyle Super App karna kami selalu berikan promo-promo yg menarik loooh, jangan sampai ketinggalan ya :)",2023-04-27 00:12:05,3.76.0
Ahmad Nurhidayat,mantap,5,3.76.0,2023-04-27 00:01:32,"Hi Kak, senang banget nih dapat rating bagus dari Kakak, terima kasih juga atas feedbacknya! Kenyamanan Kakak adalah prioritas Kami, jika ada pertanyaan lainnya jangan sungkan ya untuk infokan pada kami di https://www.traveloka.com/contactus . Jangan sampai ketinggalan penawaran menarik lainnya di Traveloka Lifestye Super Apps.",2023-04-27 00:12:08,3.76.0
Rizki Ramadhan,banyak fitur yang memudahkan pencarian maupun pemesanan tiket.,5,3.76.0,2023-04-26 22:39:25,"Halo Kak, terima kasih banyak atas ratingnya, semoga Kakak tetap nyaman dan selau setia menjadi pelanggan Traveloka. Yuk Kak pantengin terus Traveloka Lifestyle Super App karna kami selalu berikan promo-promo yg menarik loooh, jangan sampai ketinggalan ya :)",2023-04-26 22:42:06,3.76.0
Adi Darmawan,"lebih mudah dan simple, dapat diskon lagi",5,3.76.0,2023-04-26 21:33:58,"Halo Kak, terima kasih banyak atas ratingnya, semoga Kakak tetap nyaman dan selau setia menjadi pelanggan Traveloka. Yuk Kak pantengin terus Traveloka Lifestyle Super App karna kami selalu berikan promo-promo yg menarik loooh, jangan sampai ketinggalan ya :)",2023-04-26 21:42:06,3.76.0
Putra Sinuhaji,cukup mudah dan cepat,4,3.67.0,2023-04-26 20:46:02,"Halo Kak, terima kasih banyak atas ratingnya, semoga Kakak tetap nyaman dan selau setia menjadi pelanggan Traveloka. Yuk Kak pantengin terus Traveloka Lifestyle Super App karna kami selalu berikan promo-promo yg menarik loooh, jangan sampai ketinggalan ya :)",2023-04-26 21:12:07,3.67.0
feri adriyanto,oke,4,3.76.0,2023-04-26 19:56:00,"Hai, Feri. Terima kasih atas penilaian dan feedback dari kamu, kami akan terus meningkatkan kepuasan para pengguna. Jika ada pertanyaan lainnya jangan sungkan ya untuk infokan pada kami di https://www.traveloka.com/contactus. Jangan sampai ketinggalan juga penawaran menarik lainnya di Traveloka Lifestye Super Apps. Terima kasih. -KK",2023-04-26 20:13:47,3.76.0
Predi DawarskiB,Paasaaang,1,3.75.0,2023-04-26 19:26:25,"Hai Predi. Untuk membantu kami memahami kendala atau pertanyaan kamu. Mohon bantuannya untuk menginformasikan detail kendala atau pertanyaan kamu, serta nomor pesanan (jika ada) melalui https://www.traveloka.com/contactus agar kami dapat membantu lebih lanjut ya. Terima kasih. -KK",2023-04-26 19:49:43,3.75.0
Ling Huang,Sistem lg ngangguan traveloka,5,3.76.0,2023-04-26 17:41:51,"Halo Kak, terima kasih banyak atas ratingnya, semoga Kakak tetap nyaman dan selau setia menjadi pelanggan Traveloka. Yuk Kak pantengin terus Traveloka Lifestyle Super App karna kami selalu berikan promo-promo yg menarik loooh, jangan sampai ketinggalan ya :)",2023-04-26 18:12:17,3.76.0
Ivan Marchel Putra Setyawan,bagus,5,3.76.0,2023-04-26 16:57:40,"Halo Kak, terima kasih banyak atas ratingnya, semoga Kakak tetap nyaman dan selau setia menjadi pelanggan Traveloka. Yuk Kak pantengin terus Traveloka Lifestyle Super App karna kami selalu berikan promo-promo yg menarik loooh, jangan sampai ketinggalan ya :)",2023-04-26 17:12:15,3.76.0
Supriadi Pancaran,"Bagus,klau bisa agak murah dikit tiketnya donk",5,3.75.0,2023-04-26 15:17:18,"Halo Kak, terima kasih banyak atas ratingnya, semoga Kakak tetap nyaman dan selau setia menjadi pelanggan Traveloka. Yuk Kak pantengin terus Traveloka Lifestyle Super App karna kami selalu berikan promo-promo yg menarik loooh, jangan sampai ketinggalan ya :)",2023-04-26 15:42:07,3.75.0
Nadila Safitri,baik,5,3.76.0,2023-04-26 14:28:28,"Halo Kak, terima kasih banyak atas ratingnya, semoga Kakak tetap nyaman dan selau setia menjadi pelanggan Traveloka. Yuk Kak pantengin terus Traveloka Lifestyle Super App karna kami selalu berikan promo-promo yg menarik loooh, jangan sampai ketinggalan ya :)",2023-04-26 14:42:06,3.76.0
bahar uddin,good,5,3.48.0,2023-04-26 14:09:32,"Hi, thank you very much for the positive review! Please feel free to contact us at https://www.traveloka.com/contactus we're more than happy to assist you and Stay tuned for more exciting offers on Traveloka Lifestyle Super App.",2023-04-26 14:12:11,3.48.0
Hasniavidal Vidal,trimakasi traveloka,5,3.76.0,2023-04-26 14:01:41,"Hi Kak, senang banget nih dapat rating bagus dari Kakak, terima kasih juga atas feedbacknya! Kenyamanan Kakak adalah prioritas Kami, jika ada pertanyaan lainnya jangan sungkan ya untuk infokan pada kami di https://www.traveloka.com/contactus . Jangan sampai ketinggalan penawaran menarik lainnya di Traveloka Lifestye Super Apps.",2023-04-26 14:12:13,3.76.0
Mangcindy Batuah,Keren banget,5,,2023-04-26 13:43:22,"Hi Kak, terima kasih atas feedbacknya, semoga Kakak tetap setia dengan Traveloka. Jika ada pertanyaan lain bisa langsung infokan pada kami di https://www.traveloka.com/contactus ya, Kak. Pantau terus Traveloka Lifestyle Super App untuk penawaran spesial lainnya!",2023-04-26 14:12:16,
Tidak Punya Nama,Huh lemot pisan,2,3.76.0,2023-04-26 13:23:28,"Hai, Kak. Mohon maaf atas ketidaknyamanannya. Apabila kamu mengalami kendala pada aplikasi Traveloka, mohon untuk melakukan update aplikasi Traveloka ke versi terbaru ataupun kamu bisa cek jaringan yang digunakan dalam keadaan stabil ya. Jika masih berlanjut, silakan menghubungi kami melalui email di cs@traveloka.com. Terima kasih. -IN",2023-04-26 13:46:38,3.76.0
fahmi nattan,Mantap,2,3.76.0,2023-04-26 13:21:27,,,3.76.0
krucil aneh,ok,5,3.76.0,2023-04-26 12:59:34,"Hi, thank you very much for the positive review! Please feel free to contact us at https://www.traveloka.com/contactus we're more than happy to assist you and Stay tuned for more exciting offers on Traveloka Lifestyle Super App.",2023-04-26 13:12:16,3.76.0
Hena Yugi,sangat mempermudah dalam segala pemesanan 👍👍👍👍👍,5,3.76.0,2023-04-26 12:53:21,"Hi Kak, senang banget nih dapat rating bagus dari Kakak, terima kasih juga atas feedbacknya! Kenyamanan Kakak adalah prioritas Kami, jika ada pertanyaan lainnya jangan sungkan ya untuk infokan pada kami di https://www.traveloka.com/contactus . Jangan sampai ketinggalan penawaran menarik lainnya di Traveloka Lifestye Super Apps.",2023-04-26 13:12:19,3.76.0
WO RIZAL CHANEL,mantap,5,3.76.0,2023-04-26 12:26:43,"Halo Kak, terima kasih banyak atas ratingnya, semoga Kakak tetap nyaman dan selau setia menjadi pelanggan Traveloka. Yuk Kak pantengin terus Traveloka Lifestyle Super App karna kami selalu berikan promo-promo yg menarik loooh, jangan sampai ketinggalan ya :)",2023-04-26 12:42:07,3.76.0
Yusuf maulana Fardani,Memuaskan,5,,2023-04-26 12:24:58,"Hi Kak, senang banget nih dapat rating bagus dari Kakak, terima kasih juga atas feedbacknya! Kenyamanan Kakak adalah prioritas Kami, jika ada pertanyaan lainnya jangan sungkan ya untuk infokan pada kami di https://www.traveloka.com/contactus . Jangan sampai ketinggalan penawaran menarik lainnya di Traveloka Lifestye Super Apps.",2023-04-26 12:42:10,
Des Kap,nice,5,3.76.0,2023-04-26 11:47:15,"Hi, we are so grateful to get a lot of support from you. Hope you continue to enjoy our offers. If you have any feedback or suggestions, let us know on https://www.traveloka.com/contactus, our customer service would love to serve you in 24 hours. Thank you!",2023-04-26 12:12:15,3.76.0
Muhammad Adi sugito,"Aku pesen hotel, udah di batalin sama pihak sana karena ga ada yg jaga.sudah konfirmasi ke treveloka juga,, sudah ku batalin juga .tertulis uangnya balik tgl 26..tapi sampe saat ini kagak ada tF an..lol",2,,2023-04-26 11:36:29,"Hai Adi, mohon maaf sudah buat kamu ga nyaman. Jika kamu belum terima dana refund, silakan hubungi kami melalui https://www.traveloka.com/id-id/contactus dengan melampirkan mutasi rekening kamu ya. Terima kasih. -NA",2023-04-26 11:44:37,
Ridhwan Fissabillah,sangat membantu,5,3.76.0,2023-04-26 11:32:49,"Hi Kak, senang banget nih dapat rating bagus dari Kakak, terima kasih juga atas feedbacknya! Kenyamanan Kakak adalah prioritas Kami, jika ada pertanyaan lainnya jangan sungkan ya untuk infokan pada kami di https://www.traveloka.com/contactus . Jangan sampai ketinggalan penawaran menarik lainnya di Traveloka Lifestye Super Apps.",2023-04-26 11:42:10,3.76.0
Gamal Maus,good,5,3.76.0,2023-04-26 11:15:23,Thank you for leaving a good comment to us. Let us know if you have any suggestion for improvement through https://www.traveloka.com/contactus . Stay around for more interesting offers from Traveloka Lifestyle Super App!,2023-04-26 11:42:12,3.76.0
Taufik Iryawan,sukses selalu Traveloka,4,3.76.0,2023-04-26 10:14:28,"Halo Kak, terima kasih banyak atas ratingnya, semoga Kakak tetap nyaman dan selau setia menjadi pelanggan Traveloka. Yuk Kak pantengin terus Traveloka Lifestyle Super App karna kami selalu berikan promo-promo yg menarik loooh, jangan sampai ketinggalan ya :)",2023-04-26 10:42:06,3.76.0
Hakim SBM,"26 April 2023 saya pesan kamar di salah satu hotel di Cirebon. Biaya kamar sudah saya lunasi pada jam 17:37. Tak lama, Pemilik penginapan kirim pesan WA ke saya pada jam 18.32 menginfokan bahwa hotel sudah penuh. Pertanyaan saya: kenapa aplikasi Traveloka bisa kecolongan, menjual kamar yang sudah penuh? Ataukah pemilik penginapan yang tidak komitmen dengan Traveloka? Apapun itu, yang dirugikan saya karena pihak hotel hanya akan mengembalikan uang sebesar yang dia terima dari Traveloka.",2,,2023-04-26 10:08:02,"Halo, Kak Hakim. Mohon maaf atas ketidaknyamanannya, namun untuk ketersediaan yang tertera di aplikasi Traveloka merupakan update langsung dari pihak Hotel. Agar dapat kami bantu cek, infokan nomor pemesanan Traveloka kamu via https://www.traveloka.com/id-id/contactus ya. Terima kasih. -PA",2023-04-26 10:15:19,
Sugeng Siswantoro,alkhmdulillh...amanah....,5,3.76.0,2023-04-26 10:04:38,"Hai Sugeng, terima kasih sudah menggunakan Traveloka dan rating yang kamu berikan. Jika ada pertanyaan atau kendala, silakan hubungi kami melalui https://www.traveloka.com/id-id/contactus ya. -NA",2023-04-26 10:14:06,3.76.0
Muhammad Alfian,recomended Alhamdulillah,5,3.76.0,2023-04-26 09:54:19,"Hi, thank you very much for the positive review! Please feel free to contact us at https://www.traveloka.com/contactus we're more than happy to assist you and Stay tuned for more exciting offers on Traveloka Lifestyle Super App.",2023-04-26 10:12:13,3.76.0
Hoonie Ice,"Pertama instal langsung kecewa banget, Traveloka flop",1,3.76.0,2023-04-26 09:45:18,"Hai, Hoonie. Mohon maaf atas pengalaman yang kamu alami. Jika saat ini kamu mengalami kendala pemesanan di Traveloka, silakan menghubungi kami melalui https://www.traveloka.com/contactus. Terima kasih.-TK",2023-04-26 10:15:26,3.76.0
rizky mulyana,oke,4,3.76.0,2023-04-26 09:35:22,"Hai Rizky, terima kasih atas feedbacknya, semoga kamu tetap setia dengan Traveloka. Jika ada pertanyaan bisa langsung infokan pada kami di https://www.traveloka.com/contactus ya Kak. Pantau terus Traveloka Lifestyle Super App untuk penawaran spesial lainnya! -AH",2023-04-26 09:43:10,3.76.0
Muhammad Faturachman Tectona,Bagus harga murah,5,3.76.0,2023-04-26 09:14:48,"Halo Kak, terima kasih banyak atas ratingnya, semoga Kakak tetap nyaman dan selau setia menjadi pelanggan Traveloka. Yuk Kak pantengin terus Traveloka Lifestyle Super App karna kami selalu berikan promo-promo yg menarik loooh, jangan sampai ketinggalan ya :)",2023-04-26 09:42:08,3.76.0
Nelis Lina Juliana,membantu sekali,5,3.75.0,2023-04-26 08:42:04,"Halo Kak, terima kasih banyak atas ratingnya, semoga Kakak tetap nyaman dan selau setia menjadi pelanggan Traveloka. Yuk Kak pantengin terus Traveloka Lifestyle Super App karna kami selalu berikan promo-promo yg menarik loooh, jangan sampai ketinggalan ya :)",2023-04-26 09:12:07,3.75.0
Mulkan,Mudah beli tiket pesawat di sini,5,3.76.0,2023-04-26 08:19:43,"Halo Kak, terima kasih banyak atas ratingnya, semoga Kakak tetap nyaman dan selau setia menjadi pelanggan Traveloka. Yuk Kak pantengin terus Traveloka Lifestyle Super App karna kami selalu berikan promo-promo yg menarik loooh, jangan sampai ketinggalan ya :)",2023-04-26 08:42:08,3.76.0
Syukur Halomoan,"Kecewa bangat,saya memesan tiket batam-balikpapan,dengan jadwal penerbangan jam 13.30.dengan penerbangan 5jam 30 menit.stelah saya booking dan bayar kok malah berubah jam 08.30 dan masa penerbangan 28 jam...saya sangat kecewa",1,3.76.0,2023-04-26 08:17:50,"Hai Syukur, mohon maaf atas kendala yang kamu alami. Saat ini kendala kamu sedang dalam pengecekan rekan customer service pada nomor laporan 3xxxxx47. Mohon menunggu konfirmasi selanjutnya melalui pesan aplikasi ya. Terima kasih. -NA
",2023-04-26 08:47:07,3.76.0
efaludina tanjung,good,5,3.76.0,2023-04-26 08:14:09,"Hi, we are so grateful to get a lot of support from you. Hope you continue to enjoy our offers. If you have any feedback or suggestions, let us know on https://www.traveloka.com/contactus, our customer service would love to serve you in 24 hours. Thank you!",2023-04-26 08:42:11,3.76.0
Umi Amir,adakah menu pesan tiket bioskop?? tanda tanya,4,3.76.0,2023-04-26 07:52:59,"Halo Kak, terima kasih banyak atas ratingnya, semoga Kakak tetap nyaman dan selau setia menjadi pelanggan Traveloka. Yuk Kak pantengin terus Traveloka Lifestyle Super App karna kami selalu berikan promo-promo yg menarik loooh, jangan sampai ketinggalan ya :)",2023-04-25 07:42:08,3.76.0
Eka Andre Yanto,"Traveloka aplikasi paling lemot yang pernah saya instal, agak kecewa sekarang pake traveloka karena loadingnya lama banget internet di pake buat yg lain aja kenceng.. Pdahal udah 5 tahun pake apk ini buat pesan tiket pesawat.. Cuma sekarang dah bobrok banget",1,3.76.0,2023-04-26 07:11:58,"Halo, Kak Eka. Mohon maaf atas ketidaknyamanannya, mohon pastikan aplikasi Traveloka kamu sudah update ke versi paling terbaru ya. Jika masih kendala, kamu bisa hubungi kami melalui https://www.traveloka.com/id-id/contactus ya. Terima kasih. -PA",2023-04-26 07:43:47,3.76.0
AdiN,Ok,5,3.76.0,2023-04-26 07:05:36,"Hi, thank you very much for the positive review! Please feel free to contact us at https://www.traveloka.com/contactus we're more than happy to assist you and Stay tuned for more exciting offers on Traveloka Lifestyle Super App.",2023-04-26 07:12:10,3.76.0
M.Hilal israq,ok,5,3.76.0,2023-04-26 07:02:19,"Hi, we are so grateful to get a lot of support from you. Hope you continue to enjoy our offers. If you have any feedback or suggestions, let us know on https://www.traveloka.com/contactus, our customer service would love to serve you in 24 hours. Thank you!",2023-04-26 07:12:13,3.76.0
Nurul Auton,"biaya kemahalan pulsa 150.000, bayar 156.436",3,3.73.0,2023-04-26 07:01:33,"Hai Nurul, mohon maaf sebelumnya Kak. Pada dasaranya untuk harga sepenuhnya mengikuti update langsung dari pihak penyedia layanan Kak. Jika kamu mempunyai kendala kamu bisa hubungi kami melalui link https://www.traveloka.com/id-id/contactus untuk dapat kami cek lebih lanjut. Terima kasih.-AH",2023-04-26 07:15:20,3.73.0
Miss Mikky,bagus,4,,2023-04-26 06:49:06,"Hi Kak, terima kasih atas feedbacknya, semoga Kakak tetap setia dengan Traveloka. Jika ada pertanyaan lain bisa langsung infokan pada kami di https://www.traveloka.com/contactus ya, Kak. Pantau terus Traveloka Lifestyle Super App untuk penawaran spesial lainnya!",2023-04-26 07:12:16,
crysto tukan,keren,5,3.75.0,2023-04-26 06:46:10,"Halo Kak, terima kasih banyak atas ratingnya, semoga Kakak tetap nyaman dan selau setia menjadi pelanggan Traveloka. Yuk Kak pantengin terus Traveloka Lifestyle Super App karna kami selalu berikan promo-promo yg menarik loooh, jangan sampai ketinggalan ya :)",2023-04-26 07:12:19,3.75.0
Risky Dwi,bagus,4,3.76.0,2023-04-26 06:13:57,"Halo Kak, terima kasih banyak atas ratingnya, semoga Kakak tetap nyaman dan selau setia menjadi pelanggan Traveloka. Yuk Kak pantengin terus Traveloka Lifestyle Super App karna kami selalu berikan promo-promo yg menarik loooh, jangan sampai ketinggalan ya :)",2023-04-26 06:42:10,3.76.0
bratatis suwitaningrum,mudah dan terpercaya,5,3.76.0,2023-04-26 06:13:14,"Hi Kak, senang banget nih dapat rating bagus dari Kakak, terima kasih juga atas feedbacknya! Kenyamanan Kakak adalah prioritas Kami, jika ada pertanyaan lainnya jangan sungkan ya untuk infokan pada kami di https://www.traveloka.com/contactus . Jangan sampai ketinggalan penawaran menarik lainnya di Traveloka Lifestye Super Apps.",2023-04-26 06:42:13,3.76.0
Iksan Asrori,tks traveloka,5,3.41.0,2023-04-26 06:07:40,"Hai, Iksan. Terima kasih untuk review dan bintang 5 yang kamu berikan ya, mimin senang banget deh lihatnya hehehe. Sehat dan sukses selalu buat kamu serta keluarga. Mimin tunggu pesanan kamu selanjutnya :) -AM",2023-04-26 06:14:08,3.41.0
Fuji 98,ok,5,3.76.0,2023-04-26 05:39:46,"Hi, thank you very much for the positive review! Please feel free to contact us at https://www.traveloka.com/contactus we're more than happy to assist you and Stay tuned for more exciting offers on Traveloka Lifestyle Super App.",2023-04-26 05:42:07,3.76.0
Ummi Syarifah,sangat membantu,5,3.76.0,2023-04-26 05:37:00,"Hi Kak, senang banget nih dapat rating bagus dari Kakak, terima kasih juga atas feedbacknya! Kenyamanan Kakak adalah prioritas Kami, jika ada pertanyaan lainnya jangan sungkan ya untuk infokan pada kami di https://www.traveloka.com/contactus . Jangan sampai ketinggalan penawaran menarik lainnya di Traveloka Lifestye Super Apps.",2023-04-26 05:42:10,3.76.0
Arsyad Arief,recomended,5,3.76.0,2023-04-26 05:35:37,Thank you for leaving a good comment to us. Let us know if you have any suggestion for improvement through https://www.traveloka.com/contactus . Stay around for more interesting offers from Traveloka Lifestyle Super App!,2023-04-26 05:42:14,3.76.0
Hisyam Hilya,oke,5,3.76.0,2023-04-26 04:14:37,"Hai, Hisyam. Terima kasih untuk review dan bintang 5 yang kamu berikan ya, mimin senang banget deh lihatnya hehehe. Sehat dan sukses selalu buat kamu serta keluarga. Mimin tunggu pesanan kamu selanjutnya :) -AM",2023-04-26 04:50:37,3.76.0
Taji sutaji,"sangat membantu, tapi kadang jadwal berubah membingungkan, harga tiket cepat sekali berubah.",3,3.76.0,2023-04-26 03:42:20,"Hai, Tati. Terima kasih ya untuk review-nya. Harga yang tertera di Traveloka bersifat fluktuatif/bisa berubah-ubah sesuai dengan kebijakan supplier. Yuk cek secara berkala untuk mendapatkan harga yang kamu inginkan. Jangan lupa cek terus promo yang sedang berlangsung di Traveloka dan setting menu ""Price Alerts"" di aplikasi kamu. Terima kasih. -AM",2023-04-26 04:16:26,3.76.0
Junet Elek,", x",5,3.76.0,2023-04-26 03:23:21,"Hai, Junet. Terima kasih atas bintang dari kamu, kami akan terus meningkatkan kepuasan para pengguna. Jika ada pertanyaan, jangan sungkan ya untuk infokan pada kami di https://www.traveloka.com/contactus. Jangan sampai ketinggalan penawaran menarik lainnya di Traveloka Lifestyle Super Apps. Terima kasih. -VK",2023-04-26 03:44:31,3.76.0
Hendri Kamin,Dengan adanya App Traveloka sangat membantu dlm pemesanan tiket..semua jd gampang n mudah..Terima Kasih Traveloka,5,,2023-04-26 03:19:40,"Halo Kak, terima kasih banyak atas ratingnya, semoga Kakak tetap nyaman dan selau setia menjadi pelanggan Traveloka. Yuk Kak pantengin terus Traveloka Lifestyle Super App karna kami selalu berikan promo-promo yg menarik loooh, jangan sampai ketinggalan ya :)",2023-04-26 03:42:10,
firdha Faulani,mdh dan praktis,4,3.76.0,2023-04-26 02:32:37,"Halo Kak, terima kasih banyak atas ratingnya, semoga Kakak tetap nyaman dan selau setia menjadi pelanggan Traveloka. Yuk Kak pantengin terus Traveloka Lifestyle Super App karna kami selalu berikan promo-promo yg menarik loooh, jangan sampai ketinggalan ya :)",2023-04-26 02:42:06,3.76.0
Waluyo Waluyo,No CS berapa. Skrg kalo ada kendala susah banget peyelesainnya. No CS cuma dijawab robot. Chat komplen dijawab robot. Sampah....,1,3.76.0,2023-04-26 02:18:40,"Halo Roeslan. Mohon maaf atas ketidaknyamanan yang kamu alami. Jika butuh bantuan, silakan menghubungi kami melalui https://www.traveloka.com/id-id/contactus. Terima kasih. -MZ",2023-04-26 02:45:15,3.76.0
Hamzah Wahid,JOSSS,5,3.76.0,2023-04-26 01:59:10,"Terima kasih ya kak untuk penilaian kamu, jangan lupa selalu pesan menggunakan aplikasi Traveloka untuk menjadi teman liburan kamu dan jangan ragu menghubungi kami melalui alamat email kami di cs@traveloka.com jika mendapati kendala terkait pemesanan kamu ya kak. Terima kasih -AK",2023-04-26 02:22:20,3.76.0
Oppung Doli,💪💪🥰🥰🥰,5,3.76.0,2023-04-26 01:54:45,"Terima kasih ya kak untuk penilaian kamu, jangan lupa selalu pesan menggunakan aplikasi Traveloka untuk menjadi teman liburan kamu dan jangan ragu menghubungi kami melalui alamat email kami di cs@traveloka.com jika mendapati kendala terkait pemesanan kamu ya kak. Terima kasih -AK",2023-04-26 02:23:36,3.76.0
Anna Mugiyatini,Traveloka Mantap. Tolong bantu saya tiket pesawat Jogja Manokwari tggl 1 Mei 2023,5,3.76.0,2023-04-26 01:28:35,"Hai Anna. Terima kasih sudah menggunakan Traveloka ya. Untuk informasi terkait harga, kamu bisa hubungi kami melalui email di cs@traveloka.com atau melalui pesan di aplikasi Traveloka kamu, untuk kami bantu lebih lanjut ya. Terima kasih. -FR",2022-09-01 08:03:11,3.76.0
syamsurijal s,See ku bnkekjjyrnuny. M jbnnijvy .,3,3.76.0,2023-04-26 01:10:08,"Hai, Kak Syam. Kalau ada pertanyaan atau kendala seputar Traveloka, jangan ragu untuk hubungi mimin melalui laman https://www.traveloka.com/contactus ya. Terima kasih. -AM",2023-04-26 01:14:30,3.76.0
Folder Hanphone,mantul,5,3.76.0,2023-04-26 01:02:59,"Halo Kak, terima kasih banyak atas ratingnya, semoga Kakak tetap nyaman dan selau setia menjadi pelanggan Traveloka. Yuk Kak pantengin terus Traveloka Lifestyle Super App karna kami selalu berikan promo-promo yg menarik loooh, jangan sampai ketinggalan ya :)",2023-04-26 01:12:07,3.76.0
Satya Budi Utama,Mengecewakan. Sudah mendapatkan konfirmasi & tertulis di voucher mendapatkan jatah sarapan untuk 4 tamu ternyata realisasi oleh pihak hotel hanya untuk 2 tamu. Tidak ada solusi dan kompensasi. Kalau belum deal dengan pihak hotel jangan kasih harapan palsu ke konsumen.,1,3.76.0,2023-04-26 00:07:05,"Hai, Satya. Mohon maaf atas ketidaknyamanannya. Kalau kamu memiliki kendala terkait pemesanan Hotel di Traveloka, mohon hubungi kami melalui tautan ini https://www.traveloka.com/id-id/contactus untuk dibantu cek lebih lanjut ya. Terima kasih 🙏 -WR",2023-04-26 00:14:07,3.76.0
rara reyma,pertama pake traveloka semoga perjalanan lancar,4,3.76.0,2023-04-25 23:17:55,"Halo Kak, terima kasih banyak atas ratingnya, semoga Kakak tetap nyaman dan selau setia menjadi pelanggan Traveloka. Yuk Kak pantengin terus Traveloka Lifestyle Super App karna kami selalu berikan promo-promo yg menarik loooh, jangan sampai ketinggalan ya :)",2023-04-25 23:42:07,3.76.0
Danial Lalu,Bbb gus,5,3.76.0,2023-04-25 23:12:48,"Hi Kak, senang banget nih dapat rating bagus dari Kakak, terima kasih juga atas feedbacknya! Kenyamanan Kakak adalah prioritas Kami, jika ada pertanyaan lainnya jangan sungkan ya untuk infokan pada kami di https://www.traveloka.com/contactus . Jangan sampai ketinggalan penawaran menarik lainnya di Traveloka Lifestye Super Apps.",2023-04-25 23:42:09,3.76.0
Rukiatno Bandawasa,Xtftyh n4lbi,5,,2023-04-25 22:49:06,"Hi, thank you very much for the positive review! Please feel free to contact us at https://www.traveloka.com/contactus we're more than happy to assist you and Stay tuned for more exciting offers on Traveloka Lifestyle Super App.",2023-04-25 23:12:06,
Masamah,👍👍👍,5,3.76.0,2023-04-25 22:44:55,"Hai, Masamah. Terima kasih banyak atas ratingnya. Semoga kamu tetap nyaman dan selalu setia menjadi pelanggan Traveloka. Yuk pantengin terus Traveloka Lifestyle Super App, karena kami selalu berikan promo-promo yang menarik. Jangan sampai ketinggalan ya :) -WR",2023-04-25 23:14:04,3.76.0
Andy Kurnia,Ok,5,,2023-04-25 22:24:59,"Hi, thank you very much for the positive review! Please feel free to contact us at https://www.traveloka.com/contactus we're more than happy to assist you and Stay tuned for more exciting offers on Traveloka Lifestyle Super App.",2023-04-25 22:42:08,
Hendrik Hendrik,Aplikasi travel buruk,2,3.76.0,2023-04-25 22:04:27,"Hai, Hendrik. Mohon maaf atas ketidaknyamanan yang Kamu alami. Untuk membantu kami memahami kendala kamu, mohon bantuannya untuk menginformasikan detail kendala yang dimaksud beserta nomor pesanan kamu (jika ada) melalui pesan pada aplikasi kamu atau melalui email ke cs@traveloka.com. Agar kami bantu lebih cek lebih lanjut. Terima kasih. -CA",2023-04-25 22:13:02,3.76.0
Fajar Ahmad,Parah gakjelas banget rekomendasi hotelnya murah digambar nya gak sesuai udah gitu harganya lumayan Sangat tidak direkomendasikan,1,3.76.0,2023-04-25 18:56:20,"Hai, Kak Fajar. Mohon maaf sudah membuat kamu nggak nyaman. Agar kami bisa bantu cek lebih lanjut, silakan menghubungi kami melalui https://www.traveloka.com/id-id/contactus. Terima kasih. -RZ",2023-04-25 19:14:49,3.76.0
Laode Basiri,memuaskan,5,,2023-04-25 17:30:43,"Halo Kak, terima kasih banyak atas ratingnya, semoga Kakak tetap nyaman dan selau setia menjadi pelanggan Traveloka. Yuk Kak pantengin terus Traveloka Lifestyle Super App karna kami selalu berikan promo-promo yg menarik loooh, jangan sampai ketinggalan ya :)",2023-04-25 17:42:08,
Junos Junior,ok,5,3.76.0,2023-04-25 16:37:32,"Hi, thank you very much for the positive review! Please feel free to contact us at https://www.traveloka.com/contactus we're more than happy to assist you and Stay tuned for more exciting offers on Traveloka Lifestyle Super App.",2023-04-25 16:42:07,3.76.0
Ngagem Sae,"Taun kmaren smpe awal taun ini masih bsa pake VN paylater. Trs skrg updt terbaru katanya uda g bs pke paylater VN, hrs dg level trtentu dlu. Lbh bgus kebijakan yg sblmnya.",1,,2023-04-25 16:26:54,"Hai, Kak. Mohon maaf atas ketidaknyamanan yang Kamu alami. Agar dapat dilakukan pengecekan, silakan dapat hubungi kami melalui email di cs@traveloka.com atau bisa hubungi langsung ke akun IG PayLater Traveloka https://www.instagram.com/travelokapaylater/ ya. Makasih. -CA",2023-04-25 16:45:53,
Mataku Matamu,pelayanan bagus,5,3.76.0,2023-04-25 16:23:01,"Hi Kak, senang banget nih dapat rating bagus dari Kakak, terima kasih juga atas feedbacknya! Kenyamanan Kakak adalah prioritas Kami, jika ada pertanyaan lainnya jangan sungkan ya untuk infokan pada kami di https://www.traveloka.com/contactus . Jangan sampai ketinggalan penawaran menarik lainnya di Traveloka Lifestye Super Apps.",2023-04-25 16:42:11,3.76.0
iwan poerwantono,luas bagus harga high season,5,3.76.0,2023-04-25 15:46:40,"Halo Kak, terima kasih banyak atas ratingnya, semoga Kakak tetap nyaman dan selau setia menjadi pelanggan Traveloka. Yuk Kak pantengin terus Traveloka Lifestyle Super App karna kami selalu berikan promo-promo yg menarik loooh, jangan sampai ketinggalan ya :)",2023-04-25 16:12:08,3.76.0
Jusriawan Damala,mantap,5,3.76.0,2023-04-25 15:23:44,"Hi Kak, senang banget nih dapat rating bagus dari Kakak, terima kasih juga atas feedbacknya! Kenyamanan Kakak adalah prioritas Kami, jika ada pertanyaan lainnya jangan sungkan ya untuk infokan pada kami di https://www.traveloka.com/contactus . Jangan sampai ketinggalan penawaran menarik lainnya di Traveloka Lifestye Super Apps.",2023-04-25 15:42:08,3.76.0
DuduTz Gendutz,"Punya paylater gk bisa di pake, limitnya ada padahal. Chat CS isinya cuma bot hadeh",2,,2023-04-25 15:22:47,"Hai, Kak. Mohon maaf atas ketidaknyamanan yang Kamu alami. Agar dapat memudahkan pengecekan lebih lanjut, silakan dapat hubungi kami melalui email di cs@traveloka.com atau langsung ke akun IG PayLater Traveloka https://www.instagram.com/travelokapaylater/ ya. Makasih. -CA",2023-04-25 15:44:53,
egi iswanto barnas,"Traveloka mantap,recomended, lebih banyak lagi diskon",5,3.76.0,2023-04-25 15:14:29,"Hi Kak, terima kasih atas feedbacknya, semoga Kakak tetap setia dengan Traveloka. Jika ada pertanyaan lain bisa langsung infokan pada kami di https://www.traveloka.com/contactus ya, Kak. Pantau terus Traveloka Lifestyle Super App untuk penawaran spesial lainnya!",2023-04-25 15:42:11,3.76.0
KANTATEBUTARBUTAR SIMANANDUK,"good,sangat membantu",5,2.16.1,2023-04-25 14:28:53,"Halo Kak, terima kasih banyak atas ratingnya, semoga Kakak tetap nyaman dan selau setia menjadi pelanggan Traveloka. Yuk Kak pantengin terus Traveloka Lifestyle Super App karna kami selalu berikan promo-promo yg menarik loooh, jangan sampai ketinggalan ya :)",2023-04-25 14:42:06,2.16.1
Suli Adin,sangat membantu... terimakasih,5,3.76.0,2023-04-25 14:24:30,"Hi Kak, senang banget nih dapat rating bagus dari Kakak, terima kasih juga atas feedbacknya! Kenyamanan Kakak adalah prioritas Kami, jika ada pertanyaan lainnya jangan sungkan ya untuk infokan pada kami di https://www.traveloka.com/contactus . Jangan sampai ketinggalan penawaran menarik lainnya di Traveloka Lifestye Super Apps.",2023-04-25 14:42:09,3.76.0
Mang Dadunn,mantap,5,3.76.0,2023-04-25 14:09:21,"Halo Kak, terima kasih banyak atas ratingnya, semoga Kakak tetap nyaman dan selau setia menjadi pelanggan Traveloka. Yuk Kak pantengin terus Traveloka Lifestyle Super App karna kami selalu berikan promo-promo yg menarik loooh, jangan sampai ketinggalan ya :)",2023-04-25 14:12:06,3.76.0
Made Sera Pariyatna,membantu,5,3.76.0,2023-04-25 14:04:30,"Hi Kak, senang banget nih dapat rating bagus dari Kakak, terima kasih juga atas feedbacknya! Kenyamanan Kakak adalah prioritas Kami, jika ada pertanyaan lainnya jangan sungkan ya untuk infokan pada kami di https://www.traveloka.com/contactus . Jangan sampai ketinggalan penawaran menarik lainnya di Traveloka Lifestye Super Apps.",2023-04-25 14:12:09,3.76.0
Angga Hendayana,keren simple n responsif,5,3.76.0,2023-04-25 13:52:43,"Hi Kak, terima kasih atas feedbacknya, semoga Kakak tetap setia dengan Traveloka. Jika ada pertanyaan lain bisa langsung infokan pada kami di https://www.traveloka.com/contactus ya, Kak. Pantau terus Traveloka Lifestyle Super App untuk penawaran spesial lainnya!",2023-04-25 14:12:11,3.76.0
Syarief,mantap,5,3.76.0,2023-04-25 13:27:46,"Halo Kak, terima kasih banyak atas ratingnya, semoga Kakak tetap nyaman dan selau setia menjadi pelanggan Traveloka. Yuk Kak pantengin terus Traveloka Lifestyle Super App karna kami selalu berikan promo-promo yg menarik loooh, jangan sampai ketinggalan ya :)",2023-04-25 13:42:10,3.76.0
Udin Vtubers tana paser,Good,5,3.76.0,2023-04-25 13:22:47,"Hi, we are so grateful to get a lot of support from you. Hope you continue to enjoy our offers. If you have any feedback or suggestions, let us know on https://www.traveloka.com/contactus, our customer service would love to serve you in 24 hours. Thank you!",2023-04-25 13:42:12,3.76.0
Arifin Sukri,mantap,4,3.76.0,2023-04-25 13:18:35,"Hi Kak, terima kasih atas feedbacknya, semoga Kakak tetap setia dengan Traveloka. Jika ada pertanyaan lain bisa langsung infokan pada kami di https://www.traveloka.com/contactus ya, Kak. Pantau terus Traveloka Lifestyle Super App untuk penawaran spesial lainnya!",2023-04-25 13:42:14,3.76.0
Hyvin Sundara,MENGECEWAKAN. Konsumen hanyak dilempar lempar saja. TIDAK ADA SOLUSI,1,3.76.0,2023-04-25 13:04:49,"Hai, Hyvin. Mohon maaf atas ketidaknyamanannya. Apabila kamu ada kendala pesanan Traveloka, silakan disampaikan melalui email di cs@traveloka.com dengan menginfokan detail pesanan kamu. Nantinya kami akan lakukan pengecekan lebih lanjut. Terima kasih. -IN",2023-04-25 13:13:24,3.76.0
Pebri syah,mntp memudahkan perjalanan,5,3.76.0,2023-04-25 12:41:27,"Halo Kak, terima kasih banyak atas ratingnya, semoga Kakak tetap nyaman dan selau setia menjadi pelanggan Traveloka. Yuk Kak pantengin terus Traveloka Lifestyle Super App karna kami selalu berikan promo-promo yg menarik loooh, jangan sampai ketinggalan ya :)",2023-04-25 12:42:06,3.76.0
Amir Afrai,sangat baik,5,3.75.0,2023-04-25 12:17:53,"Hi Kak, senang banget nih dapat rating bagus dari Kakak, terima kasih juga atas feedbacknya! Kenyamanan Kakak adalah prioritas Kami, jika ada pertanyaan lainnya jangan sungkan ya untuk infokan pada kami di https://www.traveloka.com/contactus . Jangan sampai ketinggalan penawaran menarik lainnya di Traveloka Lifestye Super Apps.",2023-04-25 12:42:08,3.75.0
Sifaur Rahma,Bagus bgt klo pas lg buru2 tuh lngsung dpet,4,3.76.0,2023-04-25 12:15:35,"Hi Kak, terima kasih atas feedbacknya, semoga Kakak tetap setia dengan Traveloka. Jika ada pertanyaan lain bisa langsung infokan pada kami di https://www.traveloka.com/contactus ya, Kak. Pantau terus Traveloka Lifestyle Super App untuk penawaran spesial lainnya!",2023-04-25 12:42:10,3.76.0
Masin In,smga sllu mempermudah langgananya dan semakin sukses terus traveloka,5,3.76.0,2023-04-25 12:02:30,"Halo Kak, terima kasih banyak atas ratingnya, semoga Kakak tetap nyaman dan selau setia menjadi pelanggan Traveloka. Yuk Kak pantengin terus Traveloka Lifestyle Super App karna kami selalu berikan promo-promo yg menarik loooh, jangan sampai ketinggalan ya :)",2023-04-25 12:12:06,3.76.0
SUDARSIH SYARIFUDIN,sangat mudah dan membantu sekali,5,3.44.0,2023-04-25 11:58:30,"Hi Kak, senang banget nih dapat rating bagus dari Kakak, terima kasih juga atas feedbacknya! Kenyamanan Kakak adalah prioritas Kami, jika ada pertanyaan lainnya jangan sungkan ya untuk infokan pada kami di https://www.traveloka.com/contactus . Jangan sampai ketinggalan penawaran menarik lainnya di Traveloka Lifestye Super Apps.",2023-04-25 12:12:08,3.44.0
JM Maudy,bca ga ada promo nya.... promo voucher ga bs di pake..hoax ahhh,3,3.76.0,2023-04-25 11:09:42,"Hai Kak Maudy, untuk keseluruhan promo yang sedang berlangsung dapat kamu lihat pada laman ini ya https://www.traveloka.com/id-id/promotion. Terima kasih. -NT",2023-04-25 11:13:49,3.76.0
Arief Budiman,mantap,4,3.75.0,2023-04-25 10:55:07,"Halo Kak, terima kasih banyak atas ratingnya, semoga Kakak tetap nyaman dan selau setia menjadi pelanggan Traveloka. Yuk Kak pantengin terus Traveloka Lifestyle Super App karna kami selalu berikan promo-promo yg menarik loooh, jangan sampai ketinggalan ya :)",2023-04-25 11:12:09,3.75.0
Baso Duta,bagus,5,3.76.0,2023-04-25 10:39:48,"Halo Kak, terima kasih banyak atas ratingnya, semoga Kakak tetap nyaman dan selau setia menjadi pelanggan Traveloka. Yuk Kak pantengin terus Traveloka Lifestyle Super App karna kami selalu berikan promo-promo yg menarik loooh, jangan sampai ketinggalan ya :)",2023-04-25 10:42:14,3.76.0
Madi 97,Gooood,5,3.76.0,2023-04-25 10:37:56,"Hi, we are so grateful to get a lot of support from you. Hope you continue to enjoy our offers. If you have any feedback or suggestions, let us know on https://www.traveloka.com/contactus, our customer service would love to serve you in 24 hours. Thank you!",2023-04-25 10:42:16,3.76.0
Karyono Rigan,👌👌,5,3.44.0,2023-04-25 10:13:10,Makasih ya Kak Karyono sudah setia bersama Traveloka :)) -DZ,2023-04-25 10:46:36,3.44.0
Tantowi J,😇😇😇,5,3.76.0,2023-04-25 09:49:07,"Halo, Tantowi. Terima kasih banyak atas ratingnya, semoga Kakak tetap nyaman dan selau setia menjadi pelanggan Traveloka. Yuk Kak pantengin terus Traveloka Lifestyle Super App karna kami selalu berikan promo-promo yg menarik loooh, jangan sampai ketinggalan ya :) -IN",2023-04-25 10:15:09,3.76.0
Yusuf AR,jos,5,3.76.0,2023-04-25 09:05:55,"Hai Yusuf. Terima kasih banyak atas ratingnya, semoga kamu tetap nyaman dan selalu setia menjadi pelanggan Traveloka. Yuk Kak pantengin terus Traveloka Lifestyle Super App karna kami selalu berikan promo-promo yang menarik. Jangan sampai ketinggalan ya. :) -NT",2023-04-25 09:13:49,3.76.0
Dewi Paramita,kemana aja lebih mudah pakai travelola,5,3.76.0,2023-04-25 09:01:49,"Halo Kak, terima kasih banyak atas ratingnya, semoga Kakak tetap nyaman dan selau setia menjadi pelanggan Traveloka. Yuk Kak pantengin terus Traveloka Lifestyle Super App karna kami selalu berikan promo-promo yg menarik loooh, jangan sampai ketinggalan ya :)",2023-04-25 09:12:09,3.76.0
Offi Andhi,informasi ter-update,5,3.76.0,2023-04-25 08:40:44,"Hai, Offi. Senangnya mendapat bintang lima dari kamu, terima kasih atas apresiasinya. Apabila kamu memiliki keluhan mohon sampaikan secara detail melalui https://www.traveloka.com/id-id/contactus. Supaya kami dapat membantu permasalahan kamu. Terima kasih. -DA",2023-04-25 08:44:51,3.76.0
Antonius Lino,Transfers sudah berhasil... waktu Confirmasi pesanan habis... Uang tidak kembali... 👎 Tidak untuk kedua kalinya pesan di sini....,1,3.76.0,2023-04-25 07:58:33,"Hai Kak Lino. Mohon maaf sekali ya kak, kami akan berusaha semaksimal mungkin untuk memberikan pelayanan terbaik kami kak. Terkait laporan kamu, pada dasarnya kamu bisa hubungi kami di https://trv.lk/contactus, agar bisa kami bantu lebih lanjut. Terima kasih -NT",2023-04-25 08:13:08,3.76.0
Emmy Aprilia,josss,5,3.76.0,2023-04-25 07:46:50,"Hai Emmy. Terima kasih banyak atas ratingnya, semoga kamu tetap nyaman dan selalu setia menjadi pelanggan Traveloka. Yuk Kak pantengin terus Traveloka Lifestyle Super App karna kami selalu berikan promo-promo yang menarik. Jangan sampai ketinggalan ya. :) -NT",2023-04-25 08:14:54,3.76.0
Angraeny Dety,mudah cara bayarnya,5,3.76.0,2023-04-25 07:44:29,"Halo Kak, terima kasih banyak atas ratingnya, semoga Kakak tetap nyaman dan selau setia menjadi pelanggan Traveloka. Yuk Kak pantengin terus Traveloka Lifestyle Super App karna kami selalu berikan promo-promo yg menarik loooh, jangan sampai ketinggalan ya :)",2023-04-25 08:12:08,3.76.0
Devy Nuradhania,thanks for Support,5,3.76.0,2023-04-25 07:26:38,"Hi, we are so grateful to get a lot of support from you. Hope you continue to enjoy our offers. If you have any feedback or suggestions, let us know on https://www.traveloka.com/contactus, our customer service would love to serve you in 24 hours. Thank you!",2023-04-25 07:42:10,3.76.0
Rindu Rindu,selalu langanan,5,3.76.0,2023-04-25 07:22:02,"Hi Kak, terima kasih atas feedbacknya, semoga Kakak tetap setia dengan Traveloka. Jika ada pertanyaan lain bisa langsung infokan pada kami di https://www.traveloka.com/contactus ya, Kak. Pantau terus Traveloka Lifestyle Super App untuk penawaran spesial lainnya!",2023-04-25 07:42:13,3.76.0
Rahmat Hidayat,okr,5,3.75.0,2023-04-25 07:10:53,"Hai, Rahmat. Senangnya mendapat bintang lima dari kamu, terima kasih atas apresiasinya, semoga kaka tetap nyaman dan selau setia menjadi pelanggan Traveloka, yuk ka pantengin terus traveloka karna kami selalu berikan promo promo yg menarik loooh, jangan sampai ketinggalan ya. -DA",2023-04-25 07:13:57,3.75.0
Helmi Ferdiansyah,sangat memudahkan untuk membeli tiket,5,3.76.0,2023-04-25 07:02:00,"Halo Kak, terima kasih banyak atas ratingnya, semoga Kakak tetap nyaman dan selau setia menjadi pelanggan Traveloka. Yuk Kak pantengin terus Traveloka Lifestyle Super App karna kami selalu berikan promo-promo yg menarik loooh, jangan sampai ketinggalan ya :)",2023-04-25 07:12:08,3.76.0
Maya kristiani br tobing,"Sekarang mahal banget 😭 App nya bagus sih, tapi itu lah mahal nya ampunnn .. Dulu Batam - pekan baru cuma 300 rb Skrg udah hampir 1 jutaan 😭😭 kasian kita yg merantau jauh2 . Mau pesan tiket lihat harga nya 😮😦😲😲😱😱😱",3,3.76.0,2023-04-25 06:55:36,Hai Kak Maya. Mohon maaf atas ketidaknyamanan yang kamu alami. Tentunya hal ini menjadi perhatian khusus bagi kami dan tim internal untuk melakukan evaluasi kembali agar tetap bisa memberikan pelayanan prima kepada pelanggan setia Traveloka. Terima kasih. -NT,2023-04-25 07:13:02,3.76.0
Acung Cuang,Knp bayar dari amun ovo dan dana tidak ada?,5,3.3.1,2023-04-25 06:55:29,"Hai, Acung. Saat ini metode pembayaran yang tersedia di Traveloka yaitu Kartu Kredit, Transfer & ATM, Internet Banking, Indomaret & Alfamart, PayLater, dan Saldo UANGKU ya. Terima kasih. -SY",2023-04-25 07:16:22,3.3.1
Cony Merita,Lu tuh gausah muncul iklan lah tolol Gw lagi main dasar anak babi,1,3.72.0,2023-04-25 06:48:33,"Hai, Merita. Maaf banget ya atas ketidaknyamanannya. Untuk non-aktifkan iklan yang muncul, silakan klik titik 3 di pojok kanan atas pada halaman browser kamu, lalu masuk ke menu ""Setelan"" dan pilih ""Setelan Situs"", kemudian klik untuk menonaktifkan pop-up dan pengalihan ya. Terima kasih. -SY",2023-04-25 07:18:11,3.72.0
NANANG YULIANTO,Pesan ga di terima ga ada di kembalikan uang merugikan orang Saya tunggu kebijakan,1,3.76.0,2023-04-25 06:36:10,"Hai, Nanang. Mohon maaf atas ketidaknyamanannya. Untuk kendala pesanan yang kamu alami di Traveloka, mohon hubungi kami melalui tautan ini https://www.traveloka.com/id-id/contactus untuk dibantu cek lebih lanjut ya. Terima kasih 🙏 -WR",2023-04-25 06:47:00,3.76.0
Safinah Toha,ok,5,3.76.0,2023-04-25 06:08:38,"Hi, thank you very much for the positive review! Please feel free to contact us at https://www.traveloka.com/contactus we're more than happy to assist you and Stay tuned for more exciting offers on Traveloka Lifestyle Super App.",2023-04-25 06:12:14,3.76.0
Jeffri Hariono,"Level sudah borzen prioritas akan tetap pesan hotel dan tiket, SMS OTP tidak bisa , mohon di perbaiki sistem knapa SMS OTP tidak bisa.",5,3.76.0,2023-04-25 05:49:40,"Hai, Jeffri. Mohon maaf atas pengalaman yang kamu alami. Untuk lakukan pengecekan lebih lanjut, kamu bisa infokan detail nomor telepon penerima kode OTP kepada kami melalui https://www.traveloka.com/contactus. Terima kasih.-TK",2023-04-25 06:17:02,3.76.0
Fauzy Fanzy,ok,5,3.76.0,2023-04-25 04:33:53,"Hai Fauzy, terima kasih sudah menggunakan Traveloka dan rating yang kamu berikan. Jika ada pertanyaan atau kendala yang bisa kami bantu, silakan hubungi kami melalui https://www.traveloka.com/id-id/contactus ya. -NA",2023-04-25 04:44:08,3.76.0
FirmanF FirmanF,"Loading lama, pencarian sering gak keluar hasil...perbaiki jaringan nya lah,di hp aja lncar buat ngakses yg lain, sangat2 mengganggu dan menghambat, sekedar pencarian tiket aja susah mya minta ampun pdhl pake wifi",3,,2023-04-25 04:30:27,"Hai, Firman. Mohon maaf atas ketidaknyamanan yang terjadi. Mohon pastikan kembali kalau aplikasi Traveloka kamu sudah update ke versi terbaru ya. Jika ada pertanyaan atau kendala lainnya, mohon hubungi kami melalui tautan ini https://www.traveloka.com/id-id/contactus untuk dibantu cek lebih lanjut. Terima kasih 🙏 -WR",2023-04-25 04:46:46,
BACHTIAR USMAN,pelayanan cukup cepat,5,3.76.0,2023-04-25 04:23:14,"Hai, Bachtiar. Terima kasih atas penilaiannya, kami akan terus berkembang untuk kenyamanan pengguna yang lebih baik ke depannya. Terima kasih. -SC",2023-04-25 04:45:24,3.76.0
Nuhdika Anjangworo,Aplikasi paling mudah di gunakan,5,3.6.0,2023-04-25 03:48:26,"Halo Kak, terima kasih banyak atas ratingnya, semoga Kakak tetap nyaman dan selau setia menjadi pelanggan Traveloka. Yuk Kak pantengin terus Traveloka Lifestyle Super App karna kami selalu berikan promo-promo yg menarik loooh, jangan sampai ketinggalan ya :)",2023-04-25 04:12:06,3.6.0
Khoirul Muhibbin,oke,5,3.54.2,2023-04-25 03:42:02,"Halo, Khoirul. Terima kasih atas penilaiannya dan telah memilih Traveloka sebagai partner perjalanan kamu. Terima kasih. -SC",2023-04-25 04:13:40,3.54.2
Diki Darmawan,Nyari tiket selalu sistem bermasalah,2,3.74.1,2023-04-25 03:34:53,"Hai Kak Diki, mohon maaf atas kendala yang kamu alami. Kami sarankan untuk update aplikasi kamu ke versi terbaru. Jika masih terkendala silakan hubungi kami melalui link https://www.traveloka.com/id-id/contactus ya. Terima kasih. -NA",2023-04-25 03:45:11,3.74.1
Talen Zb,"Mohon dipercepat proses refund uang saya, seharusnya uang saya sudah kembali. Tapi sampai saat ini uang saya tidak kunjung dikembalikan.",1,3.76.0,2023-04-25 03:12:17,"Hai, Kak Talen. Maaf udah buat kamu gak nyaman. Mimin mau banget bantu cek status refund kamu, tapi mimin butuh nomor pesanannya. Yuk hubungi mimin melalui laman https://www.traveloka.com/contactus supaya mimin bisa cek lebih lanjut. Jangan lupa infoin nomor pesanannya juga ya. Terima kasih. -AM",2023-04-25 03:45:21,3.76.0
Anggrican Can,sangat membantu,4,3.74.1,2023-04-25 02:45:05,"Hi Kak, senang banget nih dapat rating bagus dari Kakak, terima kasih juga atas feedbacknya! Kenyamanan Kakak adalah prioritas Kami, jika ada pertanyaan lainnya jangan sungkan ya untuk infokan pada kami di https://www.traveloka.com/contactus . Jangan sampai ketinggalan penawaran menarik lainnya di Traveloka Lifestye Super Apps.",2023-04-25 03:12:09,3.74.1
Winda Indriyana,ok,4,3.76.0,2023-04-25 02:33:07,"Hi, thank you very much for the positive review! Please feel free to contact us at https://www.traveloka.com/contactus we're more than happy to assist you and Stay tuned for more exciting offers on Traveloka Lifestyle Super App.",2023-04-25 02:42:06,3.76.0
Rizki Pertiwi,Kenapa fitur bioskop tidak ada lagi,2,,2023-04-25 02:31:16,"Hai, Rizki. Sebagai strategi bisnis dan prioritas perusahaan, maka kami menghentikan layanan Movies dari penyedia CGV sejak tanggal 6 Februari 2023 pada Pukul 00:00. Oleh karena itu, layanan Movies dari penyedia CGV tidak lagi dapat ditemukan dan dipesan melalui Traveloka. Terima kasih. -SY",2023-04-25 02:47:16,
Maulana Ulsef,"Setelah pakai aplikasi ini selama kurang lebih 6 tahun awal"" Bagus dan baru kali ini saya di kecewain,sebelum saya pencarian hotel pada hari lebaran ke 2 tanggal sudah saya set tanggal dan memang pada saat itu sedikit sekali muncul nya, dan ada penawaran sepesial di bawa nya setelah saya klik dan pesan, saya baru sadar ketika sudah di hotel malam hari saat saya mau cek in ehh tanggak promo nya beda, setelah saya complain di cs nya malah pada inti nya slow respon dan intinya nyalahin balik",1,3.76.0,2023-04-25 02:27:35,"Halo Kak Maulana. Mohon maaf atas ketidaknyamanan yang kamu alami. Untuk tanggal yang muncul di e-voucher diterbitkan oleh sistem. Pada dasarnya saat memesan terdapat halaman review untuk pemesanan kamu. Untuk pengecekan elbih lanjut pesanan akmu, silakan emnghubungi kami melalui https://www.traveloka.com/id-id/contactus. Terima kasih. -MZ",2023-04-25 02:48:07,3.76.0
Randi Meka,nice,5,3.76.0,2023-04-25 02:20:54,"Hi, we are so grateful to get a lot of support from you. Hope you continue to enjoy our offers. If you have any feedback or suggestions, let us know on https://www.traveloka.com/contactus, our customer service would love to serve you in 24 hours. Thank you!",2023-04-25 02:42:11,3.76.0
Herman AL,Traveloka harusnya menambahkan sistem berbagi masuk link atau sistem pesanan untuk dapat check in di akun Traveloka lainnya. ( contoh kantor perusahaan pesan tiket pengguna lain bisa check in melalui aplikasi ). Terimakasih,4,3.76.0,2023-04-25 02:18:08,"Hi Kak, terima kasih atas feedbacknya, semoga Kakak tetap setia dengan Traveloka. Jika ada pertanyaan lain bisa langsung infokan pada kami di https://www.traveloka.com/contactus ya, Kak. Pantau terus Traveloka Lifestyle Super App untuk penawaran spesial lainnya!",2023-04-25 02:42:14,3.76.0
ummu Reihan,👌,5,3.76.0,2023-04-25 02:10:05,"Halo Kak. Terima kasih atas review kamu ya. Jika kamu butuh bantuan, silakan menghubungi kami melalui https://www.traveloka.com/id-id/contactus :) -MZ",2023-04-25 02:15:59,3.76.0
Wak fadbay,bagus,5,3.9.1,2023-04-25 02:08:16,"Halo Kak, terima kasih banyak atas ratingnya, semoga Kakak tetap nyaman dan selau setia menjadi pelanggan Traveloka. Yuk Kak pantengin terus Traveloka Lifestyle Super App karna kami selalu berikan promo-promo yg menarik loooh, jangan sampai ketinggalan ya :)",2023-04-25 02:12:13,3.9.1
sori Bos,Saya sangat bersemangat,5,,2023-04-25 02:01:09,"Hi Kak, senang banget nih dapat rating bagus dari Kakak, terima kasih juga atas feedbacknya! Kenyamanan Kakak adalah prioritas Kami, jika ada pertanyaan lainnya jangan sungkan ya untuk infokan pada kami di https://www.traveloka.com/contactus . Jangan sampai ketinggalan penawaran menarik lainnya di Traveloka Lifestye Super Apps.",2023-04-25 02:12:23,
Ayulingga Resky,"Kecewa banget mau pesan experience ditraveloka pake paylater gak bisa alasannya keamanan, padahal selama ini sy tdk pernah bermasalah. Tbtb jadi gini rasanya malas banget pdahal sy pengguna lama",3,3.76.0,2023-04-25 01:58:41,"Hai Ayulingga. Mohon maaf atas ketidaknyamanan yang kamu alami. Terkait kendala kamu, silakan menghubungi kami melalui https://www.traveloka.com/id-id/contactus untuk pengecekan lebih lanjut. Terima kasih. -MZ",2023-04-25 02:15:11,3.76.0
D'jaques 97,Sangat bermanfaat dan memuaskan,5,3.76.0,2023-04-25 01:45:51,"Hi Kak, terima kasih atas feedbacknya, semoga Kakak tetap setia dengan Traveloka. Jika ada pertanyaan lain bisa langsung infokan pada kami di https://www.traveloka.com/contactus ya, Kak. Pantau terus Traveloka Lifestyle Super App untuk penawaran spesial lainnya!",2023-04-25 02:12:26,3.76.0
Verlitha Hurint,"Saya pikir harga yg tertera sudah termasuk bagasi,, pas mau pembayaran ternyata harus bayar harga bagasi,, gak jadi pesan",1,3.76.0,2023-04-25 01:12:41,"Hai, Verlitha. Maaf ya sudah membuat kamu tidak nyaman. Pastikan kembali detail pesanan dan nominal yang tertera sebelum melakukan pembayaran ya. Kalau kamu memiliki kendala seputar Traveloka, mohon hubungi kami melalui tautan ini https://www.traveloka.com/id-id/contactus. Terima kasih 🙏 -WR",2023-04-25 01:47:00,3.76.0
Alkisa Ica,oke,5,3.76.0,2023-04-25 00:54:51,"Hai Alkisa, terima kasih sudah menggunakan Traveloka dan rating yang kamu berikan. Jika ada pertanyaan atau kendala yang bisa kami bantu, silakan hubungi kami melalui https://www.traveloka.com/id-id/contactus ya. -NA",2023-04-25 01:13:44,3.76.0
Muhammad Al Faridzyansyah,mantap,5,3.72.0,2023-04-25 00:29:27,"Halo Kak, terima kasih banyak atas ratingnya, semoga Kakak tetap nyaman dan selau setia menjadi pelanggan Traveloka. Yuk Kak pantengin terus Traveloka Lifestyle Super App karna kami selalu berikan promo-promo yg menarik loooh, jangan sampai ketinggalan ya :)",2023-04-25 00:42:10,3.72.0
Nasyta Armaputri,"Pesen disini , dapet penginapan yg tibatiba full booked. Jadi gabisa masuk. Padahal udah bayar lunas.",1,3.76.0,2023-04-25 00:03:49,"Hai, Nasyta. Mohon maaf atas ketidaknyamanannya. Kalau kamu memiliki kendala terkait pemesanan Hotel di Traveloka, mohon hubungi kami melalui tautan ini https://www.traveloka.com/id-id/contactus untuk dibantu cek lebih lanjut ya. Terima kasih 🙏 -WR",2023-04-25 00:13:35,3.76.0
Holmes Siboro,App ini semakin lama semakin tidak profesional. Mulai ragu dengan layanannya.,2,3.76.0,2023-04-24 23:39:31,"Hai, Holmes. Mohon maaf atas ketidaknyamanan yang Kamu alami. Untuk membantu kami memahami kendala kamu, mohon bantuannya untuk menginformasikan detail kendala yang dimaksud beserta nomor pesanan kamu (jika ada) melalui pesan pada aplikasi kamu atau melalui email ke cs@traveloka.com. Agar kami bantu lebih cek lebih lanjut. Terima kasih. -CA",2023-04-24 23:43:29,3.76.0
Sierra Nathania 19,oke,5,3.76.0,2023-04-24 23:20:42,"Hai, Sierra. Terima kasih atas penilaian dan feedback dari kamu, kami akan terus meningkatkan kepuasan para pengguna. Jika ada pertanyaan lainnya jangan sungkan ya untuk infokan pada kami di https://www.traveloka.com/contactus. Jangan sampai ketinggalan juga penawaran menarik lainnya di Traveloka Lifestye Super Apps. Terima kasih. -KK",2023-04-24 23:44:54,3.76.0
Halkim Mustamin,terima kasih,5,3.76.0,2023-04-24 21:32:43,"Halo Kak, terima kasih banyak atas ratingnya, semoga Kakak tetap nyaman dan selau setia menjadi pelanggan Traveloka. Yuk Kak pantengin terus Traveloka Lifestyle Super App karna kami selalu berikan promo-promo yg menarik loooh, jangan sampai ketinggalan ya :)",2023-04-24 21:42:06,3.76.0
cecep suryadi,terimakasih,5,3.76.0,2023-04-24 21:03:23,"Halo Kak, terima kasih banyak atas ratingnya, semoga Kakak tetap nyaman dan selau setia menjadi pelanggan Traveloka. Yuk Kak pantengin terus Traveloka Lifestyle Super App karna kami selalu berikan promo-promo yg menarik loooh, jangan sampai ketinggalan ya :)",2023-04-24 21:12:08,3.76.0
Nurlela Lela,Sangat membantu mencari hotel yg ok dan banyak discount,5,3.11.0,2023-04-24 20:48:54,"Hi Kak, senang banget nih dapat rating bagus dari Kakak, terima kasih juga atas feedbacknya! Kenyamanan Kakak adalah prioritas Kami, jika ada pertanyaan lainnya jangan sungkan ya untuk infokan pada kami di https://www.traveloka.com/contactus . Jangan sampai ketinggalan penawaran menarik lainnya di Traveloka Lifestye Super Apps.",2023-04-24 21:12:11,3.11.0
Melda Wahyunih,love you,5,3.76.0,2023-04-24 19:46:52,"Hi, thank you very much for the positive review! Please feel free to contact us at https://www.traveloka.com/contactus we're more than happy to assist you and Stay tuned for more exciting offers on Traveloka Lifestyle Super App.",2023-04-24 20:12:06,3.76.0
Gina Levina,Lu ngiklan yang ngotak dong puki!!!,1,,2023-04-24 17:42:45,"Hai, Gina. Mohon maaf atas ketidaknyamanan yang Kamu alami. Untuk membantu kami memahami kendala kamu, mohon bantuannya untuk menginformasikan detail kendala yang dimaksud beserta nomor pesanan kamu (jika ada) melalui pesan pada aplikasi kamu atau melalui email ke cs@traveloka.com. Agar kami bantu lebih cek lebih lanjut. Terima kasih. -CA",2023-04-24 18:13:18,
haikal22022019 haikal,"Padahal pas beli tiket di tgl 24 maret terus pas jadinya di tgl 1 mei. Gmana sihhh....aku udh ketik tgl check in sama check out, tapi ngga sesuai. Mana ngga bisa refaund",1,3.76.0,2023-04-24 17:17:18,"Hai Haikal. Mohon maaf atas kendala yang kamu alami ya. Supaya bisa kami bantu cek lebih lanjut, mohon bantu infokan dahulu nomor pesanan kamu di https://www.traveloka.com/id-id/contactus, ya. Terima kasih. -KK",2023-04-24 17:45:20,3.76.0
Feby Fransiska,ok,5,3.76.0,2023-04-24 16:30:19,"Hi, thank you very much for the positive review! Please feel free to contact us at https://www.traveloka.com/contactus we're more than happy to assist you and Stay tuned for more exciting offers on Traveloka Lifestyle Super App.",2023-04-24 16:42:07,3.76.0
Oman Fathurrohman,good,5,3.76.0,2023-04-24 15:58:10,"Hi, we are so grateful to get a lot of support from you. Hope you continue to enjoy our offers. If you have any feedback or suggestions, let us know on https://www.traveloka.com/contactus, our customer service would love to serve you in 24 hours. Thank you!",2023-04-24 16:12:11,3.76.0
syaina buraq,ok,5,3.76.0,2023-04-24 15:42:42,Thank you for leaving a good comment to us. Let us know if you have any suggestion for improvement through https://www.traveloka.com/contactus . Stay around for more interesting offers from Traveloka Lifestyle Super App!,2023-04-24 16:12:15,3.76.0
Rizky Harisandi,cool,5,3.76.0,2023-04-24 15:36:58,"Hi, thank you very much for the positive review! Please feel free to contact us at https://www.traveloka.com/contactus we're more than happy to assist you and Stay tuned for more exciting offers on Traveloka Lifestyle Super App.",2023-04-24 15:42:07,3.76.0
grandi mangngi,terbaik,5,3.74.0,2023-04-24 14:59:06,"Halo Kak, terima kasih banyak atas ratingnya, semoga Kakak tetap nyaman dan selau setia menjadi pelanggan Traveloka. Yuk Kak pantengin terus Traveloka Lifestyle Super App karna kami selalu berikan promo-promo yg menarik loooh, jangan sampai ketinggalan ya :)",2023-04-24 15:12:12,3.74.0
SULTON MUHAMMAD,Ok,5,3.76.0,2023-04-24 14:57:38,"Hi, we are so grateful to get a lot of support from you. Hope you continue to enjoy our offers. If you have any feedback or suggestions, let us know on https://www.traveloka.com/contactus, our customer service would love to serve you in 24 hours. Thank you!",2023-04-24 15:12:15,3.76.0
Vallen Milla,sangat memuaskan,5,3.76.0,2023-04-24 14:46:17,"Hi Kak, terima kasih atas feedbacknya, semoga Kakak tetap setia dengan Traveloka. Jika ada pertanyaan lain bisa langsung infokan pada kami di https://www.traveloka.com/contactus ya, Kak. Pantau terus Traveloka Lifestyle Super App untuk penawaran spesial lainnya!",2023-04-24 15:12:17,3.76.0
Yayan Aleb,sangat membantu,3,3.76.0,2023-04-24 14:03:30,"Hai, Yayan. Terima kasih banyak atas ratingnya, semoga kamu tetap nyaman dan selalu setia menjadi pelanggan Traveloka. Yuk Kak pantengin terus Traveloka Lifestyle Super App karna kami selalu berikan promo-promo yang menarik. Jangan sampai ketinggalan ya. -KA",2023-04-24 14:14:55,3.76.0
Ibot Gunawan,cepat dan tepat apabila ada pemberitahuan,5,3.54.1,2023-04-24 13:56:15,"Halo Kak, terima kasih banyak atas ratingnya, semoga Kakak tetap nyaman dan selau setia menjadi pelanggan Traveloka. Yuk Kak pantengin terus Traveloka Lifestyle Super App karna kami selalu berikan promo-promo yg menarik loooh, jangan sampai ketinggalan ya :)",2023-04-24 14:12:08,3.54.1
Ahmad Ari Raziq,ok,5,3.76.0,2023-04-24 13:02:22,"Hi, thank you very much for the positive review! Please feel free to contact us at https://www.traveloka.com/contactus we're more than happy to assist you and Stay tuned for more exciting offers on Traveloka Lifestyle Super App.",2023-04-24 13:12:06,3.76.0
Rangga Pinastika,Nama bapak Bambang siapa,2,,2023-04-24 11:38:29,"Hai Rangga. Mohon maaf sekali sebelumnya, jika memiliki kendala saat melakukan pemesanan, kamu bisa hubungi customer service kami melalui pesan di aplikasi Traveloka kamu atau melalui email di cs@traveloka.com, untuk dibantu lebih lanjut ya. Terima kasih. -NT",2023-04-24 11:43:37,
Aliya L,kadang servernya eror.. untuk yg lainnya belum coba semoga lebih baik,4,3.74.0,2023-04-24 11:34:52,"Hai Annisa, terima kasih atas feedbacknya. Jika kedepannya kamu mengalami kendala. Kamu bisa menghubungi kami melalui https://www.traveloka.com/id-id/contactus untuk dapat kami cek lebih lanjut. Terima kasih. -AH",2023-04-24 11:44:28,3.74.0
Ashifa Alzahra,memuaskan,5,3.76.0,2023-04-24 11:25:25,"Halo Kak, terima kasih banyak atas ratingnya, semoga Kakak tetap nyaman dan selau setia menjadi pelanggan Traveloka. Yuk Kak pantengin terus Traveloka Lifestyle Super App karna kami selalu berikan promo-promo yg menarik loooh, jangan sampai ketinggalan ya :)",2023-04-24 11:42:08,3.76.0
ULFA HUSNA,Fast respon,5,3.76.0,2023-04-24 11:25:01,"Hi, we are so grateful to get a lot of support from you. Hope you continue to enjoy our offers. If you have any feedback or suggestions, let us know on https://www.traveloka.com/contactus, our customer service would love to serve you in 24 hours. Thank you!",2023-04-24 11:42:10,3.76.0
Tedy Rahayudi,sangat membantu sekali 👍,5,3.76.0,2023-04-24 11:21:49,"Hi Kak, terima kasih atas feedbacknya, semoga Kakak tetap setia dengan Traveloka. Jika ada pertanyaan lain bisa langsung infokan pada kami di https://www.traveloka.com/contactus ya, Kak. Pantau terus Traveloka Lifestyle Super App untuk penawaran spesial lainnya!",2023-04-24 11:42:13,3.76.0
Yudorio Vlog,Segini saja cukup,3,3.74.1,2023-04-24 10:54:42,Makasih ya Kak Yudorio sudah setia bersama Traveloka :)) -DZ,2023-04-24 11:18:06,3.74.1
Aguslam N. Hampeng,satu aplikasi untuk semua perjalanan. kemanapun cukup dengan Traveloka.,5,3.76.0,2023-04-24 10:48:19,"Halo Kak, terima kasih banyak atas ratingnya, semoga Kakak tetap nyaman dan selau setia menjadi pelanggan Traveloka. Yuk Kak pantengin terus Traveloka Lifestyle Super App karna kami selalu berikan promo-promo yg menarik loooh, jangan sampai ketinggalan ya :)",2023-04-24 11:12:08,3.76.0
Newbie Always,"Gila traveloka ini, harga nya jauh lebih mahal dibanding dengan harga langsung on the spot. Setiap pesan hotel saya slalu cek dulu sama / lebih murah harganya, dan setelah beberapa kali pesan hotel pasti traveloka lebih mahal 20-30%",1,3.76.0,2023-04-24 10:46:56,Hai Kak. Pada dasarnya untuk harga merupakan update langsung dari pihak penyedia ya. Mimin sarankan kamu bisa cek berkala untuk harga yang diinginkan. Terima kasih. -KA,2023-04-24 11:13:29,3.76.0
Simon Petrus Purba Tamsar,Direkomendasikan,5,,2023-04-24 10:40:20,"Halo Kak, terima kasih banyak atas ratingnya, semoga Kakak tetap nyaman dan selau setia menjadi pelanggan Traveloka. Yuk Kak pantengin terus Traveloka Lifestyle Super App karna kami selalu berikan promo-promo yg menarik loooh, jangan sampai ketinggalan ya :)",2023-04-24 10:42:13,
Della Suzura,bagus,5,3.76.0,2023-04-24 10:35:58,"Hi Kak, senang banget nih dapat rating bagus dari Kakak, terima kasih juga atas feedbacknya! Kenyamanan Kakak adalah prioritas Kami, jika ada pertanyaan lainnya jangan sungkan ya untuk infokan pada kami di https://www.traveloka.com/contactus . Jangan sampai ketinggalan penawaran menarik lainnya di Traveloka Lifestye Super Apps.",2023-04-24 10:42:16,3.76.0
Abud Budiman,good,5,3.76.0,2023-04-24 10:34:37,Thank you for leaving a good comment to us. Let us know if you have any suggestion for improvement through https://www.traveloka.com/contactus . Stay around for more interesting offers from Traveloka Lifestyle Super App!,2023-04-24 10:42:18,3.76.0
A Aripin,good,5,3.76.0,2023-04-24 10:21:46,"Hi, thank you very much for the positive review! Please feel free to contact us at https://www.traveloka.com/contactus we're more than happy to assist you and Stay tuned for more exciting offers on Traveloka Lifestyle Super App.",2023-04-24 10:42:20,3.76.0
agus darma yudha,sangat cocok Dan membuat lebih simpel,5,3.70.1,2023-04-24 09:39:40,"Halo Kak, terima kasih banyak atas ratingnya, semoga Kakak tetap nyaman dan selau setia menjadi pelanggan Traveloka. Yuk Kak pantengin terus Traveloka Lifestyle Super App karna kami selalu berikan promo-promo yg menarik loooh, jangan sampai ketinggalan ya :)",2023-04-24 09:42:06,3.70.1
Amang,semoga menjadi langgan terbaik,5,3.76.0,2023-04-24 09:10:02,"Halo Kak, terima kasih banyak atas ratingnya, semoga Kakak tetap nyaman dan selau setia menjadi pelanggan Traveloka. Yuk Kak pantengin terus Traveloka Lifestyle Super App karna kami selalu berikan promo-promo yg menarik loooh, jangan sampai ketinggalan ya :)",2023-04-24 09:12:07,3.76.0
Larasati Menik,Pembayaran g ada fitur VA,2,,2023-04-24 09:09:37,"Hai Menik, maaf ya sudah membuatmu kecewa. Dipastikan untuk kenyamanan pengguna Traveloka, kami akan perbaiki & tingkatkan performa Traveloka. Kalau kamu memiliki kendala, mohon hubungi kami melalui tautan ini https://www.traveloka.com/id-id/contactus. Terima kasih. -NT",2023-04-24 09:14:20,
Rico Lionardo,mantab,5,3.76.0,2023-04-24 08:53:27,"Hi Kak, terima kasih atas feedbacknya, semoga Kakak tetap setia dengan Traveloka. Jika ada pertanyaan lain bisa langsung infokan pada kami di https://www.traveloka.com/contactus ya, Kak. Pantau terus Traveloka Lifestyle Super App untuk penawaran spesial lainnya!",2023-04-24 09:12:16,3.76.0
JHUZ,bagus,5,3.76.0,2023-04-24 08:33:31,"Halo Kak, terima kasih banyak atas ratingnya, semoga Kakak tetap nyaman dan selau setia menjadi pelanggan Traveloka. Yuk Kak pantengin terus Traveloka Lifestyle Super App karna kami selalu berikan promo-promo yg menarik loooh, jangan sampai ketinggalan ya :)",2023-04-24 08:42:05,3.76.0
Dominggus B,ok,1,3.51.2,2023-04-24 08:21:29,"Hai Dominggus, kami meminta maaf atas kendala yang kamu alami. Kamu dapat menghubungi kami melalui https://www.traveloka.com/id-id/contactus agar masalahmu bisa diselesaikan secepat mungkin. Terima kasih. -OE",2023-04-24 08:44:44,3.51.2
Hendra Sakti,"memesan tiket maupun booking hotel, traveloka sangat membantu jadi lebih mudah..",5,3.76.0,2023-04-24 07:52:23,"Halo Kak, terima kasih banyak atas ratingnya, semoga Kakak tetap nyaman dan selau setia menjadi pelanggan Traveloka. Yuk Kak pantengin terus Traveloka Lifestyle Super App karna kami selalu berikan promo-promo yg menarik loooh, jangan sampai ketinggalan ya :)",2023-04-24 08:12:06,3.76.0
Novita Sulistyowati,mempermudah pemesanan hotel,5,3.76.0,2023-04-24 07:36:25,"Halo Kak, terima kasih banyak atas ratingnya, semoga Kakak tetap nyaman dan selau setia menjadi pelanggan Traveloka. Yuk Kak pantengin terus Traveloka Lifestyle Super App karna kami selalu berikan promo-promo yg menarik loooh, jangan sampai ketinggalan ya :)",2023-04-24 07:42:06,3.76.0
Wawan Septianto,cepat aman gk ribet,5,3.76.0,2023-04-24 07:06:18,"Halo Kak, terima kasih banyak atas ratingnya, semoga Kakak tetap nyaman dan selau setia menjadi pelanggan Traveloka. Yuk Kak pantengin terus Traveloka Lifestyle Super App karna kami selalu berikan promo-promo yg menarik loooh, jangan sampai ketinggalan ya :)",2023-04-24 07:12:09,3.76.0
Rindesi Silviana,selalu tepat,5,3.76.0,2023-04-24 06:55:26,"Hi Kak, senang banget nih dapat rating bagus dari Kakak, terima kasih juga atas feedbacknya! Kenyamanan Kakak adalah prioritas Kami, jika ada pertanyaan lainnya jangan sungkan ya untuk infokan pada kami di https://www.traveloka.com/contactus . Jangan sampai ketinggalan penawaran menarik lainnya di Traveloka Lifestye Super Apps.",2023-04-24 07:12:12,3.76.0
Iwan Setiawan,Very Good Application,5,3.76.0,2023-04-24 06:50:15,Thank you for leaving a good comment to us. Let us know if you have any suggestion for improvement through https://www.traveloka.com/contactus . Stay around for more interesting offers from Traveloka Lifestyle Super App!,2023-04-24 07:12:14,3.76.0
Mukhlis Ully,terpercaya,4,3.64.0,2023-04-24 06:47:30,"Halo Kak, terima kasih banyak atas ratingnya, semoga Kakak tetap nyaman dan selau setia menjadi pelanggan Traveloka. Yuk Kak pantengin terus Traveloka Lifestyle Super App karna kami selalu berikan promo-promo yg menarik loooh, jangan sampai ketinggalan ya :)",2023-04-24 07:12:17,3.64.0
nando7 beatles7,cepat,5,3.76.0,2023-04-24 06:24:47,"Halo Kak, terima kasih banyak atas ratingnya, semoga Kakak tetap nyaman dan selau setia menjadi pelanggan Traveloka. Yuk Kak pantengin terus Traveloka Lifestyle Super App karna kami selalu berikan promo-promo yg menarik loooh, jangan sampai ketinggalan ya :)",2023-04-24 06:42:15,3.76.0
Awan Kur,sangat mantap,5,3.75.0,2023-04-24 06:09:42,"Halo Kak, terima kasih banyak atas ratingnya, semoga Kakak tetap nyaman dan selau setia menjadi pelanggan Traveloka. Yuk Kak pantengin terus Traveloka Lifestyle Super App karna kami selalu berikan promo-promo yg menarik loooh, jangan sampai ketinggalan ya :)",2023-04-24 06:12:07,3.75.0
Saskya Faradilla,Mantap,5,3.76.0,2023-04-24 05:50:24,"Hi Kak, senang banget nih dapat rating bagus dari Kakak, terima kasih juga atas feedbacknya! Kenyamanan Kakak adalah prioritas Kami, jika ada pertanyaan lainnya jangan sungkan ya untuk infokan pada kami di https://www.traveloka.com/contactus . Jangan sampai ketinggalan penawaran menarik lainnya di Traveloka Lifestye Super Apps.",2023-04-24 06:12:10,3.76.0
Alisa Putri,Alisa putri Hutahaean,5,3.76.0,2023-04-24 05:32:05,"Halo Kak, terima kasih banyak atas ratingnya, semoga Kakak tetap nyaman dan selau setia menjadi pelanggan Traveloka. Yuk Kak pantengin terus Traveloka Lifestyle Super App karna kami selalu berikan promo-promo yg menarik loooh, jangan sampai ketinggalan ya :)",2023-04-24 05:42:07,3.76.0
Isty Azka,sangat membantu bgus,5,3.76.0,2023-04-24 05:19:54,"Hi Kak, senang banget nih dapat rating bagus dari Kakak, terima kasih juga atas feedbacknya! Kenyamanan Kakak adalah prioritas Kami, jika ada pertanyaan lainnya jangan sungkan ya untuk infokan pada kami di https://www.traveloka.com/contactus . Jangan sampai ketinggalan penawaran menarik lainnya di Traveloka Lifestye Super Apps.",2023-04-24 05:42:09,3.76.0
Ober Ali Shadikin Ober,ok,5,3.72.0,2023-04-24 05:06:42,"Hi, thank you very much for the positive review! Please feel free to contact us at https://www.traveloka.com/contactus we're more than happy to assist you and Stay tuned for more exciting offers on Traveloka Lifestyle Super App.",2023-04-24 05:12:07,3.72.0
terly maulana,"bagus banyak promo, sangat baik",5,3.76.0,2023-04-24 05:00:27,"Hi Kak, senang banget nih dapat rating bagus dari Kakak, terima kasih juga atas feedbacknya! Kenyamanan Kakak adalah prioritas Kami, jika ada pertanyaan lainnya jangan sungkan ya untuk infokan pada kami di https://www.traveloka.com/contactus . Jangan sampai ketinggalan penawaran menarik lainnya di Traveloka Lifestye Super Apps.",2023-04-24 05:12:11,3.76.0
zulkarnain ramadhan,terima sudah membantu dalam keadaan genting,5,3.72.0,2023-04-24 04:50:55,"Hi Kak, terima kasih atas feedbacknya, semoga Kakak tetap setia dengan Traveloka. Jika ada pertanyaan lain bisa langsung infokan pada kami di https://www.traveloka.com/contactus ya, Kak. Pantau terus Traveloka Lifestyle Super App untuk penawaran spesial lainnya!",2023-04-24 05:12:15,3.72.0
Nining_ Y,"Capek we, ga bisa berkata-kata lagi deh :""(,.. sebelum update appnya :), setelah update :'(... Sumpah gw bukannya untung, malah buntung. Bring back all of my m*ney. Bringgg it back to me!!!! Kembaliin! Nominalnya gede itu buatkuT-T",1,3.76.0,2023-04-24 04:40:17,"Halo Nining. Mohon maaf atas ketidaknyamanan yang kamu alami. Terkait kendala kamu, silakan menghubungi kami melalui https://www.traveloka.com/id-id/contactus untuk pengecekan lebih lanjut. Terima kasih. -MZ",2023-04-24 04:47:27,3.76.0
BAHRUL ULUM,cepat dan sangat praktis,5,3.76.0,2023-04-24 04:38:08,"Halo Kak, terima kasih banyak atas ratingnya, semoga Kakak tetap nyaman dan selau setia menjadi pelanggan Traveloka. Yuk Kak pantengin terus Traveloka Lifestyle Super App karna kami selalu berikan promo-promo yg menarik loooh, jangan sampai ketinggalan ya :)",2023-04-24 04:42:07,3.76.0
dee anggoro,ok good,5,3.76.0,2023-04-24 04:27:00,"Hi, we are so grateful to get a lot of support from you. Hope you continue to enjoy our offers. If you have any feedback or suggestions, let us know on https://www.traveloka.com/contactus, our customer service would love to serve you in 24 hours. Thank you!",2023-04-24 04:42:10,3.76.0
Hilman Daulay,oke,5,3.76.0,2023-04-24 04:16:07,"Hai, Hilman. Terima kasih untuk review dan bintang 5 yang kamu berikan ya, mimin senang banget deh lihatnya hehehe. Sehat dan sukses selalu buat kamu serta keluarga. Mimin tunggu pesanan kamu selanjutnya :) -AM",2023-04-24 04:45:46,3.76.0
Slamet Ryanto,good,5,3.76.0,2023-04-24 04:12:20,Thank you for leaving a good comment to us. Let us know if you have any suggestion for improvement through https://www.traveloka.com/contactus . Stay around for more interesting offers from Traveloka Lifestyle Super App!,2023-04-24 04:42:14,3.76.0
Agus Sofyan,ok,5,3.76.0,2023-04-24 03:53:52,"Hi, we are so grateful to get a lot of support from you. Hope you continue to enjoy our offers. If you have any feedback or suggestions, let us know on https://www.traveloka.com/contactus, our customer service would love to serve you in 24 hours. Thank you!",2023-04-24 04:12:08,3.76.0
Jefry Karoma,siip,5,3.65.0,2023-04-24 03:52:37,Thank you for leaving a good comment to us. Let us know if you have any suggestion for improvement through https://www.traveloka.com/contactus . Stay around for more interesting offers from Traveloka Lifestyle Super App!,2023-04-24 04:12:11,3.65.0
Fathur Rahman,mantap dan terpercaya,5,3.76.0,2023-04-24 03:15:05,"Halo Kak, terima kasih banyak atas ratingnya, semoga Kakak tetap nyaman dan selau setia menjadi pelanggan Traveloka. Yuk Kak pantengin terus Traveloka Lifestyle Super App karna kami selalu berikan promo-promo yg menarik loooh, jangan sampai ketinggalan ya :)",2023-04-24 03:42:09,3.76.0
Deka Mariana,mantap,5,3.76.0,2023-04-24 02:53:14,"Halo Kak, terima kasih banyak atas ratingnya, semoga Kakak tetap nyaman dan selau setia menjadi pelanggan Traveloka. Yuk Kak pantengin terus Traveloka Lifestyle Super App karna kami selalu berikan promo-promo yg menarik loooh, jangan sampai ketinggalan ya :)",2023-04-24 03:12:06,3.76.0
Bunga Anggriani,tethaik,5,3.76.0,2023-04-24 02:40:45,"Hai, Bunga. Terima kasih untuk bintang 5 yang kamu berikan ya, mimin senang banget deh lihatnya hehehe. Sehat dan sukses selalu buat kamu serta keluarga. Mimin tunggu pesanan kamu selanjutnya :) -AM",2023-04-24 02:44:38,3.76.0
andi andri,baik,5,3.73.0,2023-04-24 02:35:03,"Halo Kak, terima kasih banyak atas ratingnya, semoga Kakak tetap nyaman dan selau setia menjadi pelanggan Traveloka. Yuk Kak pantengin terus Traveloka Lifestyle Super App karna kami selalu berikan promo-promo yg menarik loooh, jangan sampai ketinggalan ya :)",2023-04-24 02:42:09,3.73.0
ARIE PRATAMA,sip lah,5,3.72.0,2023-04-24 02:26:32,"Hi Kak, senang banget nih dapat rating bagus dari Kakak, terima kasih juga atas feedbacknya! Kenyamanan Kakak adalah prioritas Kami, jika ada pertanyaan lainnya jangan sungkan ya untuk infokan pada kami di https://www.traveloka.com/contactus . Jangan sampai ketinggalan penawaran menarik lainnya di Traveloka Lifestye Super Apps.",2023-04-24 02:42:12,3.72.0
Wilayah Barat,baik,5,3.76.0,2023-04-24 02:23:59,"Hi Kak, terima kasih atas feedbacknya, semoga Kakak tetap setia dengan Traveloka. Jika ada pertanyaan lain bisa langsung infokan pada kami di https://www.traveloka.com/contactus ya, Kak. Pantau terus Traveloka Lifestyle Super App untuk penawaran spesial lainnya!",2023-04-24 02:42:15,3.76.0
noor saputera,terimakasih,5,3.76.0,2023-04-24 02:15:58,"Halo Kak, terima kasih banyak atas ratingnya, semoga Kakak tetap nyaman dan selau setia menjadi pelanggan Traveloka. Yuk Kak pantengin terus Traveloka Lifestyle Super App karna kami selalu berikan promo-promo yg menarik loooh, jangan sampai ketinggalan ya :)",2023-04-24 02:42:17,3.76.0
Ihsan Saiful,Susah banget daptar data ngajuin playlater Di tolak harus nunggu daptar 6 bulan lagi Lebih baik gak usah Enak pitur yg dulu ga ribet,3,3.76.0,2023-04-24 02:15:24,"Hai, Ihsan. Mohon maaf atas ketidaknyamanannya. Anda dapat mengajukan aplikasi PayLater jika Anda memenuhi semua kriteria. Jika Anda telah memenuhi semua persyaratan namun tertolak, bisa terjadi karena detail informasi tidak sesuai dengan dokumen yang diberikan. Info lebih lanjut, hubungi https://www.traveloka.com/id-id/contactus. Terima kasih. -OE",2023-04-24 02:52:08,3.76.0
Muazzin Khatibul Imam,"Sudh bersihkan cache, data on dan kenceng, tapi ada maslah dgan jaringan trus, aplikasi yg lain aman2 aja dibuka",1,3.76.0,2023-04-24 01:51:19,"Halo Muazzin. Mohon maaf atas ketidaknyamanan yang kamu alami. Terkait kendala kamu, kami sarankan untuk re-install aplikasi Traveloka kamu dan silakan log in kembali dengan akun yang sudah terdaftar ya. Terima kasih. -MZ",2023-04-24 02:14:53,3.76.0
Inten Inten,"Assalamualaikum? Semoga selamat sampai tujuan pulang kembali insha Allah jare penceramah Amin..,?🙏💚💛🧡❤️😃🙏",5,,2023-04-24 01:38:07,"Halo Kak, terima kasih banyak atas ratingnya, semoga Kakak tetap nyaman dan selau setia menjadi pelanggan Traveloka. Yuk Kak pantengin terus Traveloka Lifestyle Super App karna kami selalu berikan promo-promo yg menarik loooh, jangan sampai ketinggalan ya :)",2023-04-24 01:42:08,
Puji Suryanto,bagus,4,3.64.0,2023-04-24 01:31:51,"Hi Kak, senang banget nih dapat rating bagus dari Kakak, terima kasih juga atas feedbacknya! Kenyamanan Kakak adalah prioritas Kami, jika ada pertanyaan lainnya jangan sungkan ya untuk infokan pada kami di https://www.traveloka.com/contactus . Jangan sampai ketinggalan penawaran menarik lainnya di Traveloka Lifestye Super Apps.",2023-04-24 01:42:11,3.64.0
Kris Yanto,ok,3,3.76.0,2023-04-24 01:22:21,"Hai, Kris. Terima kasih untuk review-nya ya. Kalau ada yang ingin kamu tanyakan seputar Traveloka, jangan ragu hubungi mimin melalui layanan pengaduan customer di laman https://www.traveloka.com/contactus. Dengan senang hati mimin akan membantu. Terima kasih :) -AM",2023-04-24 01:45:46,3.76.0
Syahrul Mubarok,"Boxing bis ga sesuai tujuan padahal di aplikasi nya tujuan nya udah bener , tolong di perjelas bagi pengguna baru kaya saya blm tahu . Terimakasih",2,3.76.0,2023-04-24 01:18:44,"Hai Syahrul, mohon maaf sudah buat kamu ga nyaman. Pada dasarnya Traveloka pasti akan memunculkan pop up untuk memastikan apakah pesanan kamu sudah sesuai atau belum. Untuk dapat kami lakukan pengecekan lebih lanjut mengenai kendala kamu mohon hubungi kami melalui https://www.traveloka.com/id-id/contactus ya. Terima kasih. -NA",2023-04-24 01:45:17,3.76.0
toriq ariq,ok,5,3.76.0,2023-04-24 00:53:21,"Hi, thank you very much for the positive review! Please feel free to contact us at https://www.traveloka.com/contactus we're more than happy to assist you and Stay tuned for more exciting offers on Traveloka Lifestyle Super App.",2023-04-24 01:12:14,3.76.0
Yustina Palimbo,good,5,3.76.0,2023-04-24 00:42:04,"Hi, we are so grateful to get a lot of support from you. Hope you continue to enjoy our offers. If you have any feedback or suggestions, let us know on https://www.traveloka.com/contactus, our customer service would love to serve you in 24 hours. Thank you!",2023-04-24 01:12:17,3.76.0
robby binur,mantap,5,3.72.0,2023-04-24 00:25:42,"Halo Kak, terima kasih banyak atas ratingnya, semoga Kakak tetap nyaman dan selau setia menjadi pelanggan Traveloka. Yuk Kak pantengin terus Traveloka Lifestyle Super App karna kami selalu berikan promo-promo yg menarik loooh, jangan sampai ketinggalan ya :)",2023-04-24 00:42:06,3.72.0
Ardi Ncis,baik,5,3.76.0,2023-04-23 23:53:01,"Halo Kak, terima kasih banyak atas ratingnya, semoga Kakak tetap nyaman dan selau setia menjadi pelanggan Traveloka. Yuk Kak pantengin terus Traveloka Lifestyle Super App karna kami selalu berikan promo-promo yg menarik loooh, jangan sampai ketinggalan ya :)",2023-04-24 00:12:08,3.76.0
Naya rara,selalu pakai traveloka,5,3.76.0,2023-04-23 23:49:54,"Hi Kak, senang banget nih dapat rating bagus dari Kakak, terima kasih juga atas feedbacknya! Kenyamanan Kakak adalah prioritas Kami, jika ada pertanyaan lainnya jangan sungkan ya untuk infokan pada kami di https://www.traveloka.com/contactus . Jangan sampai ketinggalan penawaran menarik lainnya di Traveloka Lifestye Super Apps.",2023-04-24 00:12:11,3.76.0
Sasanti Tri Utami,perdana pakai aplikasi sungguh memuaskan,5,3.76.0,2023-04-23 23:47:23,"Hi Kak, terima kasih atas feedbacknya, semoga Kakak tetap setia dengan Traveloka. Jika ada pertanyaan lain bisa langsung infokan pada kami di https://www.traveloka.com/contactus ya, Kak. Pantau terus Traveloka Lifestyle Super App untuk penawaran spesial lainnya!",2023-04-24 00:12:14,3.76.0
Mohd Natsir S A,"Waw sangat bagus semua nya berjalan lancar dan akurat ,terima kasih",5,,2023-04-23 23:35:00,"Halo Kak, terima kasih banyak atas ratingnya, semoga Kakak tetap nyaman dan selau setia menjadi pelanggan Traveloka. Yuk Kak pantengin terus Traveloka Lifestyle Super App karna kami selalu berikan promo-promo yg menarik loooh, jangan sampai ketinggalan ya :)",2023-04-23 23:42:09,
Sisy Fransisca,ok baik sekali,5,3.76.0,2023-04-23 22:50:55,"Hai, Kak Sisy. Terima kasih atas ratingnya ya Kak. Mimin tunggu pemesanan kamu ya. Semoga sehat selalu 😊 -RZ",2023-04-23 23:15:46,3.76.0
Siti marfungah Marfungah,sangat memudahkan,5,3.76.0,2023-04-23 21:31:43,"Halo Kak, terima kasih banyak atas ratingnya, semoga Kakak tetap nyaman dan selau setia menjadi pelanggan Traveloka. Yuk Kak pantengin terus Traveloka Lifestyle Super App karna kami selalu berikan promo-promo yg menarik loooh, jangan sampai ketinggalan ya :)",2023-04-23 21:42:06,3.76.0
Ukar M,"mantap, cepet",4,3.76.0,2023-04-23 20:19:31,"Halo Kak, terima kasih banyak atas ratingnya, semoga Kakak tetap nyaman dan selau setia menjadi pelanggan Traveloka. Yuk Kak pantengin terus Traveloka Lifestyle Super App karna kami selalu berikan promo-promo yg menarik loooh, jangan sampai ketinggalan ya :)",2023-04-23 20:42:06,3.76.0
Teguh Sudrajat,"ui dan ux nya baguss mantull, kalau bisa tambahin cart / keranjang",5,3.76.0,2023-04-23 19:42:31,"Halo Kak, terima kasih banyak atas ratingnya, semoga Kakak tetap nyaman dan selau setia menjadi pelanggan Traveloka. Yuk Kak pantengin terus Traveloka Lifestyle Super App karna kami selalu berikan promo-promo yg menarik loooh, jangan sampai ketinggalan ya :)",2023-04-23 20:12:06,3.76.0
indri dyah savitri,"Harusnya traveloka lebih selektif cari partner hotel, krn hotel yg tidak layak dihuni bisa diiklankan oleh traveloka, coba cek hotel ogh doni di jogja (pintu tidak bisa ditutup dan dikunci, tidak ada minum, handuk, tidak ada peralatan mandi). Masih bagus kamar kos.",1,3.76.0,2023-04-23 19:04:05,"Hai Kak Indri. Mohon maaf atas ketidaknyamanannya, kami sarankan sebelum melakukan pemesanan Hotel, pastikan terlebih dahulu fasilitas yang kamu dapatkan. Untuk Hotel terbaik, kamu dapat pilih Hotel yang tertera bintang 5 saat melakukan pemesanan ya. Jika ada kendala kamu bisa hubungi kami melalui pesan di aplikasi Traveloka kamu. Terima kasih. -FR",2023-04-23 19:14:51,3.76.0
Joki Abidin,Tolong verifikasi pay later dong,5,,2023-04-23 16:49:43,"Hai Abidin, maaf banget buat kamu gak nyaman, pada dasarnya untuk kebijakan verifikasi pengajuan PayLater kamu mengikuti kebijakan dari tim Analyst PayLater kami Kak. kalau kakak butuh bantuan kembali bisa hubungi langsung ke akun IG PayLater Traveloka https://www.instagram.com/travelokapaylater/ ya. Makasih.
",2023-04-23 17:13:57,
Diah Priditia,"sangat membantu jika ingin staycation bareng keluarga,,punya byk recommended dr mulai tiket pesawat sampe hotel/apartment",5,3.76.0,2023-04-23 15:22:45,"Halo Kak, terima kasih banyak atas ratingnya, semoga Kakak tetap nyaman dan selau setia menjadi pelanggan Traveloka. Yuk Kak pantengin terus Traveloka Lifestyle Super App karna kami selalu berikan promo-promo yg menarik loooh, jangan sampai ketinggalan ya :)",2023-04-23 15:42:08,3.76.0
Ari Sutisna,top,5,3.76.0,2023-04-23 15:11:24,"Hi, thank you very much for the positive review! Please feel free to contact us at https://www.traveloka.com/contactus we're more than happy to assist you and Stay tuned for more exciting offers on Traveloka Lifestyle Super App.",2023-04-23 15:12:16,3.76.0
Ani Suwarni,"Sudah 4 kali pesan hotel via traveloka dan bermasalah, 2 masalah hotel sudah tidak bekerka sama lagi dan 2 sudah booking dan pembayaran tapi ternyata sampai di hotel room penuh",1,3.75.0,2023-04-23 14:50:12,"Hai Ani. Mohon maaf sekali jika terdapat kendala pada pemesanan kamu. Pada dasarnya kamu bisa hubungi kami melalui email di cs@traveloka.com atau via pesan di aplikasi Traveloka kamu, agar dapat kami bantu lebih lanjut ya Kak. Kami tunggu konfrimasinya. Terima kasih. -FR",2023-04-23 15:15:59,3.75.0
prima effendy,bagus,5,3.76.0,2023-04-23 14:38:01,"Halo Kak, terima kasih banyak atas ratingnya, semoga Kakak tetap nyaman dan selau setia menjadi pelanggan Traveloka. Yuk Kak pantengin terus Traveloka Lifestyle Super App karna kami selalu berikan promo-promo yg menarik loooh, jangan sampai ketinggalan ya :)",2023-04-23 14:42:07,3.76.0
Fardian Bheba,proses ny cepat,4,3.76.0,2023-04-23 14:09:29,"Halo Kak, terima kasih banyak atas ratingnya, semoga Kakak tetap nyaman dan selau setia menjadi pelanggan Traveloka. Yuk Kak pantengin terus Traveloka Lifestyle Super App karna kami selalu berikan promo-promo yg menarik loooh, jangan sampai ketinggalan ya :)",2023-04-23 14:12:07,3.76.0
Redy Rey,puas,5,3.76.0,2023-04-23 14:08:51,"Makasih sudah menjadi pelanggan setia Traveloka ya, Redy :). -OR",2023-04-23 14:14:55,3.76.0
Popi Permata,Ko saya g ada aplikasi bioskop nya di dalam traveloka,2,,2023-04-23 13:57:46,"Hai Kak Popi, sebagai strategi bisnis dan prioritas perusahaan, saat ini Traveloka sudah menghentikan layanan film sejak 6 Februari 2023 pukul 00:00. Oleh karena itu, layanan Movies tidak lagi dapat ditemukan dan dipesan melalui Traveloka. Terima kasih atas antusias kamu selama ini -DZ",2023-04-23 14:15:38,
Devina Inka,Fitur bioskop kenapa sudah tidak tersedia ya?,1,3.76.0,2023-04-23 13:35:10,"Hai Devina, maaf ya atas ketidaknyamanannya. Kami telah menghentikan layanan Movies dari penyedia CGV sejak tanggal 6 Februari 2023 pada Pukul 00:00. Oleh karena itu, layanan Movies dari penyedia CGV tidak lagi dapat ditemukan dan dipesan melalui Traveloka. Jika ada pertanyaan lain, silakan dapat hubungi kami melalui email cs@traveloka.com ya. -CA",2023-04-23 13:47:34,3.76.0
Gery Suganda,bagus,5,3.76.0,2023-04-23 13:26:30,"Halo Kak, terima kasih banyak atas ratingnya, semoga Kakak tetap nyaman dan selau setia menjadi pelanggan Traveloka. Yuk Kak pantengin terus Traveloka Lifestyle Super App karna kami selalu berikan promo-promo yg menarik loooh, jangan sampai ketinggalan ya :)",2023-04-23 13:42:08,3.76.0
Iskandar Mr,Oke banget,5,3.76.0,2023-04-23 13:03:41,"Halo Kak, terima kasih banyak atas ratingnya, semoga Kakak tetap nyaman dan selau setia menjadi pelanggan Traveloka. Yuk Kak pantengin terus Traveloka Lifestyle Super App karna kami selalu berikan promo-promo yg menarik loooh, jangan sampai ketinggalan ya :)",2023-04-23 13:12:06,3.76.0
johansen banjarnahor,baikk,4,3.76.0,2023-04-23 13:01:53,"Hai, Johansen. Senang sekali menerima bintang 4 dari kamu. Terima kasih juga atas feedbacknya, karena kenyamanan kamu adalah prioritas kami. Semoga kedepannya Traveloka bisa dapat bintang 5 dari kamu ya. -SM",2023-04-23 13:15:35,3.76.0
Saifuddin rahman,mantap,5,3.37.0,2023-04-23 12:36:02,"Halo Kak, terima kasih banyak atas ratingnya, semoga Kakak tetap nyaman dan selau setia menjadi pelanggan Traveloka. Yuk Kak pantengin terus Traveloka Lifestyle Super App karna kami selalu berikan promo-promo yg menarik loooh, jangan sampai ketinggalan ya :)",2023-04-23 12:42:06,3.37.0
Lidia Yulianto,"Sangat kecewa berat saya Saya pesan kamar di traveloka denganharga asli yang tertulis dengan harga 549.000 menjadi 413.000 karna ada diskon dan lagi saat lebaran saya liat kamarnya yang diterapkan di foto berbeda dengan harga aslinya yang di beri tahu oleh pihak hotel adalah ""118.000 - 200.000"" saja kenapa saya malah diberi harga 494.636 saya benar-benar sangatttttt kecewa BERAT pihak hotel juga bilang tidak ada harga sampai 400.000 an tidak ada paling mahal hanya 200.000 SAYA SANGAT KECEWA",1,3.76.0,2023-04-23 12:33:20,"Halo Lidia, mohon maaf banget ketidaknyamanan ini ya. Boleh infokan nomor pesanannya melalui tautan ini https://www.traveloka.com/id-id/contactus untuk pengecekan lebih lanjut. Terima kasih. -OR",2023-04-23 12:47:03,3.76.0
Viola Rachma,bagus,5,3.69.0,2023-04-23 12:32:15,"Hi Kak, senang banget nih dapat rating bagus dari Kakak, terima kasih juga atas feedbacknya! Kenyamanan Kakak adalah prioritas Kami, jika ada pertanyaan lainnya jangan sungkan ya untuk infokan pada kami di https://www.traveloka.com/contactus . Jangan sampai ketinggalan penawaran menarik lainnya di Traveloka Lifestye Super Apps.",2023-04-23 12:42:09,3.69.0
Sanjaya Saputra,Opsional,1,,2023-04-23 12:26:24,"Hai, Sanjaya. Mohon maaf atas ketidaknyamanan yang Kamu alami. Untuk membantu kami memahami kendala kamu, mohon bantuannya untuk menginformasikan detail kendala yang dimaksud beserta nomor pesanan kamu (jika ada) melalui pesan pada aplikasi kamu atau melalui email ke cs@traveloka.com. Agar kami bantu lebih cek lebih lanjut. Terima kasih. -CA",2023-04-23 12:43:28,
Agus Romie,sangat baik,5,3.75.0,2023-04-23 12:15:42,"Hi Kak, terima kasih atas feedbacknya, semoga Kakak tetap setia dengan Traveloka. Jika ada pertanyaan lain bisa langsung infokan pada kami di https://www.traveloka.com/contactus ya, Kak. Pantau terus Traveloka Lifestyle Super App untuk penawaran spesial lainnya!",2023-04-23 12:42:12,3.75.0
Titi Sumiati,cepaaat bgt & mudah,5,,2023-04-23 12:14:39,"Halo Kak, terima kasih banyak atas ratingnya, semoga Kakak tetap nyaman dan selau setia menjadi pelanggan Traveloka. Yuk Kak pantengin terus Traveloka Lifestyle Super App karna kami selalu berikan promo-promo yg menarik loooh, jangan sampai ketinggalan ya :)",2023-04-23 12:42:15,
Putra Aja,ok,5,3.76.0,2023-04-23 11:53:50,"Hi, thank you very much for the positive review! Please feel free to contact us at https://www.traveloka.com/contactus we're more than happy to assist you and Stay tuned for more exciting offers on Traveloka Lifestyle Super App.",2023-04-23 12:12:05,3.76.0
Lana Lana,bagus,5,3.76.0,2023-04-23 10:50:25,"Halo Kak, terima kasih banyak atas ratingnya, semoga Kakak tetap nyaman dan selau setia menjadi pelanggan Traveloka. Yuk Kak pantengin terus Traveloka Lifestyle Super App karna kami selalu berikan promo-promo yg menarik loooh, jangan sampai ketinggalan ya :)",2023-04-23 11:12:09,3.76.0
Syahid Muhamad,sangat bermanfaat penggunaannya yg SGT simpel pembayaran pun bisa di mini market.traveloka akan lebih baik lagi kalo ada fitu simpan uang kayak shopeepay misalnya.dan juga bisa transfer uang👍👍👍👍👍👍👍👍👍,5,3.76.0,2023-04-23 10:48:10,"Hi Kak, terima kasih atas feedbacknya, semoga Kakak tetap setia dengan Traveloka. Jika ada pertanyaan lain bisa langsung infokan pada kami di https://www.traveloka.com/contactus ya, Kak. Pantau terus Traveloka Lifestyle Super App untuk penawaran spesial lainnya!",2023-04-12 05:12:11,3.76.0
Suhendi Abu Haidar,Lumayan,3,3.76.0,2023-04-23 09:37:19,Makasih ya Kak Suhendi sudah setia bersama Traveloka :)) -DZ,2023-04-23 09:44:48,3.76.0
mukti aji prayoga,baik,5,3.76.0,2023-04-23 09:04:48,"Halo Kak, terima kasih banyak atas ratingnya, semoga Kakak tetap nyaman dan selau setia menjadi pelanggan Traveloka. Yuk Kak pantengin terus Traveloka Lifestyle Super App karna kami selalu berikan promo-promo yg menarik loooh, jangan sampai ketinggalan ya :)",2023-04-23 09:12:06,3.76.0
Yudhi Setiawan,Cukup membantu.,5,3.76.0,2023-04-23 07:12:25,"Halo Kak, terima kasih banyak atas ratingnya, semoga Kakak tetap nyaman dan selau setia menjadi pelanggan Traveloka. Yuk Kak pantengin terus Traveloka Lifestyle Super App karna kami selalu berikan promo-promo yg menarik loooh, jangan sampai ketinggalan ya :)",2023-04-23 07:42:07,3.76.0
Rio Akbar,Taii gak ada konfirmasi klo di pindahin,1,3.76.0,2023-04-23 07:11:13,"Hai, Rio. Mohon maaf atas ketidaknyamanan yang Kamu alami. Untuk membantu kami memahami kendala kamu, mohon bantuannya untuk menginformasikan detail kendala yang dimaksud beserta nomor pesanan kamu (jika ada) melalui pesan pada aplikasi kamu atau melalui email ke cs@traveloka.com. Agar kami bantu lebih cek lebih lanjut. Terima kasih. -CA",2023-04-23 07:13:11,3.76.0
JAMIL RUSLAN,terbaik,5,3.76.0,2023-04-23 06:55:39,"Halo Kak, terima kasih banyak atas ratingnya, semoga Kakak tetap nyaman dan selau setia menjadi pelanggan Traveloka. Yuk Kak pantengin terus Traveloka Lifestyle Super App karna kami selalu berikan promo-promo yg menarik loooh, jangan sampai ketinggalan ya :)",2023-04-23 07:12:08,3.76.0
Fhetot Maheza2007,cukup membatu & memudahkan,5,3.76.0,2023-04-23 06:50:37,"Hi Kak, senang banget nih dapat rating bagus dari Kakak, terima kasih juga atas feedbacknya! Kenyamanan Kakak adalah prioritas Kami, jika ada pertanyaan lainnya jangan sungkan ya untuk infokan pada kami di https://www.traveloka.com/contactus . Jangan sampai ketinggalan penawaran menarik lainnya di Traveloka Lifestye Super Apps.",2023-04-23 07:12:11,3.76.0
vip advertising,good,5,3.76.0,2023-04-23 06:44:55,Thank you for leaving a good comment to us. Let us know if you have any suggestion for improvement through https://www.traveloka.com/contactus . Stay around for more interesting offers from Traveloka Lifestyle Super App!,2023-04-23 07:12:14,3.76.0
Fajar Maulana,nice,5,3.76.0,2023-04-23 06:32:44,"Hi, thank you very much for the positive review! Please feel free to contact us at https://www.traveloka.com/contactus we're more than happy to assist you and Stay tuned for more exciting offers on Traveloka Lifestyle Super App.",2023-04-23 06:42:07,3.76.0
adi putra,transaksi lebih gampang melalui traveloka,5,3.76.0,2023-04-23 06:18:06,"Hi Kak, senang banget nih dapat rating bagus dari Kakak, terima kasih juga atas feedbacknya! Kenyamanan Kakak adalah prioritas Kami, jika ada pertanyaan lainnya jangan sungkan ya untuk infokan pada kami di https://www.traveloka.com/contactus . Jangan sampai ketinggalan penawaran menarik lainnya di Traveloka Lifestye Super Apps.",2023-04-23 06:42:10,3.76.0
Budi Alamsyah,keren,5,3.69.0,2023-04-23 06:15:18,"Hi Kak, terima kasih atas feedbacknya, semoga Kakak tetap setia dengan Traveloka. Jika ada pertanyaan lain bisa langsung infokan pada kami di https://www.traveloka.com/contactus ya, Kak. Pantau terus Traveloka Lifestyle Super App untuk penawaran spesial lainnya!",2023-04-23 06:42:13,3.69.0
Ade Irma,mau refun gak bisa. pdhl hotel sudah tutup.... trus gimana??? udah jauh2 dtg malah gak bisa nginep..,1,3.76.0,2023-04-23 05:43:39,Halo Ade. Sebelumnya mohon maaf atas kendala yang kamu alami. Kami bantu cek kendala kamu sudah penanganan tim kami melalui nomor laporan #31xxx023. Terima kasih. -SC,2023-04-23 06:15:25,3.76.0
Edwar Tanjung,oke,5,3.76.0,2023-04-23 05:39:32,"Hai Edwar, terima kasih atas feedbacknya, semoga kamu tetap setia dengan Traveloka. Jika ada pertanyaan bisa langsung infokan pada kami di https://www.traveloka.com/contactus ya Kak. Pantau terus Traveloka Lifestyle Super App untuk penawaran spesial lainnya! -AH",2023-04-23 05:43:18,3.76.0
Hard to March,memudahkan dalam setiap perjalanan,5,3.76.0,2023-04-23 05:34:51,"Halo Kak, terima kasih banyak atas ratingnya, semoga Kakak tetap nyaman dan selau setia menjadi pelanggan Traveloka. Yuk Kak pantengin terus Traveloka Lifestyle Super App karna kami selalu berikan promo-promo yg menarik loooh, jangan sampai ketinggalan ya :)",2023-04-23 05:42:08,3.76.0
ferry mardian,Good Jobs... 👍,5,3.76.0,2023-04-23 05:31:10,"Hi, we are so grateful to get a lot of support from you. Hope you continue to enjoy our offers. If you have any feedback or suggestions, let us know on https://www.traveloka.com/contactus, our customer service would love to serve you in 24 hours. Thank you!",2023-04-23 05:42:11,3.76.0
mochtara hartadi,sangat memuaskan,5,3.76.0,2023-04-23 05:08:03,"Halo Kak, terima kasih banyak atas ratingnya, semoga Kakak tetap nyaman dan selau setia menjadi pelanggan Traveloka. Yuk Kak pantengin terus Traveloka Lifestyle Super App karna kami selalu berikan promo-promo yg menarik loooh, jangan sampai ketinggalan ya :)",2023-04-23 05:12:07,3.76.0
agus sutisna,very good,5,3.76.0,2023-04-23 05:04:06,"Hi, we are so grateful to get a lot of support from you. Hope you continue to enjoy our offers. If you have any feedback or suggestions, let us know on https://www.traveloka.com/contactus, our customer service would love to serve you in 24 hours. Thank you!",2023-04-23 05:12:09,3.76.0
Hisar situmorang,memuaskan,3,3.76.0,2023-04-23 03:35:10,"Hai Hisar, terima kasih atas feedbacknya, semoga kamu tetap setia dengan Traveloka. Jika ada pertanyaan bisa langsung infokan pada kami di https://www.traveloka.com/contactus ya Kak. Pantau terus Traveloka Lifestyle Super App untuk penawaran spesial lainnya! -AH",2023-04-23 03:43:11,3.76.0
Rankce Cs,jangan mahal2 boss,4,3.42.1,2023-04-23 03:03:40,"Halo Kak, terima kasih banyak atas ratingnya, semoga Kakak tetap nyaman dan selau setia menjadi pelanggan Traveloka. Yuk Kak pantengin terus Traveloka Lifestyle Super App karna kami selalu berikan promo-promo yg menarik loooh, jangan sampai ketinggalan ya :)",2023-04-23 03:12:08,3.42.1
Wigi Yanti,good,5,3.75.0,2023-04-23 02:40:25,"Hi, thank you very much for the positive review! Please feel free to contact us at https://www.traveloka.com/contactus we're more than happy to assist you and Stay tuned for more exciting offers on Traveloka Lifestyle Super App.",2023-04-23 02:42:06,3.75.0
Heri Widihartono,pelayanan memuaskan lanjutkan,5,3.73.0,2023-04-23 02:21:28,"Hi Kak, senang banget nih dapat rating bagus dari Kakak, terima kasih juga atas feedbacknya! Kenyamanan Kakak adalah prioritas Kami, jika ada pertanyaan lainnya jangan sungkan ya untuk infokan pada kami di https://www.traveloka.com/contactus . Jangan sampai ketinggalan penawaran menarik lainnya di Traveloka Lifestye Super Apps.",2023-04-23 02:42:10,3.73.0
Emul Mulyana,keren,5,3.76.0,2023-04-23 02:17:40,"Hi Kak, terima kasih atas feedbacknya, semoga Kakak tetap setia dengan Traveloka. Jika ada pertanyaan lain bisa langsung infokan pada kami di https://www.traveloka.com/contactus ya, Kak. Pantau terus Traveloka Lifestyle Super App untuk penawaran spesial lainnya!",2023-04-23 02:42:13,3.76.0
Izz Khan Darr,Horee,5,,2023-04-23 02:04:59,"Hai, Izz Khan Darr. Terima kasih banyak atas ratingnya, semoga kamu tetap nyaman dan selalu setia menjadi pelanggan Traveloka. Yuk Kak pantengin terus Traveloka Lifestyle Super App karna kami selalu berikan promo-promo yang menarik. Jangan sampai ketinggalan ya. -KA",2023-04-23 02:15:56,
Rizky Limbong,sangat membantu,5,3.76.0,2023-04-23 01:50:06,"Halo Kak, terima kasih banyak atas ratingnya, semoga Kakak tetap nyaman dan selau setia menjadi pelanggan Traveloka. Yuk Kak pantengin terus Traveloka Lifestyle Super App karna kami selalu berikan promo-promo yg menarik loooh, jangan sampai ketinggalan ya :)",2023-04-23 02:12:09,3.76.0
Satria Adhie Putra,The Best,5,3.76.0,2023-04-23 01:29:56,"Hi, thank you very much for the positive review! Please feel free to contact us at https://www.traveloka.com/contactus we're more than happy to assist you and Stay tuned for more exciting offers on Traveloka Lifestyle Super App.",2023-04-23 01:42:13,3.76.0
Gee Wee,mudah dan cepat,5,3.76.0,2023-04-23 00:58:25,"Halo Kak, terima kasih banyak atas ratingnya, semoga Kakak tetap nyaman dan selau setia menjadi pelanggan Traveloka. Yuk Kak pantengin terus Traveloka Lifestyle Super App karna kami selalu berikan promo-promo yg menarik loooh, jangan sampai ketinggalan ya :)",2023-04-23 01:12:06,3.76.0
Duly Prabowo,cepat dan mudah,5,3.76.0,2023-04-23 00:33:16,"Halo Kak, terima kasih banyak atas ratingnya, semoga Kakak tetap nyaman dan selau setia menjadi pelanggan Traveloka. Yuk Kak pantengin terus Traveloka Lifestyle Super App karna kami selalu berikan promo-promo yg menarik loooh, jangan sampai ketinggalan ya :)",2023-04-23 00:42:07,3.76.0
liliek pramudiantoro,👍BagusMbatu,5,3.76.0,2023-04-23 00:24:52,"Hi Kak, senang banget nih dapat rating bagus dari Kakak, terima kasih juga atas feedbacknya! Kenyamanan Kakak adalah prioritas Kami, jika ada pertanyaan lainnya jangan sungkan ya untuk infokan pada kami di https://www.traveloka.com/contactus . Jangan sampai ketinggalan penawaran menarik lainnya di Traveloka Lifestye Super Apps.",2023-04-23 00:42:10,3.76.0
Amredon Perambatan,"saya sangat suka karna tempatnya strategis bersi, nyaman pelayannya ramah2",5,,2023-04-23 00:09:55,"Halo Kak, terima kasih banyak atas ratingnya, semoga Kakak tetap nyaman dan selau setia menjadi pelanggan Traveloka. Yuk Kak pantengin terus Traveloka Lifestyle Super App karna kami selalu berikan promo-promo yg menarik loooh, jangan sampai ketinggalan ya :)",2023-04-23 00:12:06,
Bprasetyo 263,Good,5,3.76.0,2023-04-22 23:45:43,"Hi, we are so grateful to get a lot of support from you. Hope you continue to enjoy our offers. If you have any feedback or suggestions, let us know on https://www.traveloka.com/contactus, our customer service would love to serve you in 24 hours. Thank you!",2023-04-23 00:12:09,3.76.0
Tini Suhartini,suka bgt booking d traveloka jdi dpt harga lbih murah,5,3.75.0,2023-04-22 23:18:44,"Halo Kak, terima kasih banyak atas ratingnya, semoga Kakak tetap nyaman dan selau setia menjadi pelanggan Traveloka. Yuk Kak pantengin terus Traveloka Lifestyle Super App karna kami selalu berikan promo-promo yg menarik loooh, jangan sampai ketinggalan ya :)",2023-04-22 23:42:07,3.75.0
Ismail Du Monte,bagus sekali,5,3.76.0,2023-04-22 23:01:20,"Halo Kak, terima kasih banyak atas ratingnya, semoga Kakak tetap nyaman dan selau setia menjadi pelanggan Traveloka. Yuk Kak pantengin terus Traveloka Lifestyle Super App karna kami selalu berikan promo-promo yg menarik loooh, jangan sampai ketinggalan ya :)",2023-04-22 23:12:07,3.76.0
RISMAN RUSDY,"Biar cepat respons ttg apa Yg kita inginkan, di kasih 5 aja biar cepat",5,3.76.0,2023-04-22 22:14:59,"Halo Kak, terima kasih banyak atas ratingnya, semoga Kakak tetap nyaman dan selau setia menjadi pelanggan Traveloka. Yuk Kak pantengin terus Traveloka Lifestyle Super App karna kami selalu berikan promo-promo yg menarik loooh, jangan sampai ketinggalan ya :)",2023-04-22 22:42:05,3.76.0
WIDYA LAKSANA,kenapa tidak ada konfirmasi lagi klo ada perubahan harga traveloka dengan hotel. setiap saya menginap dihotel pasti selalu diminta biaya tambahan.,1,,2023-04-22 21:42:20,"Hai, Kak Widya. Mohon maaf atas ketidaknyamanannya. Agar kami bisa bantu cek lebih lanjut, silakan menghubungi kami melalui https://www.traveloka.com/id-id/contactus. Terima kasih. -RZ",2023-04-22 22:14:04,
Milda Kosy,Sanga menolong,5,3.76.0,2023-04-22 21:05:09,"Halo Kak, terima kasih banyak atas ratingnya, semoga Kakak tetap nyaman dan selau setia menjadi pelanggan Traveloka. Yuk Kak pantengin terus Traveloka Lifestyle Super App karna kami selalu berikan promo-promo yg menarik loooh, jangan sampai ketinggalan ya :)",2023-04-22 21:12:16,3.76.0
Samino kalian imut dan cantik Ahmad,niceeee,4,,2023-04-22 17:23:52,"Hi, thank you very much for the positive review! Please feel free to contact us at https://www.traveloka.com/contactus we're more than happy to assist you and Stay tuned for more exciting offers on Traveloka Lifestyle Super App.",2023-04-22 17:42:15,
Yadi Hendardi,cepat dan sesuai,5,,2023-04-22 16:46:30,"Halo Kak, terima kasih banyak atas ratingnya, semoga Kakak tetap nyaman dan selau setia menjadi pelanggan Traveloka. Yuk Kak pantengin terus Traveloka Lifestyle Super App karna kami selalu berikan promo-promo yg menarik loooh, jangan sampai ketinggalan ya :)",2023-04-22 17:12:07,
Adi Suprapto,mantab,5,3.75.0,2023-04-22 16:35:48,"Halo Kak, terima kasih banyak atas ratingnya, semoga Kakak tetap nyaman dan selau setia menjadi pelanggan Traveloka. Yuk Kak pantengin terus Traveloka Lifestyle Super App karna kami selalu berikan promo-promo yg menarik loooh, jangan sampai ketinggalan ya :)",2023-04-22 16:42:06,3.75.0
aditt Tia,keren pokoknya,5,3.76.0,2023-04-22 16:04:55,"Halo Kak, terima kasih banyak atas ratingnya, semoga Kakak tetap nyaman dan selau setia menjadi pelanggan Traveloka. Yuk Kak pantengin terus Traveloka Lifestyle Super App karna kami selalu berikan promo-promo yg menarik loooh, jangan sampai ketinggalan ya :)",2023-04-22 16:12:07,3.76.0
Eko Sarjono,baik sekali,5,3.74.1,2023-04-22 15:04:44,"Halo Kak, terima kasih banyak atas ratingnya, semoga Kakak tetap nyaman dan selau setia menjadi pelanggan Traveloka. Yuk Kak pantengin terus Traveloka Lifestyle Super App karna kami selalu berikan promo-promo yg menarik loooh, jangan sampai ketinggalan ya :)",2023-04-22 15:12:06,3.74.1
Rudy simanung kalit Kalit,Aplikasi bagus,5,3.76.0,2023-04-22 14:42:04,"Hi Kak, terima kasih atas feedbacknya, semoga Kakak tetap setia dengan Traveloka. Jika ada pertanyaan lain bisa langsung infokan pada kami di https://www.traveloka.com/contactus ya, Kak. Pantau terus Traveloka Lifestyle Super App untuk penawaran spesial lainnya!",2023-04-22 15:12:11,3.76.0
Isma Hanari,❤️❤️❤️❤️❤️❤️,5,3.76.0,2023-04-22 14:38:23,"Terima kasih ya kak untuk penilaian kamu, jangan lupa selalu pesan menggunakan aplikasi Traveloka untuk menjadi teman liburan kamu dan jangan ragu menghubungi kami melalui alamat email kami di cs@traveloka.com jika mendapati kendala terkait pemesanan kamu ya kak. Terima kasih -AK",2023-04-22 14:46:36,3.76.0
elli zubaidah,Iklan nya mengganggu,1,3.76.0,2023-04-22 14:34:37,"Hai, Elli. Mohon maaf atas ketidaknyamanannya. Apabila ada kendala dengan iklan Traveloka, mohon untuk diabaikan Kak. Nantinya kalau kamu memiliki kendala lain, silakan menghubungi kami melalui email di cs@traveloka.com. Nantinya kami akan lakukan pengecekan lebih lanjut. Terima kasih. -IN",2023-04-22 14:46:04,3.76.0
Fathur Rohman,Sangat di sayangkan Tidak bisa reschedul atau refund tiket.. padahal tanggal pembelian masih 1 bulan....,1,,2023-04-22 14:13:11,"Hai Fathur, pada dasarnya untuk ketentuan reschedule dan refund pesanan kamu merupakan kebijakan dari pesanan kamu Kak. Namun untuk dapat kami bantu cek pada sistem kami, mohon informasikan nomor pesanan kamu melalui email kami di cs@traveloka.com ya Kak. Terima kasih. -AK",2023-04-22 14:45:42,
Eno Rian,aplikasinya kerennn... sangat memudahkan pengguna 👍👍👍,5,3.76.0,2023-04-22 14:03:06,"Halo Kak, terima kasih banyak atas ratingnya, semoga Kakak tetap nyaman dan selau setia menjadi pelanggan Traveloka. Yuk Kak pantengin terus Traveloka Lifestyle Super App karna kami selalu berikan promo-promo yg menarik loooh, jangan sampai ketinggalan ya :)",2023-04-22 14:12:08,3.76.0
Hasan Chepx,"Makasih,, apknya sangat membantu",5,,2023-04-22 13:35:49,"Halo Kak, terima kasih banyak atas ratingnya, semoga Kakak tetap nyaman dan selau setia menjadi pelanggan Traveloka. Yuk Kak pantengin terus Traveloka Lifestyle Super App karna kami selalu berikan promo-promo yg menarik loooh, jangan sampai ketinggalan ya :)",2023-04-22 13:42:08,
gitadea laksono,Nah klo fast respon gini kan enak,5,3.76.0,2023-04-22 13:26:53,"Hi Kak, senang banget nih dapat rating bagus dari Kakak, terima kasih juga atas feedbacknya! Kenyamanan Kakak adalah prioritas Kami, jika ada pertanyaan lainnya jangan sungkan ya untuk infokan pada kami di https://www.traveloka.com/contactus . Jangan sampai ketinggalan penawaran menarik lainnya di Traveloka Lifestye Super Apps.",2023-04-22 13:42:11,3.76.0
Aniez Marsela,Masa hrga nya gk sesuai.. Psen di traveloka lebih mahal🥺,2,3.76.0,2023-04-22 13:21:38,"Hai Aniez, jika terdapat perbedaan harga pada pesanan kamu mohon informasikan nomor pesanan Traveloka kamu dengan melampirkan bukti screenshot informasi tersebt untuk dapat kami bantu cek pada sistem kami melalui email kami di cs@traveloka.com Terima kasih. -AK",2023-04-22 13:45:19,3.76.0
michael usmany,bagus,5,3.76.0,2023-04-22 12:27:48,"Halo Kak, terima kasih banyak atas ratingnya, semoga Kakak tetap nyaman dan selau setia menjadi pelanggan Traveloka. Yuk Kak pantengin terus Traveloka Lifestyle Super App karna kami selalu berikan promo-promo yg menarik loooh, jangan sampai ketinggalan ya :)",2023-04-22 12:42:09,3.76.0
Putz Parker,👍👍,5,3.76.0,2023-04-22 12:24:43,"Terima kasih ya kak untuk penilaian kamu, jangan lupa selalu pesan menggunakan aplikasi Traveloka untuk menjadi teman liburan kamu dan jangan ragu menghubungi kami melalui alamat email kami di cs@traveloka.com jika mendapati kendala terkait pemesanan kamu ya kak. Terima kasih -AK",2023-04-22 12:43:18,3.76.0
Lia Tjioe,"Seharusnya sebelum mencantumkan nama PO busnya, lebih baik di kroscek dulu ke perusahaan yg bersangkutan di tanggal itu ada keberangkatan tidak. Klo kyk gini merugikan juga, mau reschedule atau refund pun susah",1,3.69.0,2023-04-22 12:13:31,"Hai, Lia. Mohon maaf atas ketidaknyamanannya. Apabila kamu ada kendala pesanan Bus, silakan diinfokan detail pesanan kamu melalui email di cs@traveloka.com nantinya kami akan lakukan pengecekan lebih lanjut. Terima kasih. -IN",2023-04-22 12:43:37,3.69.0
uki marzuki,Traveloka memang Terbaik tuk Perjalanan jadi lebih mudah,5,3.76.0,2023-04-22 11:24:33,"Halo Kak, terima kasih banyak atas ratingnya, semoga Kakak tetap nyaman dan selau setia menjadi pelanggan Traveloka. Yuk Kak pantengin terus Traveloka Lifestyle Super App karna kami selalu berikan promo-promo yg menarik loooh, jangan sampai ketinggalan ya :)",2023-04-22 11:42:06,3.76.0
Reny Wirani,good,5,3.76.0,2023-04-22 11:18:46,"Hi, we are so grateful to get a lot of support from you. Hope you continue to enjoy our offers. If you have any feedback or suggestions, let us know on https://www.traveloka.com/contactus, our customer service would love to serve you in 24 hours. Thank you!",2023-04-22 11:42:08,3.76.0
Octo Martins,mantap,5,3.76.0,2023-04-22 11:07:06,"Halo Kak, terima kasih banyak atas ratingnya, semoga Kakak tetap nyaman dan selau setia menjadi pelanggan Traveloka. Yuk Kak pantengin terus Traveloka Lifestyle Super App karna kami selalu berikan promo-promo yg menarik loooh, jangan sampai ketinggalan ya :)",2023-04-22 11:12:06,3.76.0
Ratna Dewai Ayu Nestri,puas pke traveloka,5,3.76.0,2023-04-22 10:51:36,"Hi Kak, senang banget nih dapat rating bagus dari Kakak, terima kasih juga atas feedbacknya! Kenyamanan Kakak adalah prioritas Kami, jika ada pertanyaan lainnya jangan sungkan ya untuk infokan pada kami di https://www.traveloka.com/contactus . Jangan sampai ketinggalan penawaran menarik lainnya di Traveloka Lifestye Super Apps.",2023-04-22 11:12:08,3.76.0
Arbudin Jauharie,mantap,5,3.76.0,2023-04-22 10:38:12,"Halo Kak, terima kasih banyak atas ratingnya, semoga Kakak tetap nyaman dan selau setia menjadi pelanggan Traveloka. Yuk Kak pantengin terus Traveloka Lifestyle Super App karna kami selalu berikan promo-promo yg menarik loooh, jangan sampai ketinggalan ya :)",2023-04-22 10:42:06,3.76.0
Rizkiagus Fiansyah,Kok hilang menu check in online nya ia,2,3.76.0,2023-04-22 10:22:23,"Hai, Rizkiagus. Mohon maaf atas ketidaknyamanannya. Apabila kamu ada kendala melakukan check-in online. Silakan diinfokan melalui email cs@traveloka.com dengan menginfokan nomor pesanan Traveloka kamu. Nantinya kami akan lakukan pengecekan lebih lanjut. Terima kasih. -IN",2023-04-22 10:45:46,3.76.0
Della Anggraini,okee,5,3.55.0,2023-04-22 08:53:55,"Hai Della. Terima kasih banyak atas ratingnya, semoga kamu tetap nyaman dan selalu setia menjadi pelanggan Traveloka. Yuk Kak pantengin terus Traveloka Lifestyle Super App karna kami selalu berikan promo-promo yang menarik. Jangan sampai ketinggalan ya. :) -NT",2023-04-22 09:13:09,3.55.0
Mario Louis,Sangat membantu dan puas dalam pelayanan serta kemudahan transaksi. Namun saya masih belum bisa QRIS. Mungkin dapat dikembangkan lagi di dalam penggunaan transaksi lainnya,5,3.76.0,2023-04-22 07:55:57,"Halo Kak, terima kasih banyak atas ratingnya, semoga Kakak tetap nyaman dan selau setia menjadi pelanggan Traveloka. Yuk Kak pantengin terus Traveloka Lifestyle Super App karna kami selalu berikan promo-promo yg menarik loooh, jangan sampai ketinggalan ya :)",2023-04-22 08:12:08,3.76.0
Oka F. Susanto,aplikasi sangat membantu,5,3.76.0,2023-04-22 06:54:51,"Halo Kak, terima kasih banyak atas ratingnya, semoga Kakak tetap nyaman dan selau setia menjadi pelanggan Traveloka. Yuk Kak pantengin terus Traveloka Lifestyle Super App karna kami selalu berikan promo-promo yg menarik loooh, jangan sampai ketinggalan ya :)",2023-04-22 07:12:16,3.76.0
Nicco RM,Bisa diandalkan,5,3.76.0,2023-04-22 06:02:55,"Halo Kak, terima kasih banyak atas ratingnya, semoga Kakak tetap nyaman dan selau setia menjadi pelanggan Traveloka. Yuk Kak pantengin terus Traveloka Lifestyle Super App karna kami selalu berikan promo-promo yg menarik loooh, jangan sampai ketinggalan ya :)",2023-04-22 06:12:07,3.76.0
Jhan Hairil,keren sangat membantu,3,3.61.0,2023-04-22 05:59:27,"Hai, Jhan. Terima kasih atas penilaian dan telah menjadikan Traveloka sebagai mitra perjalanan kamu, kami akan terus meningkatkan kepuasan para pengguna. Jika kamu memiliki pertanyaan lebih lanjut, silakan menghubungi kami melalui https://www.traveloka.com/contactus. Terima kasih-TK",2023-04-22 06:13:56,3.61.0
Yunita Rosalinda,baik dn cepat,5,3.75.0,2023-04-22 05:51:07,"Hai, Yunita. Senang sekali mendapat bintang lima dari kamu. Terima kasih atas apresiasinya ya, semoga kamu tetap nyaman dan selalu setia menjadi pelanggan Traveloka. Yuk pantengin terus Traveloka karena kami akan selalu berikan promo-promo menarik loh, jangan sampai ketinggalan ya! -OE",2023-04-22 06:14:15,3.75.0
Asyikin zebua,mudah dan cepat,5,3.76.0,2023-04-22 04:45:05,"Hi Kak, senang banget nih dapat rating bagus dari Kakak, terima kasih juga atas feedbacknya! Kenyamanan Kakak adalah prioritas Kami, jika ada pertanyaan lainnya jangan sungkan ya untuk infokan pada kami di https://www.traveloka.com/contactus . Jangan sampai ketinggalan penawaran menarik lainnya di Traveloka Lifestye Super Apps.",2023-04-22 05:12:09,3.76.0
Karyadi SE.MM.,traveloka makin keren,5,3.71.1,2023-04-22 03:28:10,"Halo Kak, terima kasih banyak atas ratingnya, semoga Kakak tetap nyaman dan selau setia menjadi pelanggan Traveloka. Yuk Kak pantengin terus Traveloka Lifestyle Super App karna kami selalu berikan promo-promo yg menarik loooh, jangan sampai ketinggalan ya :)",2023-04-22 03:42:08,3.71.1
Rachmatuloh Wibisono,puas,5,3.76.0,2023-04-22 02:57:19,"Hai Rachmatuloh, yuhuuuy senangnya mendapat bintang lima dari kamu, Kenyamananmu adalah prioritas Kami. Apabila ada pertanyaan, silakan dapat mengirimkan email ke kami di cs@traveloka.com atau pesan inbox di aplikasi Traveloka ya. Terima kasih. -CA",2023-04-22 03:14:37,3.76.0
bayme IDD,mantap,5,3.76.0,2023-04-22 02:41:10,"Halo Kak, terima kasih banyak atas ratingnya, semoga Kakak tetap nyaman dan selau setia menjadi pelanggan Traveloka. Yuk Kak pantengin terus Traveloka Lifestyle Super App karna kami selalu berikan promo-promo yg menarik loooh, jangan sampai ketinggalan ya :)",2023-04-22 02:42:06,3.76.0
bali dwipa,"luar biasa, mantap",5,3.34.1,2023-04-22 02:14:51,"Hi Kak, senang banget nih dapat rating bagus dari Kakak, terima kasih juga atas feedbacknya! Kenyamanan Kakak adalah prioritas Kami, jika ada pertanyaan lainnya jangan sungkan ya untuk infokan pada kami di https://www.traveloka.com/contactus . Jangan sampai ketinggalan penawaran menarik lainnya di Traveloka Lifestye Super Apps.",2023-04-22 02:42:09,3.34.1
Hary,sangat membantu,5,3.76.0,2023-04-22 01:40:20,"Halo Kak, terima kasih banyak atas ratingnya, semoga Kakak tetap nyaman dan selau setia menjadi pelanggan Traveloka. Yuk Kak pantengin terus Traveloka Lifestyle Super App karna kami selalu berikan promo-promo yg menarik loooh, jangan sampai ketinggalan ya :)",2023-04-22 01:42:06,3.76.0
ariel handoyo,puas,4,3.76.0,2023-04-21 23:54:51,"Hai, Handoyo. Terima kasih atas feedbacknya, semoga Kakak tetap setia dengan Traveloka. Jika ada pertanyaan lain bisa langsung infokan pada kami di https://www.traveloka.com/contactus ya, Kak. Pantau terus Traveloka Lifestyle Super App untuk penawaran spesial lainnya! -CA",2023-04-22 00:12:51,3.76.0
Madi madi,ok,5,,2023-04-21 22:57:30,"Hi, thank you very much for the positive review! Please feel free to contact us at https://www.traveloka.com/contactus we're more than happy to assist you and Stay tuned for more exciting offers on Traveloka Lifestyle Super App.",2023-04-21 23:12:06,
Dilan Bastian,Goods aplicasion word,4,,2023-04-21 22:38:17,"Hi, thank you very much for the positive review! Please feel free to contact us at https://www.traveloka.com/contactus we're more than happy to assist you and Stay tuned for more exciting offers on Traveloka Lifestyle Super App.",2023-04-21 22:42:07,
Kahfi rofid,bagus,5,3.76.0,2023-04-21 21:50:52,"Halo Kak, terima kasih banyak atas ratingnya, semoga Kakak tetap nyaman dan selau setia menjadi pelanggan Traveloka. Yuk Kak pantengin terus Traveloka Lifestyle Super App karna kami selalu berikan promo-promo yg menarik loooh, jangan sampai ketinggalan ya :)",2023-04-21 22:12:08,3.76.0
Naya,"Aplikasinya jelek ,Uda berapa kali dwonload kok nda masuk"".",1,,2023-04-21 18:51:53,"Halo, Naya. Kami mohon maaf atas kendala yang dialami saat menggunakan aplikasi kami. Untuk investigasi lebih lanjut, kamu bisa sampaikan kembali penjelasan kendala yang ditemui via https://www.traveloka.com/contactus. Kami akan memperbaikinya secepat mungkin agar kepuasanmu terhadap layanan kami meningkat. Terima kasih 🙏 -RU",2023-04-21 19:16:30,
Harry panjaitan,Top,5,3.75.0,2023-04-21 18:39:31,"Hi, thank you very much for the positive review! Please feel free to contact us at https://www.traveloka.com/contactus we're more than happy to assist you and Stay tuned for more exciting offers on Traveloka Lifestyle Super App.",2023-04-21 18:42:07,3.75.0
Agus Muldjono,oke,5,3.76.0,2023-04-21 16:44:19,"Hai, Kak Agus. Senang banget dapat bintang lima dari Kakak, terima kasih atas apresiasinya. Semoga selalu suka ya Kak sama Traveloka :) -RU",2023-04-21 17:17:29,3.76.0
Jack govlan 59 Azizi,"enak, cepat , mudah, dan ga ribet",5,3.76.0,2023-04-21 16:11:20,"Halo Kak, terima kasih banyak atas ratingnya, semoga Kakak tetap nyaman dan selau setia menjadi pelanggan Traveloka. Yuk Kak pantengin terus Traveloka Lifestyle Super App karna kami selalu berikan promo-promo yg menarik loooh, jangan sampai ketinggalan ya :)",2023-04-21 16:12:06,3.76.0
Polma Pakpahan,cepat dan akurat,5,3.76.0,2023-04-21 15:02:39,"Halo Kak, terima kasih banyak atas ratingnya, semoga Kakak tetap nyaman dan selau setia menjadi pelanggan Traveloka. Yuk Kak pantengin terus Traveloka Lifestyle Super App karna kami selalu berikan promo-promo yg menarik loooh, jangan sampai ketinggalan ya :)",2023-04-21 15:12:07,3.76.0
chandra parera,"Traveloka Life, my Way ♥️",5,3.76.0,2023-04-21 14:56:12,"Hi, we are so grateful to get a lot of support from you. Hope you continue to enjoy our offers. If you have any feedback or suggestions, let us know on https://www.traveloka.com/contactus, our customer service would love to serve you in 24 hours. Thank you!",2023-04-21 15:12:09,3.76.0
irra fa,Tolong traveloka apakah bisa mengatasi masalah ini jadi saya pengen mesen tiket melalui traveloka tetapi aplikasi nya nge bug traveloka terus berhenti ini kenapa ya😰,3,3.76.0,2023-04-21 14:43:06,"Hai, Kak Irra. Mohon maaf atas ketidaknyamanannya. Mengenai permasalahan yang kamu alami, mimin sarankan untuk update aplikasi Traveloka kamu ke versi terbaru ya. Kemudian mohon pastikan juga jaringan kamu dalam kondisi stabil. Terima kasih. -RZ",2023-04-21 15:14:56,3.76.0
Lumban Gautomo,👍👍,4,3.76.0,2023-04-21 14:28:30,"Terima kasih ya kak untuk penilaian kamu, jangan lupa selalu pesan menggunakan aplikasi Traveloka untuk menjadi teman liburan kamu dan jangan ragu menghubungi kami melalui alamat email kami di cs@traveloka.com jika mendapati kendala terkait pemesanan kamu ya kak. Terima kasih -AK",2023-04-21 14:49:52,3.76.0
Agung Anggara,Mantap,4,3.74.1,2023-04-21 14:06:03,"Halo Kak, terima kasih banyak atas ratingnya, semoga Kakak tetap nyaman dan selau setia menjadi pelanggan Traveloka. Yuk Kak pantengin terus Traveloka Lifestyle Super App karna kami selalu berikan promo-promo yg menarik loooh, jangan sampai ketinggalan ya :)",2023-04-21 14:12:07,3.74.1
Yanti Oktapia,Good,5,3.56.1,2023-04-21 13:28:00,"Hi, thank you very much for the positive review! Please feel free to contact us at https://www.traveloka.com/contactus we're more than happy to assist you and Stay tuned for more exciting offers on Traveloka Lifestyle Super App.",2023-04-21 13:42:06,3.56.1
Al Gr,ok,5,3.76.0,2023-04-21 13:09:29,"Hi, thank you very much for the positive review! Please feel free to contact us at https://www.traveloka.com/contactus we're more than happy to assist you and Stay tuned for more exciting offers on Traveloka Lifestyle Super App.",2023-04-21 13:12:07,3.76.0
Andika pratama Mustari,sangat puas,5,3.76.0,2023-04-21 12:58:02,"Hi Kak, senang banget nih dapat rating bagus dari Kakak, terima kasih juga atas feedbacknya! Kenyamanan Kakak adalah prioritas Kami, jika ada pertanyaan lainnya jangan sungkan ya untuk infokan pada kami di https://www.traveloka.com/contactus . Jangan sampai ketinggalan penawaran menarik lainnya di Traveloka Lifestye Super Apps.",2023-04-21 13:12:10,3.76.0
Dwi Priandono,"Mantap, walaw salah pemesanan tanggal tetap bisa dirubah dengan tanggal yang diinginkan meskipun diaplikasi tidak bisa refund dan seschedule",5,3.75.0,2023-04-21 11:47:39,"Halo Kak, terima kasih banyak atas ratingnya, semoga Kakak tetap nyaman dan selau setia menjadi pelanggan Traveloka. Yuk Kak pantengin terus Traveloka Lifestyle Super App karna kami selalu berikan promo-promo yg menarik loooh, jangan sampai ketinggalan ya :)",2023-04-21 12:12:08,3.75.0
ilmizan travel,"40 9 My, m. V mi",4,3.76.0,2023-04-21 11:46:08,"Hi, we are so grateful to get a lot of support from you. Hope you continue to enjoy our offers. If you have any feedback or suggestions, let us know on https://www.traveloka.com/contactus, our customer service would love to serve you in 24 hours. Thank you!",2023-04-21 12:12:10,3.76.0
Lukman Hakim,kebetulan saya erlangganan dihotel ini....harga nya tiba2 naik di 1jt padahal setelah pemesanan harga nya balik normal 600 an..,3,3.76.0,2023-04-21 11:16:06,"Hai Lukman, mohon maaf atas ketidaknyamanan yang kamu alami, perihal harga pesanan yang tertera mengikuti informasi terupdate dari pihak Hotel yang kamu pesan Kak, namun jika kamu mendapati kendala terkait pesanan tersebut Kakak bisa menghubungi kami melalui email kami di cs@traveloka.com ya Kak. Terima kasih. -AK",2023-04-21 11:44:23,3.76.0
Aq Hadi13,memudahkan pembelian a tiket kereta ku,5,3.76.0,2023-04-21 10:56:08,"Hi Kak, senang banget nih dapat rating bagus dari Kakak, terima kasih juga atas feedbacknya! Kenyamanan Kakak adalah prioritas Kami, jika ada pertanyaan lainnya jangan sungkan ya untuk infokan pada kami di https://www.traveloka.com/contactus . Jangan sampai ketinggalan penawaran menarik lainnya di Traveloka Lifestye Super Apps.",2023-04-21 11:12:11,3.76.0
Mila2 Daffa,okkkkkkk,4,3.53.0,2023-04-21 09:34:02,"Halo, Mila. Terima kasih untuk apresiasinya ya, semoga kamu tetap nyaman dan selalu setia menjadi pelanggan Traveloka. -SM",2023-04-21 09:50:52,3.53.0
Sumarlin,ok,5,3.76.0,2023-04-21 08:44:45,"Hi, thank you very much for the positive review! Please feel free to contact us at https://www.traveloka.com/contactus we're more than happy to assist you and Stay tuned for more exciting offers on Traveloka Lifestyle Super App.",2023-04-21 09:12:07,3.76.0
Davit Iswadi,good,4,3.75.0,2023-04-21 08:28:12,"Hi, thank you very much for the positive review! Please feel free to contact us at https://www.traveloka.com/contactus we're more than happy to assist you and Stay tuned for more exciting offers on Traveloka Lifestyle Super App.",2023-04-21 08:42:11,3.75.0
ayong,untuk kesekian kalinya booking by traveloka,5,3.75.0,2023-04-21 08:09:41,"Halo Kak, terima kasih banyak atas ratingnya, semoga Kakak tetap nyaman dan selau setia menjadi pelanggan Traveloka. Yuk Kak pantengin terus Traveloka Lifestyle Super App karna kami selalu berikan promo-promo yg menarik loooh, jangan sampai ketinggalan ya :)",2023-04-21 08:12:05,3.75.0
Bere Animo,Mantapp,5,3.76.0,2023-04-21 07:45:35,"Hi Kak, senang banget nih dapat rating bagus dari Kakak, terima kasih juga atas feedbacknya! Kenyamanan Kakak adalah prioritas Kami, jika ada pertanyaan lainnya jangan sungkan ya untuk infokan pada kami di https://www.traveloka.com/contactus . Jangan sampai ketinggalan penawaran menarik lainnya di Traveloka Lifestye Super Apps.",2023-04-21 08:12:08,3.76.0
Hakim santoso (DULKIMSO),mantap aplikasinya saya sdh lama tau ini ui nya keren dan ux nya keren,5,3.76.0,2023-04-21 07:27:59,"Hi Kak, senang banget nih dapat rating bagus dari Kakak, terima kasih juga atas feedbacknya! Kenyamanan Kakak adalah prioritas Kami, jika ada pertanyaan lainnya jangan sungkan ya untuk infokan pada kami di https://www.traveloka.com/contactus . Jangan sampai ketinggalan penawaran menarik lainnya di Traveloka Lifestye Super Apps.",2023-04-21 07:42:11,3.76.0
Budiman Pidi,ok,5,,2023-04-21 06:52:42,Thank you for leaving a good comment to us. Let us know if you have any suggestion for improvement through https://www.traveloka.com/contactus . Stay around for more interesting offers from Traveloka Lifestyle Super App!,2023-04-21 07:12:12,
Tama The Kid,"Jadwal keberangkatan bis tiba2 berubah, sehingga menyebabkan saya tertinggal. Pesan untuk jam setengah 7 malam, bis sudah berangkat jam 5 sore. Tidak ada pemberitahuan sama sekali. Dan bukan cuma saya saja yang mengalami, teman-teman juga mengalami hal yang sama. Aplikasi sampah 0/10 tidak direkomendasikan 👍",1,,2023-04-21 06:42:38,"Hai Kak, Tama, maaf banget buat kamu gak nyaman, perihal kendala tersebut merupakan otoritas dari pihak P.O Bus yang kamu gunakan, namun untuk dapat kami bantu tindaklanjuti kendala kamu mohon informasikan kepada kami melalui email kami di cs@traveloka.com Terima kasih. -AK",2023-04-21 06:49:04,
Andrian Richard,loss doll,5,3.76.0,2023-04-21 06:40:23,"Hai Andrian. Terima kasih banyak atas ratingnya, semoga kamu tetap nyaman dan selalu setia menjadi pelanggan Traveloka. Yuk Kak pantengin terus Traveloka Lifestyle Super App karna kami selalu berikan promo-promo yang menarik. Jangan sampai ketinggalan ya. :) -NT",2023-04-21 06:44:34,3.76.0
ABY MANYU WAWO,keren,5,3.76.0,2023-04-21 06:29:24,"Hi Kak, senang banget nih dapat rating bagus dari Kakak, terima kasih juga atas feedbacknya! Kenyamanan Kakak adalah prioritas Kami, jika ada pertanyaan lainnya jangan sungkan ya untuk infokan pada kami di https://www.traveloka.com/contactus . Jangan sampai ketinggalan penawaran menarik lainnya di Traveloka Lifestye Super Apps.",2023-04-21 06:42:11,3.76.0
Darman Setia Zebua,goodjob,5,3.76.0,2023-04-21 06:04:54,"Hi, thank you very much for the positive review! Please feel free to contact us at https://www.traveloka.com/contactus we're more than happy to assist you and Stay tuned for more exciting offers on Traveloka Lifestyle Super App.",2023-04-21 06:12:06,3.76.0
Budi Kurniawan,aman,5,3.76.0,2023-04-21 06:04:45,"Hi Kak, senang banget nih dapat rating bagus dari Kakak, terima kasih juga atas feedbacknya! Kenyamanan Kakak adalah prioritas Kami, jika ada pertanyaan lainnya jangan sungkan ya untuk infokan pada kami di https://www.traveloka.com/contactus . Jangan sampai ketinggalan penawaran menarik lainnya di Traveloka Lifestye Super Apps.",2023-04-21 06:12:08,3.76.0
Euis Rukmini,service cepat keren,5,3.76.0,2023-04-21 05:56:14,"Hi Kak, terima kasih atas feedbacknya, semoga Kakak tetap setia dengan Traveloka. Jika ada pertanyaan lain bisa langsung infokan pada kami di https://www.traveloka.com/contactus ya, Kak. Pantau terus Traveloka Lifestyle Super App untuk penawaran spesial lainnya!",2023-04-21 06:12:11,3.76.0
erwan yp,ok,5,3.76.0,2023-04-21 05:43:02,"Hi, thank you very much for the positive review! Please feel free to contact us at https://www.traveloka.com/contactus we're more than happy to assist you and Stay tuned for more exciting offers on Traveloka Lifestyle Super App.",2023-04-21 06:12:13,3.76.0
robert putra,good,5,3.59.0,2023-04-21 05:42:15,"Hi, we are so grateful to get a lot of support from you. Hope you continue to enjoy our offers. If you have any feedback or suggestions, let us know on https://www.traveloka.com/contactus, our customer service would love to serve you in 24 hours. Thank you!",2023-04-21 06:12:16,3.59.0
Neysa fauchizah,"Kecewa bngt ajukan refound tapi terus aja suruh nunggu, buruknya lagi apart yang sudh tidak oprasional tidak di blok dari aplikasi sehingga banyak korban yg tertipu dan saat mengajukan refound slow res dari pihak traveloka nya. Bahkan sampe dana tidak bisa kembali. Mending kalo nominal uang kecil ga masalah!!! Tolong dong pihak traveloka harus bnyak bnyak evaluasi lagi. Sebagai pengguna baru sangan kecewa dan membuat jera sekali!!!!",1,3.76.0,2023-04-21 05:25:43,"Hai Neysa, mohon maaf atas kendala yang kamu alami. Saat ini kendala kamu sedang dalam penanganan tim Hotel Specialist pada nomor laporan 3xxxx684. Mohon menunggu konfirmasi selanjutnya melalui email ya. Terima kasih. -NA",2023-04-21 05:46:53,3.76.0
Samsir Chandra,Wa,5,,2023-04-21 04:55:33,"Hai Samsir, terima kasih sudah menggunakan Traveloka dan rating yang kamu berikan. Jika ada pertanyaan atau kendala yang bisa kami bantu, silakan hubungi kami melalui https://www.traveloka.com/id-id/contactus ya. Terima kasih. -NA",2023-04-21 05:13:46,
Mr. Daroji oji,oke bgt,5,3.56.1,2023-04-21 04:52:43,"Halo Kak, terima kasih banyak atas ratingnya, semoga Kakak tetap nyaman dan selau setia menjadi pelanggan Traveloka. Yuk Kak pantengin terus Traveloka Lifestyle Super App karna kami selalu berikan promo-promo yg menarik loooh, jangan sampai ketinggalan ya :)",2023-04-21 05:12:14,3.56.1
Fajar Sudaryanto,bagus,5,3.75.0,2023-04-21 04:32:25,"Halo Kak, terima kasih banyak atas ratingnya, semoga Kakak tetap nyaman dan selau setia menjadi pelanggan Traveloka. Yuk Kak pantengin terus Traveloka Lifestyle Super App karna kami selalu berikan promo-promo yg menarik loooh, jangan sampai ketinggalan ya :)",2023-04-21 04:42:07,3.75.0
QQ sloter receh,puas,5,3.76.0,2023-04-21 04:31:38,"Hai Kak, terima kasih sudah menggunakan Traveloka dan rating yang kamu berikan. Jika ada pertanyaan atau kendala yang bisa kami bantu, silakan hubungi kami melalui https://www.traveloka.com/id-id/contactus ya. -NA",2023-04-21 04:44:39,3.76.0
Faisal Alwi,oke,5,3.53.0,2023-04-21 04:13:07,"Hai Faisal, yuhuuuy senangnya mendapat bintang lima dari kamu, Kenyamananmu adalah prioritas Kami. Apabila ada pertanyaan, silakan dapat mengirimkan email ke kami di cs@traveloka.com atau pesan inbox di aplikasi Traveloka ya. Terima kasih. -CA",2023-04-21 04:45:05,3.53.0
putri agatha,"good apk , eehh tapi boongg",1,,2023-04-21 03:25:37,"Hai Putri. Jika ada kendala pada pesanan kamu di Traveloka, kamu bisa menghubungi kami melalui https://www.traveloka.com/id-id/contactus. Terima kasih.-MZ",2023-04-21 03:44:40,
Widi Nurul solidah,terimakasih sudah mempermudah untuk mendapatkan tiket pesawat,4,3.76.0,2023-04-21 03:08:43,"Halo Kak, terima kasih banyak atas ratingnya, semoga Kakak tetap nyaman dan selau setia menjadi pelanggan Traveloka. Yuk Kak pantengin terus Traveloka Lifestyle Super App karna kami selalu berikan promo-promo yg menarik loooh, jangan sampai ketinggalan ya :)",2023-04-21 03:12:07,3.76.0
asep kurniawan,good,5,3.76.0,2023-04-21 03:04:03,"Hi, we are so grateful to get a lot of support from you. Hope you continue to enjoy our offers. If you have any feedback or suggestions, let us know on https://www.traveloka.com/contactus, our customer service would love to serve you in 24 hours. Thank you!",2023-04-21 03:12:10,3.76.0
Muhammad Alwi,kurang tiket promo 😁,4,3.76.0,2023-04-21 02:33:40,Hai Alwi. Selalu ada promo lho di Traveloka buat kamu. Yuk cek langsung aja promonya di link https://www.traveloka.com/id-id/promotion. Terima kasih. -RM,2023-04-21 02:45:32,3.76.0
mulia mulyadi,Baik sekal,5,3.76.0,2023-04-21 01:39:16,"Halo Kak, terima kasih banyak atas ratingnya, semoga Kakak tetap nyaman dan selau setia menjadi pelanggan Traveloka. Yuk Kak pantengin terus Traveloka Lifestyle Super App karna kami selalu berikan promo-promo yg menarik loooh, jangan sampai ketinggalan ya :)",2023-04-21 01:42:06,3.76.0
EDY EDY,oke,5,3.72.0,2023-04-21 00:44:26,"Hai Edy, terima kasih sudah menggunakan Traveloka dan rating yang kamu berikan. Jika ada pertanyaan atau kendala yang bisa kami bantu, silakan hubungi kami melalui https://www.traveloka.com/id-id/contactus ya. -NA",2023-04-21 01:17:47,3.72.0
Faqih ahmad,sangat membantu,5,3.76.0,2023-04-21 00:43:57,"Halo Kak, terima kasih banyak atas ratingnya, semoga Kakak tetap nyaman dan selau setia menjadi pelanggan Traveloka. Yuk Kak pantengin terus Traveloka Lifestyle Super App karna kami selalu berikan promo-promo yg menarik loooh, jangan sampai ketinggalan ya :)",2023-04-21 01:12:08,3.76.0
Albed Kennedy,respon cepat,5,3.76.0,2023-04-21 00:40:39,"Halo Kak, terima kasih banyak atas ratingnya, semoga Kakak tetap nyaman dan selau setia menjadi pelanggan Traveloka. Yuk Kak pantengin terus Traveloka Lifestyle Super App karna kami selalu berikan promo-promo yg menarik loooh, jangan sampai ketinggalan ya :)",2023-04-21 00:42:06,3.76.0
Fandy Indra,good,5,3.76.0,2023-04-21 00:15:46,"Hi, we are so grateful to get a lot of support from you. Hope you continue to enjoy our offers. If you have any feedback or suggestions, let us know on https://www.traveloka.com/contactus, our customer service would love to serve you in 24 hours. Thank you!",2023-04-21 00:42:08,3.76.0
Amin Amin,Llb Eans,5,3.76.0,2023-04-20 23:08:20,"Hi, thank you very much for the positive review! Please feel free to contact us at https://www.traveloka.com/contactus we're more than happy to assist you and Stay tuned for more exciting offers on Traveloka Lifestyle Super App.",2023-04-20 23:12:07,3.76.0
Neli Kristiyanti,kemarin error,5,3.76.0,2023-04-20 22:55:56,"Halo, Kak Neli. Kami mohon maaf atas kendala yang dialami saat menggunakan aplikasi kami. Untuk investigasi lebih lanjut, kamu bisa kirimkan screenshot dari error atau penjelasan kendala yang ditemui via https://www.traveloka.com/contactus. Terima kasih 🙏 -RU",2023-04-20 23:14:45,3.76.0
Rachmadi Muherman,luar biasa sangat membantu,5,3.76.0,2023-04-20 22:48:27,"Hi Kak, senang banget nih dapat rating bagus dari Kakak, terima kasih juga atas feedbacknya! Kenyamanan Kakak adalah prioritas Kami, jika ada pertanyaan lainnya jangan sungkan ya untuk infokan pada kami di https://www.traveloka.com/contactus . Jangan sampai ketinggalan penawaran menarik lainnya di Traveloka Lifestye Super Apps.",2023-04-20 23:12:11,3.76.0
Rikhul Khuldi,ok,5,3.76.0,2023-04-20 20:54:21,"Hi, we are so grateful to get a lot of support from you. Hope you continue to enjoy our offers. If you have any feedback or suggestions, let us know on https://www.traveloka.com/contactus, our customer service would love to serve you in 24 hours. Thank you!",2023-04-20 21:12:10,3.76.0
Vicky Heryanto,Ribet,1,3.76.0,2023-04-20 20:53:23,"Hai Vicky. Mohon maaf, supaya kami bisa memahami kendala kamu, mohon bantuannya infokan detail kendalanya beserta nomor pesanan (Jika ada) kamu di https://www.traveloka.com/id-id/contactus, ya Kak. Terima kasih. -KK",2023-04-20 21:18:48,3.76.0
Aryus Danuarta,Proses refund lama banget,1,3.75.0,2023-04-20 20:47:01,"Hai Aryus. Kami mohon maaf atas ketidaknyamanannya. Supaya bisa kami bantu cek status pengajuan refund kamu, mohon bantuannya infokan nomor pesanan kamu di https://www.traveloka.com/id-id/contactus ya Kak. Terima kasih. -KK",2023-04-20 21:16:04,3.75.0
Kartini Ayu,Pokoknya ini yang yerbaik,5,3.76.0,2023-04-20 20:23:08,"Hi Kak, senang banget nih dapat rating bagus dari Kakak, terima kasih juga atas feedbacknya! Kenyamanan Kakak adalah prioritas Kami, jika ada pertanyaan lainnya jangan sungkan ya untuk infokan pada kami di https://www.traveloka.com/contactus . Jangan sampai ketinggalan penawaran menarik lainnya di Traveloka Lifestye Super Apps.",2023-04-20 20:42:10,3.76.0
Sawal awal,Bisa membantu,5,,2023-04-20 19:41:24,"Halo Kak, terima kasih banyak atas ratingnya, semoga Kakak tetap nyaman dan selau setia menjadi pelanggan Traveloka. Yuk Kak pantengin terus Traveloka Lifestyle Super App karna kami selalu berikan promo-promo yg menarik loooh, jangan sampai ketinggalan ya :)",2023-04-20 19:42:06,
Ahmad Huzaini,lumayan bagus,5,3.76.0,2023-04-20 17:44:12,"Halo Kak, terima kasih banyak atas ratingnya, semoga Kakak tetap nyaman dan selau setia menjadi pelanggan Traveloka. Yuk Kak pantengin terus Traveloka Lifestyle Super App karna kami selalu berikan promo-promo yg menarik loooh, jangan sampai ketinggalan ya :)",2023-04-20 18:12:07,3.76.0
FADLY IDRIS OFFICIAL,top,5,3.76.0,2023-04-20 15:04:40,"Hi, thank you very much for the positive review! Please feel free to contact us at https://www.traveloka.com/contactus we're more than happy to assist you and Stay tuned for more exciting offers on Traveloka Lifestyle Super App.",2023-04-20 15:12:13,3.76.0
mommy cahya laura,"Mau lihat harga pesawat gak bisa,trs gitu tiap dibuka,mengecewakan",1,,2023-04-20 14:54:00,"Halo, Kak. Kami mohon maaf atas kendala yang dialami saat menggunakan aplikasi kami. Untuk investigasi lebih lanjut, kamu bisa kirimkan screenshot dari error atau penjelasan kendala yang ditemui via https://www.traveloka.com/contactus. Terima kasih 🙏 -RU",2023-04-20 15:16:17,
Cathy Tuhumena,mudah dan praktis,5,3.75.0,2023-04-20 14:50:16,"Hi Kak, senang banget nih dapat rating bagus dari Kakak, terima kasih juga atas feedbacknya! Kenyamanan Kakak adalah prioritas Kami, jika ada pertanyaan lainnya jangan sungkan ya untuk infokan pada kami di https://www.traveloka.com/contactus . Jangan sampai ketinggalan penawaran menarik lainnya di Traveloka Lifestye Super Apps.",2023-04-20 15:12:18,3.75.0
Yosep Kristoforus,"terbantukan,,🙏🙏🙏",5,3.76.0,2023-04-20 14:50:06,"Hi Kak, terima kasih atas feedbacknya, semoga Kakak tetap setia dengan Traveloka. Jika ada pertanyaan lain bisa langsung infokan pada kami di https://www.traveloka.com/contactus ya, Kak. Pantau terus Traveloka Lifestyle Super App untuk penawaran spesial lainnya!",2023-04-20 15:12:21,3.76.0
And Azis Bangunan,Gimana cara mengatasi hp yg selalu mati mengulangtrus,5,,2023-04-20 14:39:01,"Hai Azis, mohon periksa kembali memory penyimpanan pada ponsel kamu dan pastikan kamu sudah memperbaharui versi terbaru dari aplikasi Traveloka yang kamu miliki ya Kak. Jika masih memiliki kendala kamu bisa menghubungi kami di alamat email cs@traveloka.com ya Kak. Terima kasih. -AK",2023-04-20 14:43:44,
Suheri Rasman,Susah sekali diinstalnya Apk ini,1,,2023-04-20 14:32:52,"Hai, Kak Suheri. Mohon maaf atas kendala yang kamu alami. Mohon pastikan untuk ruang penyimpanan pada perangkat kamu masih cukup ya Kak. Mohon pastikan juga untuk jaringan kamu dalam kondisi stabil. Terima kasih. -RZ",2023-04-20 14:46:45,
Megha Ferry,sgt membantu kami sekeluarga kalo mau trafeling...,5,3.76.0,2023-04-20 13:54:56,"Halo Kak, terima kasih banyak atas ratingnya, semoga Kakak tetap nyaman dan selau setia menjadi pelanggan Traveloka. Yuk Kak pantengin terus Traveloka Lifestyle Super App karna kami selalu berikan promo-promo yg menarik loooh, jangan sampai ketinggalan ya :)",2023-04-20 14:12:07,3.76.0
irma miyo,puas,5,3.76.0,2023-04-20 13:45:35,"Hai, Kak Irma. Terima kasih atas ratingnya. Mimin tunggu pesanan kamu berikutnya ya. Semoga sehat selalu. -RZ",2023-04-20 14:13:38,3.76.0
prajoga novianto,nice. good job,5,3.76.0,2023-04-20 13:37:27,"Hi, thank you very much for the positive review! Please feel free to contact us at https://www.traveloka.com/contactus we're more than happy to assist you and Stay tuned for more exciting offers on Traveloka Lifestyle Super App.",2023-04-20 13:42:09,3.76.0
muhaammad awaluddin nur,Dcfdf__fff yg fresh grads,4,3.72.0,2023-04-20 13:24:41,"Hi, we are so grateful to get a lot of support from you. Hope you continue to enjoy our offers. If you have any feedback or suggestions, let us know on https://www.traveloka.com/contactus, our customer service would love to serve you in 24 hours. Thank you!",2023-04-20 13:42:12,3.72.0
eka rezkya,ok,5,3.76.0,2023-04-20 13:01:32,"Hi, thank you very much for the positive review! Please feel free to contact us at https://www.traveloka.com/contactus we're more than happy to assist you and Stay tuned for more exciting offers on Traveloka Lifestyle Super App.",2023-04-20 13:12:06,3.76.0
hafiz anshari 14,mantap,5,3.76.0,2023-04-20 12:58:47,"Hi Kak, senang banget nih dapat rating bagus dari Kakak, terima kasih juga atas feedbacknya! Kenyamanan Kakak adalah prioritas Kami, jika ada pertanyaan lainnya jangan sungkan ya untuk infokan pada kami di https://www.traveloka.com/contactus . Jangan sampai ketinggalan penawaran menarik lainnya di Traveloka Lifestye Super Apps.",2023-04-20 13:12:09,3.76.0
Ali Antique,Muantab,5,,2023-04-20 12:39:17,"Hai, Kak Ali. Terima kasih atas ratingnya. Mimin tunggu pesanan kamu ya. -RZ",2023-04-20 12:48:43,
Djohan Chang,ok,5,3.76.0,2023-04-20 12:25:27,"Hi, thank you very much for the positive review! Please feel free to contact us at https://www.traveloka.com/contactus we're more than happy to assist you and Stay tuned for more exciting offers on Traveloka Lifestyle Super App.",2023-04-20 12:42:10,3.76.0
Andyka setya,"Sekarang Gak Jelas Sering di undur penerbangan pesawat, stelah pesan tiket kerat jam sekian, jadi hangus",1,,2023-04-20 12:13:41,"Hai, Andyka. Mohon maaf sudah membuatmu tidak nyaman. Dipastikan untuk kenyamanan pengguna Traveloka, kami akan perbaiki dan tingkatkan performa Traveloka. Untuk membantu kendala kamu, mohon hubungi kami melalui tautan ini https://www.traveloka.com/contactus. Terima kasih. -SM",2023-04-20 12:46:56,
Fery Megi,Pay latter hilang gitu aja belum di pakai,1,3.76.0,2023-04-20 11:32:16,"Hai Kak Fery. Mohon maaf sekali ya kak, kami akan berusaha semaksimal mungkin untuk memberikan pelayanan terbaik kami kak. Terkait laporan kamu, pada dasarnya kamu bisa hubungi kami ke IG PayLater Traveloka di link https://www.instagram.com/travelokapaylater/, agar bisa kami bantu lebih lanjut. Terima kasih -KA",2023-04-20 11:45:00,3.76.0
Muhammad Habib Ash Shiddiqi,sangat membantu,5,3.76.0,2023-04-20 11:27:18,"Halo Kak, terima kasih banyak atas ratingnya, semoga Kakak tetap nyaman dan selau setia menjadi pelanggan Traveloka. Yuk Kak pantengin terus Traveloka Lifestyle Super App karna kami selalu berikan promo-promo yg menarik loooh, jangan sampai ketinggalan ya :)",2023-04-20 11:42:07,3.76.0
Mas Paul,Mantul,5,3.76.0,2023-04-20 11:26:48,"Hi Kak, senang banget nih dapat rating bagus dari Kakak, terima kasih juga atas feedbacknya! Kenyamanan Kakak adalah prioritas Kami, jika ada pertanyaan lainnya jangan sungkan ya untuk infokan pada kami di https://www.traveloka.com/contactus . Jangan sampai ketinggalan penawaran menarik lainnya di Traveloka Lifestye Super Apps.",2023-04-20 11:42:10,3.76.0
Suwandi Gunawan,good,4,3.50.0,2023-04-20 11:12:04,Thank you for leaving a good comment to us. Let us know if you have any suggestion for improvement through https://www.traveloka.com/contactus . Stay around for more interesting offers from Traveloka Lifestyle Super App!,2023-04-20 11:42:12,3.50.0
Muh. Ilham,ok lah buat liburan,5,3.75.0,2023-04-20 10:07:35,"Halo Kak, terima kasih banyak atas ratingnya, semoga Kakak tetap nyaman dan selau setia menjadi pelanggan Traveloka. Yuk Kak pantengin terus Traveloka Lifestyle Super App karna kami selalu berikan promo-promo yg menarik loooh, jangan sampai ketinggalan ya :)",2023-04-20 10:12:06,3.75.0
A Dewa69,Tiket dan hotel lumayan mehong penawarannya,2,3.76.0,2023-04-20 10:06:13,"Hai Kak Dewa, harga yang diberikan mengikuti partner, yang mana bisa berubah secara fluktuatif tergantung permintaan tiket, ketersediaan event tertentu, dan inflasi. Terima kasih -DZ",2023-04-20 10:16:07,3.76.0
Topik 123,gak ada promo,5,3.76.0,2023-04-20 09:48:36,"Hai, Topik. Makasih untuk ratingnya. Perihal promo kamu bisa cek pada laman Promo di aplikasi Traveloka kamu ya Kak. Disitun banyak banget promo yang tersedia untuk masing-masing produknya. Terima kasih. -KA",2023-04-20 10:13:45,3.76.0
Arry Caisar Nugraha,"Hati2 dng aplikasi ini, refund tiket pswat banyak bngt potongannya gilakkk",1,3.76.0,2023-04-20 09:26:56,"Hai Caisar, maaf banget buat kamu gak nyaman, sebelumnya mimin infokan untuk ketentuan refund Traveloka sepenuhnya mengikuti kebijakan dari pihak maskapai yang kamu gunakan, mohon informasikan nomor pesanan Traveloka kamu untuk kami bantu cek pada sistem kami melalui email di alamat email cs@traveloka.com. Terima kasih. -AK",2023-04-20 09:43:36,3.76.0
hamimah banyuwangi,"Ixs,sde,ha,, ug",2,,2023-04-20 08:30:40,"Hai Kak Hamimah, kalau ada hal yang ingin kamu tanyakan, silakan sampaikan melalui https://www.traveloka.com/id-id/contactus supaya bisa dibantu :)) -DZ",2023-04-20 08:44:13,
inna innu,sangat membantu,5,3.70.0,2023-04-20 08:10:38,"Halo Kak, terima kasih banyak atas ratingnya, semoga Kakak tetap nyaman dan selau setia menjadi pelanggan Traveloka. Yuk Kak pantengin terus Traveloka Lifestyle Super App karna kami selalu berikan promo-promo yg menarik loooh, jangan sampai ketinggalan ya :)",2023-04-20 08:12:06,3.70.0
Rid Wan,mantap,5,3.56.1,2023-04-20 07:37:07,"Halo Kak, terima kasih banyak atas ratingnya, semoga Kakak tetap nyaman dan selau setia menjadi pelanggan Traveloka. Yuk Kak pantengin terus Traveloka Lifestyle Super App karna kami selalu berikan promo-promo yg menarik loooh, jangan sampai ketinggalan ya :)",2023-04-20 07:42:13,3.56.1
hariyadi am,lanjut,5,,2023-04-20 07:36:57,"Hi Kak, senang banget nih dapat rating bagus dari Kakak, terima kasih juga atas feedbacknya! Kenyamanan Kakak adalah prioritas Kami, jika ada pertanyaan lainnya jangan sungkan ya untuk infokan pada kami di https://www.traveloka.com/contactus . Jangan sampai ketinggalan penawaran menarik lainnya di Traveloka Lifestye Super Apps.",2023-04-20 07:42:15,
Hendra Zhang,baik,5,3.76.0,2023-04-20 07:17:23,"Hi Kak, terima kasih atas feedbacknya, semoga Kakak tetap setia dengan Traveloka. Jika ada pertanyaan lain bisa langsung infokan pada kami di https://www.traveloka.com/contactus ya, Kak. Pantau terus Traveloka Lifestyle Super App untuk penawaran spesial lainnya!",2023-04-20 07:42:18,3.76.0
Imam Kanafi,Mantab,5,3.76.0,2023-04-20 07:09:31,"Halo Kak, terima kasih banyak atas ratingnya, semoga Kakak tetap nyaman dan selau setia menjadi pelanggan Traveloka. Yuk Kak pantengin terus Traveloka Lifestyle Super App karna kami selalu berikan promo-promo yg menarik loooh, jangan sampai ketinggalan ya :)",2023-04-20 07:12:07,3.76.0
yul'aini nurpatria Rachman,membantu sekali,5,3.76.0,2023-04-20 07:03:06,"Hi Kak, senang banget nih dapat rating bagus dari Kakak, terima kasih juga atas feedbacknya! Kenyamanan Kakak adalah prioritas Kami, jika ada pertanyaan lainnya jangan sungkan ya untuk infokan pada kami di https://www.traveloka.com/contactus . Jangan sampai ketinggalan penawaran menarik lainnya di Traveloka Lifestye Super Apps.",2023-04-20 07:12:10,3.76.0
Gagah Hidayatullah,kita lihat dulu cocok 5* atau ndak,5,3.76.0,2023-04-20 06:41:06,"Halo Kak, terima kasih banyak atas ratingnya, semoga Kakak tetap nyaman dan selau setia menjadi pelanggan Traveloka. Yuk Kak pantengin terus Traveloka Lifestyle Super App karna kami selalu berikan promo-promo yg menarik loooh, jangan sampai ketinggalan ya :)",2023-04-20 06:42:07,3.76.0
Esther Vie,"𝚂𝚎𝚕𝚊𝚖𝚊 𝚙𝚎𝚜𝚊𝚗 𝚝𝚒𝚔𝚎𝚝 𝚙𝚎𝚜𝚊𝚠𝚊𝚝 𝚍𝚊𝚗 𝚑𝚘𝚝𝚎𝚕 𝚝𝚒𝚍𝚊𝚔 𝚙𝚎𝚛𝚗𝚊𝚑 𝚖𝚎𝚗𝚐𝚎𝚌𝚎𝚠𝚊𝚔𝚊𝚗 𝚍𝚊𝚗 𝚜𝚎𝚕𝚊𝚕𝚞 𝚝𝚎𝚙𝚊𝚝, 𝚝𝚒𝚍𝚊𝚔 𝚙𝚎𝚛𝚗𝚊𝚑 𝚝𝚎𝚛𝚔𝚎𝚗𝚍𝚊𝚕𝚊",5,3.75.0,2023-04-20 06:26:31,"Hi Kak, senang banget nih dapat rating bagus dari Kakak, terima kasih juga atas feedbacknya! Kenyamanan Kakak adalah prioritas Kami, jika ada pertanyaan lainnya jangan sungkan ya untuk infokan pada kami di https://www.traveloka.com/contactus . Jangan sampai ketinggalan penawaran menarik lainnya di Traveloka Lifestye Super Apps.",2023-04-20 06:42:10,3.75.0
toufik saputra,bagus,5,,2023-04-20 06:05:47,"Halo Kak, terima kasih banyak atas ratingnya, semoga Kakak tetap nyaman dan selau setia menjadi pelanggan Traveloka. Yuk Kak pantengin terus Traveloka Lifestyle Super App karna kami selalu berikan promo-promo yg menarik loooh, jangan sampai ketinggalan ya :)",2023-04-20 06:12:06,
Ikhvan Nur,pelayanan bagus,5,3.76.0,2023-04-20 05:51:20,"Hi Kak, senang banget nih dapat rating bagus dari Kakak, terima kasih juga atas feedbacknya! Kenyamanan Kakak adalah prioritas Kami, jika ada pertanyaan lainnya jangan sungkan ya untuk infokan pada kami di https://www.traveloka.com/contactus . Jangan sampai ketinggalan penawaran menarik lainnya di Traveloka Lifestye Super Apps.",2023-04-20 06:12:09,3.76.0
Irvan Richardo,"Apk gajelas, tiket di undur trus mau refund dipersulit",1,3.37.0,2023-04-20 05:44:49,"Hai, Irvan. Mohon maaf sebelumnya atas ketidaknyamanan yang kamu alami. Jika memiliki kendala terkait refund Traveloka kamu, silakan hubungi kami melalui email di cs@traveloka.com atau pesan di aplikasi Traveloka kamu ya. Terima kasih. -NT",2023-04-20 06:14:55,3.37.0
Rosadi,mantap,5,3.76.0,2023-04-20 05:44:13,"Hi Kak, terima kasih atas feedbacknya, semoga Kakak tetap setia dengan Traveloka. Jika ada pertanyaan lain bisa langsung infokan pada kami di https://www.traveloka.com/contactus ya, Kak. Pantau terus Traveloka Lifestyle Super App untuk penawaran spesial lainnya!",2023-04-20 06:12:11,3.76.0
Muhamad Ibnu abdullah,Tttttttaaaaaiiiiiiii,1,,2023-04-20 04:50:57,"Hai Ibnu. Mohon maaf sebelumnya atas ketidaknyamanan yang kamu alami. Jika memiliki kendala terkait pemesanan Traveloka kamu, silakan hubungi kami melalui email di cs@traveloka.com atau pesan di aplikasi Traveloka kamu ya. Terima kasih. -NT",2023-04-20 05:16:44,
Muh Jhey Jhey,Saya setuju,5,,2023-04-20 04:12:38,"Halo Kak, terima kasih banyak atas ratingnya, semoga Kakak tetap nyaman dan selau setia menjadi pelanggan Traveloka. Yuk Kak pantengin terus Traveloka Lifestyle Super App karna kami selalu berikan promo-promo yg menarik loooh, jangan sampai ketinggalan ya :)",2023-04-20 04:42:06,
Mt Untoro,sangat membantu mobilitas,5,3.76.0,2023-04-20 04:12:35,"Hi Kak, senang banget nih dapat rating bagus dari Kakak, terima kasih juga atas feedbacknya! Kenyamanan Kakak adalah prioritas Kami, jika ada pertanyaan lainnya jangan sungkan ya untuk infokan pada kami di https://www.traveloka.com/contactus . Jangan sampai ketinggalan penawaran menarik lainnya di Traveloka Lifestye Super Apps.",2023-04-20 04:42:09,3.76.0
Mitra Phone,👍,5,3.76.0,2023-04-20 03:36:24,"Hai Kak. Terima kasih banyak atas ratingnya, semoga kamu tetap nyaman dan selalu setia menjadi pelanggan Traveloka. Yuk Kak pantengin terus Traveloka Lifestyle Super App karna kami selalu berikan promo-promo yang menarik. Jangan sampai ketinggalan ya. -KA",2023-04-20 03:49:41,3.76.0
Irianto 131,bagus banget,5,3.76.0,2023-04-20 03:17:23,"Halo Kak, terima kasih banyak atas ratingnya, semoga Kakak tetap nyaman dan selau setia menjadi pelanggan Traveloka. Yuk Kak pantengin terus Traveloka Lifestyle Super App karna kami selalu berikan promo-promo yg menarik loooh, jangan sampai ketinggalan ya :)",2023-04-20 03:42:11,3.76.0
Megachan Okey,ok,5,3.76.0,2023-04-20 03:12:11,"Hi, we are so grateful to get a lot of support from you. Hope you continue to enjoy our offers. If you have any feedback or suggestions, let us know on https://www.traveloka.com/contactus, our customer service would love to serve you in 24 hours. Thank you!",2023-04-20 03:42:14,3.76.0
Bazoke Yuana,best lah,5,3.76.0,2023-04-20 02:58:40,"Halo Kak, terima kasih banyak atas ratingnya, semoga Kakak tetap nyaman dan selau setia menjadi pelanggan Traveloka. Yuk Kak pantengin terus Traveloka Lifestyle Super App karna kami selalu berikan promo-promo yg menarik loooh, jangan sampai ketinggalan ya :)",2023-04-20 03:12:09,3.76.0
Ridwan Adiwangsa,mudah,5,3.76.0,2023-04-20 02:30:12,"Halo Kak, terima kasih banyak atas ratingnya, semoga Kakak tetap nyaman dan selau setia menjadi pelanggan Traveloka. Yuk Kak pantengin terus Traveloka Lifestyle Super App karna kami selalu berikan promo-promo yg menarik loooh, jangan sampai ketinggalan ya :)",2023-04-20 02:42:08,3.76.0
Jojo Gaol,semoga bisa lebih murah lagi,5,3.76.0,2023-04-20 02:23:09,"Hi Kak, senang banget nih dapat rating bagus dari Kakak, terima kasih juga atas feedbacknya! Kenyamanan Kakak adalah prioritas Kami, jika ada pertanyaan lainnya jangan sungkan ya untuk infokan pada kami di https://www.traveloka.com/contactus . Jangan sampai ketinggalan penawaran menarik lainnya di Traveloka Lifestye Super Apps.",2023-04-20 02:42:11,3.76.0
Faber Aksi,mantab terimakasih jadi mudah,5,3.76.0,2023-04-20 01:24:23,"Hi Kak, senang banget nih dapat rating bagus dari Kakak, terima kasih juga atas feedbacknya! Kenyamanan Kakak adalah prioritas Kami, jika ada pertanyaan lainnya jangan sungkan ya untuk infokan pada kami di https://www.traveloka.com/contactus . Jangan sampai ketinggalan penawaran menarik lainnya di Traveloka Lifestye Super Apps.",2023-04-20 01:42:09,3.76.0
Irma Nayla,sangatt membantu bagus n hrga lumayan ok,5,3.76.0,2023-04-20 01:00:57,"Halo Kak, terima kasih banyak atas ratingnya, semoga Kakak tetap nyaman dan selau setia menjadi pelanggan Traveloka. Yuk Kak pantengin terus Traveloka Lifestyle Super App karna kami selalu berikan promo-promo yg menarik loooh, jangan sampai ketinggalan ya :)",2023-04-20 01:12:07,3.76.0
Gundol Gundol,mantap,4,,2023-04-20 00:51:56,"Hi Kak, senang banget nih dapat rating bagus dari Kakak, terima kasih juga atas feedbacknya! Kenyamanan Kakak adalah prioritas Kami, jika ada pertanyaan lainnya jangan sungkan ya untuk infokan pada kami di https://www.traveloka.com/contactus . Jangan sampai ketinggalan penawaran menarik lainnya di Traveloka Lifestye Super Apps.",2023-04-20 01:12:09,
Ramla Dahlan,bagus,5,3.76.0,2023-04-20 00:30:30,"Halo Kak, terima kasih banyak atas ratingnya, semoga Kakak tetap nyaman dan selau setia menjadi pelanggan Traveloka. Yuk Kak pantengin terus Traveloka Lifestyle Super App karna kami selalu berikan promo-promo yg menarik loooh, jangan sampai ketinggalan ya :)",2023-04-20 00:42:06,3.76.0
Muhammad Rusdi,terbaik,5,3.60.0,2023-04-19 23:42:35,"Halo Kak, terima kasih banyak atas ratingnya, semoga Kakak tetap nyaman dan selau setia menjadi pelanggan Traveloka. Yuk Kak pantengin terus Traveloka Lifestyle Super App karna kami selalu berikan promo-promo yg menarik loooh, jangan sampai ketinggalan ya :)",2023-04-20 00:12:06,3.60.0
Mahmodi Suksesmandiri,sangat membantu,5,3.75.0,2023-04-19 23:35:02,"Halo Kak, terima kasih banyak atas ratingnya, semoga Kakak tetap nyaman dan selau setia menjadi pelanggan Traveloka. Yuk Kak pantengin terus Traveloka Lifestyle Super App karna kami selalu berikan promo-promo yg menarik loooh, jangan sampai ketinggalan ya :)",2023-04-19 23:42:06,3.75.0
Bisri Moch,good job,5,3.76.0,2023-04-19 21:56:30,"Hi, thank you very much for the positive review! Please feel free to contact us at https://www.traveloka.com/contactus we're more than happy to assist you and Stay tuned for more exciting offers on Traveloka Lifestyle Super App.",2023-04-19 22:12:06,3.76.0
channel naura salsabila,sangat membantu,5,3.76.0,2023-04-19 21:43:18,"Hi Kak, senang banget nih dapat rating bagus dari Kakak, terima kasih juga atas feedbacknya! Kenyamanan Kakak adalah prioritas Kami, jika ada pertanyaan lainnya jangan sungkan ya untuk infokan pada kami di https://www.traveloka.com/contactus . Jangan sampai ketinggalan penawaran menarik lainnya di Traveloka Lifestye Super Apps.",2023-04-19 22:12:10,3.76.0
Roy Kristanto,good,5,3.74.1,2023-04-19 21:29:05,"Hi, thank you very much for the positive review! Please feel free to contact us at https://www.traveloka.com/contactus we're more than happy to assist you and Stay tuned for more exciting offers on Traveloka Lifestyle Super App.",2023-04-19 21:42:08,3.74.1
andre montero,excellent,5,3.76.0,2023-04-19 21:06:24,"Hi, thank you very much for the positive review! Please feel free to contact us at https://www.traveloka.com/contactus we're more than happy to assist you and Stay tuned for more exciting offers on Traveloka Lifestyle Super App.",2023-04-19 21:12:07,3.76.0
MiraKim hndyn,"Di aplikasi ada pemberitahuan refund telah berhasil dan nomor pesanan udh di hapus tapi dana nya ga nyampe di rekening, anehhh",3,3.74.0,2023-04-19 20:43:39,"Hai Mira, mohon maaf banget terkait hal ini ya. Boleh infokan nomor pesanan kamu melalui tautan berikut, untuk pengecekan lebih lanjut ya https://www.traveloka.com/id-id/contactus. Terima kasih. -OR",2023-04-19 21:15:04,3.74.0
Asfari Nurdin,Sagat membantu,4,3.69.0,2023-04-19 20:20:51,"Halo Kak, terima kasih banyak atas ratingnya, semoga Kakak tetap nyaman dan selau setia menjadi pelanggan Traveloka. Yuk Kak pantengin terus Traveloka Lifestyle Super App karna kami selalu berikan promo-promo yg menarik loooh, jangan sampai ketinggalan ya :)",2023-04-19 20:42:08,3.69.0
Jainal,Tzmpilan poto poho galeri potongan pisahtampakumitalk bedak bedanyatai otomatirupa orakan rupa copi nyatumi plakenali ukur dempuluam pinisirupasti duga aslian kenali deketokan gejigrak lemit jigrak copyan aslian baru sambungi potongapikan,1,3.76.0,2023-04-19 17:07:59,"Hai, Kak Jainal. Kalau kamu memiliki pertanyaan atau kendala, bisa sampaikan dengan menghubungi kami melalui https://www.traveloka.com/contactus ya. Terima kasih. -RU",2023-04-19 17:17:56,3.76.0
Ferry Efendy,kebanyakan erornya masak hotel di bali biasa 300rb naik 15juta.gila.......gak ke bali gak apa2 sdh.,1,3.76.0,2023-04-19 16:41:09,"Halo, Ferry. Kami mohon maaf atas kendala yang dialami saat menggunakan aplikasi kami. Untuk investigasi lebih lanjut, kamu bisa kirimkan screenshot dari error atau penjelasan kendala yang ditemui via https://www.traveloka.com/contactus. Terima kasih. -RU",2023-04-19 16:45:49,3.76.0
Dega sadera,performance 🔥🔥🔥,5,3.75.0,2023-04-19 16:37:50,"Hi, thank you very much for the positive review! Please feel free to contact us at https://www.traveloka.com/contactus we're more than happy to assist you and Stay tuned for more exciting offers on Traveloka Lifestyle Super App.",2023-04-19 16:42:08,3.75.0
Ani Susi,g do d,3,3.64.0,2023-04-19 16:27:19,"Hai Susi, makasih ya untuk feedback kamu. Jika ada pertanyaan, boleh sampaikan melalui tautan ini ya https://www.traveloka.com/id-id/contactus. Terima kasih. -OR",2023-04-19 16:45:20,3.64.0
setyo setiaji,lumayan,5,3.75.0,2023-04-19 16:20:21,"Hi Kak, senang banget nih dapat rating bagus dari Kakak, terima kasih juga atas feedbacknya! Kenyamanan Kakak adalah prioritas Kami, jika ada pertanyaan lainnya jangan sungkan ya untuk infokan pada kami di https://www.traveloka.com/contactus . Jangan sampai ketinggalan penawaran menarik lainnya di Traveloka Lifestye Super Apps.",2023-04-19 16:42:12,3.75.0
Afian Tono,"simpel, cepat dan akurat",5,3.53.0,2023-04-19 16:07:50,"Halo Kak, terima kasih banyak atas ratingnya, semoga Kakak tetap nyaman dan selau setia menjadi pelanggan Traveloka. Yuk Kak pantengin terus Traveloka Lifestyle Super App karna kami selalu berikan promo-promo yg menarik loooh, jangan sampai ketinggalan ya :)",2023-04-19 16:12:08,3.53.0
LORD BAHA,Ahsyiappp,5,3.75.0,2023-04-19 15:34:00,"Hi, thank you very much for the positive review! Please feel free to contact us at https://www.traveloka.com/contactus we're more than happy to assist you and Stay tuned for more exciting offers on Traveloka Lifestyle Super App.",2023-04-19 15:42:07,3.75.0
taufik firmansyah,mantap,3,3.76.0,2023-04-19 15:02:08,"Hai, Kak Taufik . Terima kasih atas reviewnya. Semoga ke depannya kami bisa dapat bintang 5 dari kamu ya Kak :) -RU",2023-04-19 15:13:56,3.76.0
Duky Firmansyah,Ok,5,3.76.0,2023-04-19 14:56:59,"Hi, thank you very much for the positive review! Please feel free to contact us at https://www.traveloka.com/contactus we're more than happy to assist you and Stay tuned for more exciting offers on Traveloka Lifestyle Super App.",2023-04-19 15:12:09,3.76.0
Edi Surawan,sangat puas,5,3.76.0,2023-04-19 13:51:01,"Halo Kak, terima kasih banyak atas ratingnya, semoga Kakak tetap nyaman dan selau setia menjadi pelanggan Traveloka. Yuk Kak pantengin terus Traveloka Lifestyle Super App karna kami selalu berikan promo-promo yg menarik loooh, jangan sampai ketinggalan ya :)",2023-04-19 14:12:06,3.76.0
Abdul Rohmat,pelayanan sangat memuaskan,5,3.76.0,2023-04-19 13:42:20,"Hi Kak, senang banget nih dapat rating bagus dari Kakak, terima kasih juga atas feedbacknya! Kenyamanan Kakak adalah prioritas Kami, jika ada pertanyaan lainnya jangan sungkan ya untuk infokan pada kami di https://www.traveloka.com/contactus . Jangan sampai ketinggalan penawaran menarik lainnya di Traveloka Lifestye Super Apps.",2023-04-19 14:12:09,3.76.0
Wewen Jhohannes,mantap,5,3.76.0,2023-04-19 13:28:42,"Halo Kak, terima kasih banyak atas ratingnya, semoga Kakak tetap nyaman dan selau setia menjadi pelanggan Traveloka. Yuk Kak pantengin terus Traveloka Lifestyle Super App karna kami selalu berikan promo-promo yg menarik loooh, jangan sampai ketinggalan ya :)",2023-04-19 13:42:06,3.76.0
Dohar Sinaga,platform yang sangat membantu..👍🏻,5,3.76.0,2023-04-19 13:16:36,"Hi Kak, senang banget nih dapat rating bagus dari Kakak, terima kasih juga atas feedbacknya! Kenyamanan Kakak adalah prioritas Kami, jika ada pertanyaan lainnya jangan sungkan ya untuk infokan pada kami di https://www.traveloka.com/contactus . Jangan sampai ketinggalan penawaran menarik lainnya di Traveloka Lifestye Super Apps.",2023-04-19 13:42:09,3.76.0
Christian Miracle,Biasa aja,5,,2023-04-19 13:08:23,Halo Christian. Jika kamu memiliki pertanyaan/kendala jangan ragu menghubungi kami melalui tautan https://www.traveloka.com/id-id/contactus. Terima kasih. -SC,2023-04-19 13:16:26,
kwee yohanes sumargi,ok oc,5,3.76.0,2023-04-19 12:33:28,"Hi, thank you very much for the positive review! Please feel free to contact us at https://www.traveloka.com/contactus we're more than happy to assist you and Stay tuned for more exciting offers on Traveloka Lifestyle Super App.",2023-04-19 12:42:23,3.76.0
Made Cris Liem,"top, ngga pernah kecewa",5,3.76.0,2023-04-19 10:47:30,"Halo Kak, terima kasih banyak atas ratingnya, semoga Kakak tetap nyaman dan selau setia menjadi pelanggan Traveloka. Yuk Kak pantengin terus Traveloka Lifestyle Super App karna kami selalu berikan promo-promo yg menarik loooh, jangan sampai ketinggalan ya :)",2023-04-19 11:12:06,3.76.0
Dedy Tjahjono,cepat dan membantu sekali,5,3.76.0,2023-04-19 10:02:21,"Halo Kak, terima kasih banyak atas ratingnya, semoga Kakak tetap nyaman dan selau setia menjadi pelanggan Traveloka. Yuk Kak pantengin terus Traveloka Lifestyle Super App karna kami selalu berikan promo-promo yg menarik loooh, jangan sampai ketinggalan ya :)",2023-04-19 10:12:12,3.76.0
Wiwik Ubo,sangat membatu perjalanan saya,5,3.76.0,2023-04-19 09:59:12,"Hi Kak, senang banget nih dapat rating bagus dari Kakak, terima kasih juga atas feedbacknya! Kenyamanan Kakak adalah prioritas Kami, jika ada pertanyaan lainnya jangan sungkan ya untuk infokan pada kami di https://www.traveloka.com/contactus . Jangan sampai ketinggalan penawaran menarik lainnya di Traveloka Lifestye Super Apps.",2023-04-19 10:12:15,3.76.0
Wahyu Effendi,mempermudah pembelian tiket,5,3.67.0,2023-04-19 09:58:24,"Hi Kak, terima kasih atas feedbacknya, semoga Kakak tetap setia dengan Traveloka. Jika ada pertanyaan lain bisa langsung infokan pada kami di https://www.traveloka.com/contactus ya, Kak. Pantau terus Traveloka Lifestyle Super App untuk penawaran spesial lainnya!",2023-04-19 10:12:18,3.67.0
Taufik Darmawan,Mantap,5,3.76.0,2023-04-19 09:54:16,"Halo Kak, terima kasih banyak atas ratingnya, semoga Kakak tetap nyaman dan selau setia menjadi pelanggan Traveloka. Yuk Kak pantengin terus Traveloka Lifestyle Super App karna kami selalu berikan promo-promo yg menarik loooh, jangan sampai ketinggalan ya :)",2023-04-19 10:12:21,3.76.0
Naskah 2022,kereen memuaskan,5,3.76.0,2023-04-19 09:43:18,"Hi Kak, terima kasih atas feedbacknya, semoga Kakak tetap setia dengan Traveloka. Jika ada pertanyaan lain bisa langsung infokan pada kami di https://www.traveloka.com/contactus ya, Kak. Pantau terus Traveloka Lifestyle Super App untuk penawaran spesial lainnya!",2023-04-19 10:12:26,3.76.0
Jalil Jalu,mantap cepat,5,3.73.0,2023-04-19 08:39:19,"Halo Kak, terima kasih banyak atas ratingnya, semoga Kakak tetap nyaman dan selau setia menjadi pelanggan Traveloka. Yuk Kak pantengin terus Traveloka Lifestyle Super App karna kami selalu berikan promo-promo yg menarik loooh, jangan sampai ketinggalan ya :)",2023-04-19 08:42:08,3.73.0
Yudis Tira,Untuk Reschedule dari minggu lalu ku coba gk bisa terus pas buka halaman pengisian data,1,3.76.0,2023-04-19 08:35:56,"Hai, Yudis. Mohon maaf atas kendala yang kamu alami. Kami cek kamu sudah ada laporan via email di 31xxxx22. Kami sarankan kamu merespon email dari tim cs dengan memberikan nomor pesanan yang ingin diajukan reschedule. Silakan cek kembali email kamu. Terima kasih.-TK",2023-04-19 08:46:56,3.76.0
Diana Permatasari Umbu Dagha,very helpfull,5,3.76.0,2023-04-19 07:32:53,"Hi, thank you very much for the positive review! Please feel free to contact us at https://www.traveloka.com/contactus we're more than happy to assist you and Stay tuned for more exciting offers on Traveloka Lifestyle Super App.",2023-04-19 07:42:06,3.76.0
Dede Agung Evantyo Siregar,bagus dan sangat membantu,5,3.76.0,2023-04-19 07:20:33,"Hi Kak, senang banget nih dapat rating bagus dari Kakak, terima kasih juga atas feedbacknya! Kenyamanan Kakak adalah prioritas Kami, jika ada pertanyaan lainnya jangan sungkan ya untuk infokan pada kami di https://www.traveloka.com/contactus . Jangan sampai ketinggalan penawaran menarik lainnya di Traveloka Lifestye Super Apps.",2023-04-19 07:42:09,3.76.0
rzqiaaa,lumayan,4,3.76.0,2023-04-19 07:04:55,"Halo Kak, terima kasih banyak atas ratingnya, semoga Kakak tetap nyaman dan selau setia menjadi pelanggan Traveloka. Yuk Kak pantengin terus Traveloka Lifestyle Super App karna kami selalu berikan promo-promo yg menarik loooh, jangan sampai ketinggalan ya :)",2023-04-19 07:12:05,3.76.0
intan masitoh,"Traveloka emang kurang ajar ngajuin refund ga dikembalikan uang nya potongan juga besar,,,,semoga cepat bangkrut aamiin.",1,3.76.0,2023-04-19 06:49:12,"Hai, Intan. Mohon maaf atas ketidaknyamanan kamu. Pada dasarnya refund yang diajukan dan dana yang akan kamu terima, mengikuti kebijakan pihak maskapai ya Kak. Kami cek saat ini kamu sudah ada laporan via pesan aplikasi dengan nomor laporan 31xxxx76. Silakan cek kembali info dari tim kami ya Kak. Terima kasih.-TK",2023-04-19 07:15:57,3.76.0
akhmad eksan,sanggat bagus,5,3.76.0,2023-04-19 06:34:11,"Halo Kak, terima kasih banyak atas ratingnya, semoga Kakak tetap nyaman dan selau setia menjadi pelanggan Traveloka. Yuk Kak pantengin terus Traveloka Lifestyle Super App karna kami selalu berikan promo-promo yg menarik loooh, jangan sampai ketinggalan ya :)",2023-04-19 06:42:07,3.76.0
Icang Darmantara,mantap,5,3.76.0,2023-04-19 06:16:25,"Hi Kak, senang banget nih dapat rating bagus dari Kakak, terima kasih juga atas feedbacknya! Kenyamanan Kakak adalah prioritas Kami, jika ada pertanyaan lainnya jangan sungkan ya untuk infokan pada kami di https://www.traveloka.com/contactus . Jangan sampai ketinggalan penawaran menarik lainnya di Traveloka Lifestye Super Apps.",2023-04-19 06:42:10,3.76.0
roby siswanto,good,5,3.76.0,2023-04-19 06:02:39,"Hi, thank you very much for the positive review! Please feel free to contact us at https://www.traveloka.com/contactus we're more than happy to assist you and Stay tuned for more exciting offers on Traveloka Lifestyle Super App.",2023-04-19 06:12:06,3.76.0
Mei Rysta,Bolleh sih,3,3.76.0,2023-04-19 05:48:48,"Hai, Kak Mei. Terima kasih buat feedbacknya, semoga kamu tetap setia dengan Traveloka. Kalau ada kendala jangan sungkan ya untuk infokan pada kami melalui https://www.traveloka.com/contactus. Kami tunggu bintang 5-nya. -SM",2023-04-19 06:14:32,3.76.0
Wahyu Mulyadi,ok,5,3.76.0,2023-04-19 05:47:07,"Hi, we are so grateful to get a lot of support from you. Hope you continue to enjoy our offers. If you have any feedback or suggestions, let us know on https://www.traveloka.com/contactus, our customer service would love to serve you in 24 hours. Thank you!",2023-04-19 06:12:10,3.76.0
edo edi,👍,5,3.75.0,2023-04-19 05:18:26,"Halo, Edo. Senangnya dapat bintang lima dari kamu. Terima kasih untuk apresiasinya ya, semoga kamu tetap nyaman dan selalu setia menjadi pelanggan Traveloka. -SM",2023-04-19 05:47:26,3.75.0
Riyan Array,mantaaap,5,3.76.0,2023-04-19 05:10:27,"Hai, Riyan. Terima kasih atas penilaian dan feedback dari kamu, kami akan terus meningkat kepuasan para pengguna. Jika ada pertanyaan lainnya jangan sungkan ya untuk infokan pada kami di https://www.traveloka.com/contactus. Jangan sampai ketinggalan penawaran menarik lainnya di Traveloka Lifestye Super Apps. Terima kasih. -KK",2023-04-19 05:29:54,3.76.0
Kereta ARS,tap,5,3.76.0,2023-04-19 04:42:42,"Hi, thank you very much for the positive review! Please feel free to contact us at https://www.traveloka.com/contactus we're more than happy to assist you and Stay tuned for more exciting offers on Traveloka Lifestyle Super App.",2023-04-19 05:12:10,3.76.0
Kiki Cantik,awesome,5,3.76.0,2023-04-19 04:28:33,"Hi, we are so grateful to get a lot of support from you. Hope you continue to enjoy our offers. If you have any feedback or suggestions, let us know on https://www.traveloka.com/contactus, our customer service would love to serve you in 24 hours. Thank you!",2023-04-19 04:42:10,3.76.0
Ira Haris,Pelayanan ok semua ada disini,5,3.4.0,2023-04-19 03:50:16,"Halo Kak, terima kasih banyak atas ratingnya, semoga Kakak tetap nyaman dan selau setia menjadi pelanggan Traveloka. Yuk Kak pantengin terus Traveloka Lifestyle Super App karna kami selalu berikan promo-promo yg menarik loooh, jangan sampai ketinggalan ya :)",2023-04-19 04:12:13,3.4.0
Yana Kuswana,recomended,5,3.76.0,2023-04-19 03:34:34,"Hi, thank you very much for the positive review! Please feel free to contact us at https://www.traveloka.com/contactus we're more than happy to assist you and Stay tuned for more exciting offers on Traveloka Lifestyle Super App.",2023-04-19 03:42:14,3.76.0
rey angle,Kok sekarang jadi susah pesen tiket kereta ya..tukisannya belum melayani rute ini..padahal pesen buat bulan mei...tolong bantuannya saya harus gimana,1,3.76.0,2023-04-19 03:09:50,"Hai Rey. Mohon maaf atas kendala yang kamu alami ya. Jika keterangan seperti itu pada saat pemesanan Tiket Kereta Api, berarti PT KAI belum melayani rute tersebut atau belum dibuka kembali, Kak. Untuk itu mimin sarankan kamu coba kembali atau pilih tanggal lain, ya. Terima kasih. -KK",2023-04-19 03:16:17,3.76.0
Ratna Herlina,bagus,5,3.69.1,2023-04-19 02:43:48,"Hi Kak, senang banget nih dapat rating bagus dari Kakak, terima kasih juga atas feedbacknya! Kenyamanan Kakak adalah prioritas Kami, jika ada pertanyaan lainnya jangan sungkan ya untuk infokan pada kami di https://www.traveloka.com/contactus . Jangan sampai ketinggalan penawaran menarik lainnya di Traveloka Lifestye Super Apps.",2023-04-19 03:12:10,3.69.1
Kiki Pitapang,"Tolong lebih proporsional menginfokan penerbangan yg reschedule oleh maskapai, jika perlu tidak usah bekerja sama dengan lion air!",1,3.75.0,2023-04-19 02:18:44,"Hai, Kiki. Mohon maaf atas ketidaknyamannya. Dipastikan untuk kenyamanan pengguna Traveloka, kami akan perbaiki dan tingkatkan performa Traveloka. Kalau kamu memiliki kendala pesanan di Traveloka, mohon hubungi kami melalui tautan ini https://www.traveloka.com/id-id/contactus. Terima kasih 🙏 -WR",2023-04-19 02:45:23,3.75.0
kodirlulukTV,baik,4,3.76.0,2023-04-19 02:03:26,"Halo Kak, terima kasih banyak atas ratingnya, semoga Kakak tetap nyaman dan selau setia menjadi pelanggan Traveloka. Yuk Kak pantengin terus Traveloka Lifestyle Super App karna kami selalu berikan promo-promo yg menarik loooh, jangan sampai ketinggalan ya :)",2023-04-19 02:12:08,3.76.0
Ayu Lidya,mantab dan lancar,5,3.76.0,2023-04-19 01:49:16,"Hi Kak, senang banget nih dapat rating bagus dari Kakak, terima kasih juga atas feedbacknya! Kenyamanan Kakak adalah prioritas Kami, jika ada pertanyaan lainnya jangan sungkan ya untuk infokan pada kami di https://www.traveloka.com/contactus . Jangan sampai ketinggalan penawaran menarik lainnya di Traveloka Lifestye Super Apps.",2023-04-19 02:12:11,3.76.0
Achmadi Achmad,Bagus,5,3.76.0,2023-04-19 01:36:08,"Halo Kak, terima kasih banyak atas ratingnya, semoga Kakak tetap nyaman dan selau setia menjadi pelanggan Traveloka. Yuk Kak pantengin terus Traveloka Lifestyle Super App karna kami selalu berikan promo-promo yg menarik loooh, jangan sampai ketinggalan ya :)",2023-04-19 01:42:07,3.76.0
Vivo V5s,Bagus,5,3.76.0,2023-04-19 01:33:45,"Hi Kak, senang banget nih dapat rating bagus dari Kakak, terima kasih juga atas feedbacknya! Kenyamanan Kakak adalah prioritas Kami, jika ada pertanyaan lainnya jangan sungkan ya untuk infokan pada kami di https://www.traveloka.com/contactus . Jangan sampai ketinggalan penawaran menarik lainnya di Traveloka Lifestye Super Apps.",2023-04-19 01:42:11,3.76.0
Jeremi ang Jeremi,terbaik,5,3.76.0,2023-04-19 01:01:56,"Halo Kak, terima kasih banyak atas ratingnya, semoga Kakak tetap nyaman dan selau setia menjadi pelanggan Traveloka. Yuk Kak pantengin terus Traveloka Lifestyle Super App karna kami selalu berikan promo-promo yg menarik loooh, jangan sampai ketinggalan ya :)",2023-04-19 01:12:07,3.76.0
far sya,mantap semoga pertama kali dapet hotel yg memuaskan,5,3.76.0,2023-04-19 00:46:38,"Hi Kak, senang banget nih dapat rating bagus dari Kakak, terima kasih juga atas feedbacknya! Kenyamanan Kakak adalah prioritas Kami, jika ada pertanyaan lainnya jangan sungkan ya untuk infokan pada kami di https://www.traveloka.com/contactus . Jangan sampai ketinggalan penawaran menarik lainnya di Traveloka Lifestye Super Apps.",2023-04-19 01:12:10,3.76.0
Suranto Ranto,ok,5,3.76.0,2023-04-19 00:09:28,"Hi, thank you very much for the positive review! Please feel free to contact us at https://www.traveloka.com/contactus we're more than happy to assist you and Stay tuned for more exciting offers on Traveloka Lifestyle Super App.",2023-04-19 00:12:07,3.76.0
Asya As,Traveloka is the best for me. For a long time,5,3.76.0,2023-04-18 23:58:15,"Hi, we are so grateful to get a lot of support from you. Hope you continue to enjoy our offers. If you have any feedback or suggestions, let us know on https://www.traveloka.com/contactus, our customer service would love to serve you in 24 hours. Thank you!",2023-04-19 00:12:09,3.76.0
Sibaluak luak,Semoga kedepannya semakin Canggih,4,,2023-04-18 23:51:50,"Hi Kak, terima kasih atas feedbacknya, semoga Kakak tetap setia dengan Traveloka. Jika ada pertanyaan lain bisa langsung infokan pada kami di https://www.traveloka.com/contactus ya, Kak. Pantau terus Traveloka Lifestyle Super App untuk penawaran spesial lainnya!",2023-04-19 00:12:12,
Ibu Tumiyati,"Untuk pengisian via Uang ku,kalau malam /lewat tengah malam agak lama.",5,3.76.0,2023-04-18 22:43:18,"Halo Kak, terima kasih banyak atas ratingnya, semoga Kakak tetap nyaman dan selau setia menjadi pelanggan Traveloka. Yuk Kak pantengin terus Traveloka Lifestyle Super App karna kami selalu berikan promo-promo yg menarik loooh, jangan sampai ketinggalan ya :)",2023-04-18 23:12:08,3.76.0
punkstreet gokil,"Kalo sudah login otomatis data keisi dong!! Mau beli tiket kereta ketinggalan terus gara2 harus mSukin data, kan udah login data udah ada, lol",1,3.75.0,2023-04-18 22:15:21,Hai Kak. Mohon maaf atas ketidaknyamanannya. Mohon untuk sampaikan keluhan kamu secara detail melalui https://www.traveloka.com/id-id/contactus. Supaya kami dapat membantu permasalahan kamu. Terima kasih. -DA,2023-04-18 22:43:32,3.75.0
Sofyan Pamuji,good,5,3.31.2,2023-04-18 21:56:22,"Hi, thank you very much for the positive review! Please feel free to contact us at https://www.traveloka.com/contactus we're more than happy to assist you and Stay tuned for more exciting offers on Traveloka Lifestyle Super App.",2023-04-18 22:12:07,3.31.2
Djhon,cara cepat untuk pembelian tickets. thankyou🙏,5,3.76.0,2023-04-18 21:51:25,"Hi Kak, senang banget nih dapat rating bagus dari Kakak, terima kasih juga atas feedbacknya! Kenyamanan Kakak adalah prioritas Kami, jika ada pertanyaan lainnya jangan sungkan ya untuk infokan pada kami di https://www.traveloka.com/contactus . Jangan sampai ketinggalan penawaran menarik lainnya di Traveloka Lifestye Super Apps.",2023-04-18 22:12:10,3.76.0
Nuril Fajriah,mudah dan terpercaya,5,3.76.0,2023-04-18 21:43:19,"Hi Kak, terima kasih atas feedbacknya, semoga Kakak tetap setia dengan Traveloka. Jika ada pertanyaan lain bisa langsung infokan pada kami di https://www.traveloka.com/contactus ya, Kak. Pantau terus Traveloka Lifestyle Super App untuk penawaran spesial lainnya!",2023-04-18 22:12:12,3.76.0
helena Elen,Mantab,5,,2023-04-18 21:37:50,"Halo Kak, terima kasih banyak atas ratingnya, semoga Kakak tetap nyaman dan selau setia menjadi pelanggan Traveloka. Yuk Kak pantengin terus Traveloka Lifestyle Super App karna kami selalu berikan promo-promo yg menarik loooh, jangan sampai ketinggalan ya :)",2023-04-18 21:42:07,
klowor chanel,gampang dan tidak ribet 👍👍👍,5,3.76.0,2023-04-18 19:49:48,"Halo Kak, terima kasih banyak atas ratingnya, semoga Kakak tetap nyaman dan selau setia menjadi pelanggan Traveloka. Yuk Kak pantengin terus Traveloka Lifestyle Super App karna kami selalu berikan promo-promo yg menarik loooh, jangan sampai ketinggalan ya :)",2023-04-18 20:12:06,3.76.0
Panji Setiawan,ok,4,3.76.0,2023-04-18 18:17:15,"Hi, thank you very much for the positive review! Please feel free to contact us at https://www.traveloka.com/contactus we're more than happy to assist you and Stay tuned for more exciting offers on Traveloka Lifestyle Super App.",2023-04-18 18:42:07,3.76.0
Dennis Sihaloho,Jelek,1,,2023-04-18 17:47:50,"Hai Dennis, mohon maaf atas sudah membuat kamu tidak nyaman. Jika kamu mempunyai kendala terkait pemesanan atau produk Traveloka. Mohon dapat menginformasikan kepada kami melalui link https://www.traveloka.com/id-id/contactus untuk pengecekan lebih lanjut. Terima kasih. -AH",2023-04-18 18:16:41,
nafisahbilah ramadani,"Kecewa bgt sih, parah, sama traveloka. Yg tadinya limit paylater 2,9juta di potong jadi 1,3 juta. Dengan alasan naik level trs emailnya masuk katanya pembayaran saya sering terlambat. Sy jatuh tempo tiap tgl 2. Tiap tgl 25 bulan sebelumnya itu sy byr dluan, jd ga prnh telat slama pake paylater. Tohh bukti2 pembayaran ada smua dr awal bayar ga prnh telat samsek. Tp alasan di potong krn itu. Yg masuk akal kek. Misal dlm kurun bbrp bln sy tdk melakukan perjalanan yah bisa2 saja. Dahh kapok bgt😪",3,3.76.0,2023-04-18 15:54:03,"Halo Nafisah, mohon maaf ketidaknyamanan ini ya. Boleh infokan email dan nomor ponsel PayLater kamu melalui tautan ini https://www.traveloka.com/id-id/contactus untuk pengecekan lebih lanjut ya. Terima kasih. -OR",2023-04-18 16:21:09,3.76.0
Samto Pramono,Mudah dan cepat,5,3.76.0,2023-04-18 15:50:36,"Halo Kak, terima kasih banyak atas ratingnya, semoga Kakak tetap nyaman dan selau setia menjadi pelanggan Traveloka. Yuk Kak pantengin terus Traveloka Lifestyle Super App karna kami selalu berikan promo-promo yg menarik loooh, jangan sampai ketinggalan ya :)",2023-04-18 16:12:10,3.76.0
dimas yanuar,ok,5,3.75.0,2023-04-18 14:49:44,"Hi, thank you very much for the positive review! Please feel free to contact us at https://www.traveloka.com/contactus we're more than happy to assist you and Stay tuned for more exciting offers on Traveloka Lifestyle Super App.",2023-04-18 15:12:07,3.75.0
Yusuf Rosyida,layanan cepat,5,3.72.0,2023-04-18 14:18:36,"Halo Kak, terima kasih banyak atas ratingnya, semoga Kakak tetap nyaman dan selau setia menjadi pelanggan Traveloka. Yuk Kak pantengin terus Traveloka Lifestyle Super App karna kami selalu berikan promo-promo yg menarik loooh, jangan sampai ketinggalan ya :)",2023-04-18 14:42:07,3.72.0
Asmi Ambo,"Aplikasi yang bagus, kalo bisa diadain dong untuk tiket PELNI.",4,,2023-04-18 13:52:39,"Halo Kak, terima kasih banyak atas ratingnya, semoga Kakak tetap nyaman dan selau setia menjadi pelanggan Traveloka. Yuk Kak pantengin terus Traveloka Lifestyle Super App karna kami selalu berikan promo-promo yg menarik loooh, jangan sampai ketinggalan ya :)",2023-04-18 14:12:07,
imox nizar,bagus,5,3.76.0,2023-04-18 13:20:32,"Halo Kak, terima kasih banyak atas ratingnya, semoga Kakak tetap nyaman dan selau setia menjadi pelanggan Traveloka. Yuk Kak pantengin terus Traveloka Lifestyle Super App karna kami selalu berikan promo-promo yg menarik loooh, jangan sampai ketinggalan ya :)",2023-04-18 13:42:08,3.76.0
Andy Chimokage,okey,3,3.19.0,2023-04-18 13:18:19,"Terima kasih ya kak Andy untuk penilaian kamu, jangan lupa selalu pesan menggunakan aplikasi Traveloka untuk menjadi teman liburan kamu dan jangan ragu menghubungi kami melalui alamat email kami di cs@traveloka.com jika mendapati kendala terkait pemesanan kamu ya kak. Terima kasih -AK",2023-04-18 13:47:01,3.19.0
Syarifah Tarimiranda,bagus cepat,5,3.56.1,2023-04-18 12:44:52,"Hi Kak, senang banget nih dapat rating bagus dari Kakak, terima kasih juga atas feedbacknya! Kenyamanan Kakak adalah prioritas Kami, jika ada pertanyaan lainnya jangan sungkan ya untuk infokan pada kami di https://www.traveloka.com/contactus . Jangan sampai ketinggalan penawaran menarik lainnya di Traveloka Lifestye Super Apps.",2023-04-18 13:12:14,3.56.1
Rayfan Sunoko,mantap,5,3.76.0,2023-04-18 12:27:35,"Halo Kak, terima kasih banyak atas ratingnya, semoga Kakak tetap nyaman dan selau setia menjadi pelanggan Traveloka. Yuk Kak pantengin terus Traveloka Lifestyle Super App karna kami selalu berikan promo-promo yg menarik loooh, jangan sampai ketinggalan ya :)",2023-04-18 12:42:06,3.76.0
Arief Suwandito,bagus,5,3.63.1,2023-04-18 11:28:01,"Halo Kak, terima kasih banyak atas ratingnya, semoga Kakak tetap nyaman dan selau setia menjadi pelanggan Traveloka. Yuk Kak pantengin terus Traveloka Lifestyle Super App karna kami selalu berikan promo-promo yg menarik loooh, jangan sampai ketinggalan ya :)",2023-04-18 11:42:07,3.63.1
KETIKA KITA BERHARAP KPD SELAIN ALLAH PASTI KECEWA,ok,5,3.76.0,2023-04-18 11:13:53,"Hi, we are so grateful to get a lot of support from you. Hope you continue to enjoy our offers. If you have any feedback or suggestions, let us know on https://www.traveloka.com/contactus, our customer service would love to serve you in 24 hours. Thank you!",2023-04-18 11:42:12,3.76.0
Subaidah 2000,Mau pesan tiket gak bisa terus mau isi data diri aduh gimana ini,3,,2023-04-18 10:27:48,"Hai, Subaidah. Maaf banget ya buat kendala yang terjadi. Terkait kendala yang terjadi, mohon dibantu kirimkan screenshot tersebut melalui link https://www.traveloka.com/contactus ya. Kami akan berusaha untuk membantu kendala kamu. Terima kasih. -RF",2023-04-18 10:44:29,
Zulfi Much (John),Tidak bisa chek in,1,,2023-04-18 09:09:37,"Hai Zulfi, mohon informasikan detail kendala check-in yang kamu maksudkan melalui email kami di alamat email cs@traveloka.com dengan menyertakan nomor pesanan Traveloka kamu ya Kak. Terima kasih. -AK",2023-04-18 09:18:04,
Dimas Saputra,menjadi praktis bersama traveloka,5,3.75.0,2023-04-18 08:54:39,"Halo Kak, terima kasih banyak atas ratingnya, semoga Kakak tetap nyaman dan selau setia menjadi pelanggan Traveloka. Yuk Kak pantengin terus Traveloka Lifestyle Super App karna kami selalu berikan promo-promo yg menarik loooh, jangan sampai ketinggalan ya :)",2023-04-18 09:12:09,3.75.0
Mochiqbal asnawi,👍👍,5,3.76.0,2023-04-18 08:51:31,"Halo, Mochiqbal. Senangnya dapat bintang lima dari kamu. Terima kasih untuk apresiasinya ya, semoga kamu tetap nyaman dan selalu setia menjadi pelanggan Traveloka. -SM",2023-04-18 09:15:37,3.76.0
teguh Harry,Very Good,5,3.75.0,2023-04-18 08:44:25,"Hi, we are so grateful to get a lot of support from you. Hope you continue to enjoy our offers. If you have any feedback or suggestions, let us know on https://www.traveloka.com/contactus, our customer service would love to serve you in 24 hours. Thank you!",2023-04-18 09:12:14,3.75.0
Ardian Syah,Maksimalkan pelayanan MU Kawan🏅,5,3.76.0,2023-04-18 08:37:38,"Halo Kak, terima kasih banyak atas ratingnya, semoga Kakak tetap nyaman dan selau setia menjadi pelanggan Traveloka. Yuk Kak pantengin terus Traveloka Lifestyle Super App karna kami selalu berikan promo-promo yg menarik loooh, jangan sampai ketinggalan ya :)",2023-04-18 08:42:07,3.76.0
Jumianto 27,Kok g BS d install klu mslh memori udh bsar kk 8 GB kok msih g BS d install,1,,2023-04-18 08:33:33,"Hai, Jumianto. Mohon maaf atas ketidaknyamanan yang terjadi. Pastikan memori internal pada handphone kamu tidak penuh ya. Kalau memiliki kendala lain, mohon hubungi kami melalui tautan ini https://www.traveloka.com/id-id/contactus untuk dibantu cek lebih lanjut ya. Terima kasih 🙏 -WR",2023-04-18 02:47:32,
Rizky Della Ananda,sangat membantu untuk pembelian tiket,5,3.69.0,2023-04-18 08:25:52,"Hi Kak, senang banget nih dapat rating bagus dari Kakak, terima kasih juga atas feedbacknya! Kenyamanan Kakak adalah prioritas Kami, jika ada pertanyaan lainnya jangan sungkan ya untuk infokan pada kami di https://www.traveloka.com/contactus . Jangan sampai ketinggalan penawaran menarik lainnya di Traveloka Lifestye Super Apps.",2023-04-18 08:42:10,3.69.0
andri rajawalie123,sangat baik,5,3.76.0,2023-04-18 07:53:48,"Halo Kak, terima kasih banyak atas ratingnya, semoga Kakak tetap nyaman dan selau setia menjadi pelanggan Traveloka. Yuk Kak pantengin terus Traveloka Lifestyle Super App karna kami selalu berikan promo-promo yg menarik loooh, jangan sampai ketinggalan ya :)",2023-04-18 08:12:07,3.76.0
Fahrizal Razil,"keren kali order melalui traveloka, ga pake lama harga ok",4,3.76.0,2023-04-18 07:50:12,"Hi Kak, senang banget nih dapat rating bagus dari Kakak, terima kasih juga atas feedbacknya! Kenyamanan Kakak adalah prioritas Kami, jika ada pertanyaan lainnya jangan sungkan ya untuk infokan pada kami di https://www.traveloka.com/contactus . Jangan sampai ketinggalan penawaran menarik lainnya di Traveloka Lifestye Super Apps.",2023-04-18 08:12:09,3.76.0
R. Haryo Gumilar,tidak ada pemandu cara pembayaran,3,3.76.0,2023-04-18 07:13:36,"Hai, Haryo. Mohon maaf sebelumnya. Terkait prosedur pembayaran, kamu bisa kunjungi tautan berikut: https://www.traveloka.com/id-id/how-to/pay. Jika kamu memiliki kendala pembayaran, silakan sampaikan melalui https://www.traveloka.com/contactus agar kami dapat bantu cek lebih lanjut. Terima kasih. -VK",2023-04-18 07:44:54,3.76.0
Zazel Aurelia Pedrosa,Pokonya Membantu sekali Joss...,5,3.76.0,2023-04-18 06:56:31,"Halo Kak, terima kasih banyak atas ratingnya, semoga Kakak tetap nyaman dan selau setia menjadi pelanggan Traveloka. Yuk Kak pantengin terus Traveloka Lifestyle Super App karna kami selalu berikan promo-promo yg menarik loooh, jangan sampai ketinggalan ya :)",2023-04-18 07:12:07,3.76.0
Dino Aling,respon cepat,5,3.76.0,2023-04-18 06:23:44,"Halo Kak, terima kasih banyak atas ratingnya, semoga Kakak tetap nyaman dan selau setia menjadi pelanggan Traveloka. Yuk Kak pantengin terus Traveloka Lifestyle Super App karna kami selalu berikan promo-promo yg menarik loooh, jangan sampai ketinggalan ya :)",2023-04-18 06:42:15,3.76.0
Lhk_0352,lebih murah dari semuanya,5,3.76.0,2023-04-18 06:19:17,"Hi Kak, senang banget nih dapat rating bagus dari Kakak, terima kasih juga atas feedbacknya! Kenyamanan Kakak adalah prioritas Kami, jika ada pertanyaan lainnya jangan sungkan ya untuk infokan pada kami di https://www.traveloka.com/contactus . Jangan sampai ketinggalan penawaran menarik lainnya di Traveloka Lifestye Super Apps.",2023-04-18 06:42:17,3.76.0
Tang San,Di aplikasih ini emang tdk tersedia untuk tiket kapal laut ya,1,,2023-04-18 05:32:36,"Halo, Kak Tang San. Mohon maaf, belum tersedia untuk tiket kapal ya. Jika kamu mempunyai pertanyaan lain bisa hubungi kami melalui https://www.traveloka.com/id-id/contactus. Terima kasih. -PA",2023-04-18 05:47:12,
Fajar Falahudien,ok dah pokoknya,5,3.76.0,2023-04-18 04:57:03,"Hai, Fajar. Terima kasih untuk review dan bintang 5 yang kamu berikan ya, mimin senang banget deh lihatnya hehehe. Sehat dan sukses selalu buat kamu serta keluarga. Mimin tunggu pesanan kamu selanjutnya :) -AM",2023-04-18 05:15:00,3.76.0
danang taufik karunia,cepat,5,3.76.0,2023-04-18 04:25:38,"Halo Kak, terima kasih banyak atas ratingnya, semoga Kakak tetap nyaman dan selau setia menjadi pelanggan Traveloka. Yuk Kak pantengin terus Traveloka Lifestyle Super App karna kami selalu berikan promo-promo yg menarik loooh, jangan sampai ketinggalan ya :)",2023-04-18 04:42:05,3.76.0
Aulia Dewi Rahmawati,sangat membatu thanks traveloka,5,3.75.0,2023-04-18 04:22:16,"Hi Kak, senang banget nih dapat rating bagus dari Kakak, terima kasih juga atas feedbacknya! Kenyamanan Kakak adalah prioritas Kami, jika ada pertanyaan lainnya jangan sungkan ya untuk infokan pada kami di https://www.traveloka.com/contactus . Jangan sampai ketinggalan penawaran menarik lainnya di Traveloka Lifestye Super Apps.",2023-04-18 04:42:08,3.75.0
Ato Huang,puas dan hemat,5,3.76.0,2023-04-18 04:12:18,"Hi Kak, terima kasih atas feedbacknya, semoga Kakak tetap setia dengan Traveloka. Jika ada pertanyaan lain bisa langsung infokan pada kami di https://www.traveloka.com/contactus ya, Kak. Pantau terus Traveloka Lifestyle Super App untuk penawaran spesial lainnya!",2023-04-18 04:42:10,3.76.0
Azrul Hasibuan,godd,5,3.76.0,2023-04-18 03:39:39,"Hi, Azrul. Thank you for the review and 5 stars. We are so happy to see this! If you want to ask something about Traveloka, please contact us through this link https://www.traveloka.com/contactus :) -AM",2023-04-18 04:40:10,3.76.0
Boey 007,mantap,5,3.76.0,2023-04-18 03:32:21,"Halo Kak, terima kasih banyak atas ratingnya, semoga Kakak tetap nyaman dan selau setia menjadi pelanggan Traveloka. Yuk Kak pantengin terus Traveloka Lifestyle Super App karna kami selalu berikan promo-promo yg menarik loooh, jangan sampai ketinggalan ya :)",2023-04-18 03:42:08,3.76.0
Miku Miku,fast respon,5,3.76.0,2023-04-18 03:07:29,"Hi, we are so grateful to get a lot of support from you. Hope you continue to enjoy our offers. If you have any feedback or suggestions, let us know on https://www.traveloka.com/contactus, our customer service would love to serve you in 24 hours. Thank you!",2023-04-18 03:12:13,3.76.0
yogo arsyanto,simpel jd gampang pakai aplikasinya,5,3.68.0,2023-04-18 02:20:27,"Halo Kak, terima kasih banyak atas ratingnya, semoga Kakak tetap nyaman dan selau setia menjadi pelanggan Traveloka. Yuk Kak pantengin terus Traveloka Lifestyle Super App karna kami selalu berikan promo-promo yg menarik loooh, jangan sampai ketinggalan ya :)",2023-04-18 02:42:08,3.68.0
andi He Jaya,mudah penggunaan nya,4,3.75.0,2023-04-18 00:43:28,"Hi Kak, senang banget nih dapat rating bagus dari Kakak, terima kasih juga atas feedbacknya! Kenyamanan Kakak adalah prioritas Kami, jika ada pertanyaan lainnya jangan sungkan ya untuk infokan pada kami di https://www.traveloka.com/contactus . Jangan sampai ketinggalan penawaran menarik lainnya di Traveloka Lifestye Super Apps.",2023-04-18 01:12:09,3.75.0
Bonar 1612,kereeeen,5,3.75.0,2023-04-17 23:59:15,"Halo Kak, terima kasih banyak atas ratingnya, semoga Kakak tetap nyaman dan selau setia menjadi pelanggan Traveloka. Yuk Kak pantengin terus Traveloka Lifestyle Super App karna kami selalu berikan promo-promo yg menarik loooh, jangan sampai ketinggalan ya :)",2023-04-18 00:12:07,3.75.0
Nismah S.Pd.I,mudah & cepat,5,3.67.0,2023-04-17 23:56:49,"Hi Kak, senang banget nih dapat rating bagus dari Kakak, terima kasih juga atas feedbacknya! Kenyamanan Kakak adalah prioritas Kami, jika ada pertanyaan lainnya jangan sungkan ya untuk infokan pada kami di https://www.traveloka.com/contactus . Jangan sampai ketinggalan penawaran menarik lainnya di Traveloka Lifestye Super Apps.",2023-04-18 00:12:09,3.67.0
Lucong Mikhayla,mantap,5,3.76.0,2023-04-17 22:50:21,"Halo Kak, terima kasih banyak atas ratingnya, semoga Kakak tetap nyaman dan selau setia menjadi pelanggan Traveloka. Yuk Kak pantengin terus Traveloka Lifestyle Super App karna kami selalu berikan promo-promo yg menarik loooh, jangan sampai ketinggalan ya :)",2023-04-17 23:12:06,3.76.0
arman sakka,mantap,4,3.75.0,2023-04-17 22:33:33,"Halo Kak, terima kasih banyak atas ratingnya, semoga Kakak tetap nyaman dan selau setia menjadi pelanggan Traveloka. Yuk Kak pantengin terus Traveloka Lifestyle Super App karna kami selalu berikan promo-promo yg menarik loooh, jangan sampai ketinggalan ya :)",2023-04-17 22:42:06,3.75.0
Xzan Nugroho,Mantap harganya. Padahal beda akun beda harga hampir2x lipat.,2,3.76.0,2023-04-17 21:26:14,"Hai, Nugroho. Terima kasih atas feedbacknya, semoga Kakak tetap setia dengan Traveloka. Jika ada pertanyaan lain bisa langsung infokan pada kami di https://www.traveloka.com/contactus ya, Kak. Pantau terus Traveloka Lifestyle Super App untuk penawaran spesial lainnya! -CA",2023-04-17 21:43:14,3.76.0
Julix Damasta,Bagus,5,3.76.0,2023-04-17 20:48:18,"Halo Kak, terima kasih banyak atas ratingnya, semoga Kakak tetap nyaman dan selau setia menjadi pelanggan Traveloka. Yuk Kak pantengin terus Traveloka Lifestyle Super App karna kami selalu berikan promo-promo yg menarik loooh, jangan sampai ketinggalan ya :)",2023-04-17 21:12:07,3.76.0
Latifah DN Kamalah,Rute bus nya tidak lengkap,1,3.76.0,2023-04-17 20:13:58,"Hai Latifah, mengenai ketersediaan jadwal keberangkatan mengikuti dari pihak PO Bus ya. Apabila kamu ada pertanyaan, silakan dapat hubungi kami di https://www.traveloka.com/id-id/contactus. Terima kasih. -CA",2023-04-17 20:44:42,3.76.0
DHIAN,Good,5,3.52.0,2023-04-17 16:27:24,"Hi, thank you very much for the positive review! Please feel free to contact us at https://www.traveloka.com/contactus we're more than happy to assist you and Stay tuned for more exciting offers on Traveloka Lifestyle Super App.",2023-04-17 16:42:07,3.52.0
Eri Kubang,"Harga tiket awal 1.505.000 Saya ambil untuk 2 orang berarti 3.010.000... Setelah diproses, kok harga yg harus anda bayar menjadi 3.320.000 Apa ini, apa masalahnya ??? Kok jauh beda servisnya dari tahun2 sebelumnya ???",1,3.76.0,2023-04-17 16:25:10,"Hai, Eri. Mohon maaf atas ketidaknyamanannya. Pada dasarnya terkait dengan kebijakan harga dapat berubah sewaktu waktu mengikuti langsung dari pihak penyedia layanan. Namun agar kami dapat membantu permasalahan kamu, mohon untuk sampaikan keluhan kamu secara detail melalui https://www.traveloka.com/id-id/contactus. Terima kasih. -DA",2023-04-17 16:45:34,3.76.0
Aristania Franciska,"Selalu puas dengan aplikasi traveloka, sungguh sangat membantu aku. Tq yah traveloka",5,3.69.1,2023-04-17 16:15:56,"Hi Kak, senang banget nih dapat rating bagus dari Kakak, terima kasih juga atas feedbacknya! Kenyamanan Kakak adalah prioritas Kami, jika ada pertanyaan lainnya jangan sungkan ya untuk infokan pada kami di https://www.traveloka.com/contactus . Jangan sampai ketinggalan penawaran menarik lainnya di Traveloka Lifestye Super Apps.",2023-04-17 16:42:11,3.69.1
charles tanarif,senang aja menggunakan aplikasi Traveloka dalam pembelian tiket pesawat dan hotel 🤓👍,5,3.76.0,2023-04-17 15:51:47,"Halo Kak, terima kasih banyak atas ratingnya, semoga Kakak tetap nyaman dan selau setia menjadi pelanggan Traveloka. Yuk Kak pantengin terus Traveloka Lifestyle Super App karna kami selalu berikan promo-promo yg menarik loooh, jangan sampai ketinggalan ya :)",2023-04-17 16:12:10,3.76.0
wahyu abubisma,Kenapa kota tujuan nggak lengkap,3,3.76.0,2023-04-17 15:45:32,"Hai, Wahyu. Mohon maaf atas ketidaknyamanan yang Kamu alami. Untuk membantu kami memahami kendala kamu, mohon bantuannya untuk menginformasikan detail kendala yang dimaksud beserta nomor pesanan kamu (jika ada) melalui pesan pada aplikasi kamu atau melalui email ke cs@traveloka.com. Agar kami bantu lebih cek lebih lanjut. Terima kasih. -CA",2023-04-17 16:13:31,3.76.0
Rio Diponegoro,sangat membantu 👍,5,3.76.0,2023-04-17 15:43:54,"Hi Kak, senang banget nih dapat rating bagus dari Kakak, terima kasih juga atas feedbacknya! Kenyamanan Kakak adalah prioritas Kami, jika ada pertanyaan lainnya jangan sungkan ya untuk infokan pada kami di https://www.traveloka.com/contactus . Jangan sampai ketinggalan penawaran menarik lainnya di Traveloka Lifestye Super Apps.",2023-04-17 16:12:14,3.76.0
Doni End,impressive,5,3.69.1,2023-04-17 15:40:56,"Hi, thank you very much for the positive review! Please feel free to contact us at https://www.traveloka.com/contactus we're more than happy to assist you and Stay tuned for more exciting offers on Traveloka Lifestyle Super App.",2023-04-17 15:42:19,3.69.1
Sierra Pradja,Holiday here we goo...,5,3.76.0,2023-04-17 15:03:58,"Hi, thank you very much for the positive review! Please feel free to contact us at https://www.traveloka.com/contactus we're more than happy to assist you and Stay tuned for more exciting offers on Traveloka Lifestyle Super App.",2023-04-17 15:12:08,3.76.0
faizah widiafnan,makasih traveloka...sempat was2 gak dpt tiket murah buat perjalanan luar kota...tetap memberikan yg terbaik buat pelanggan yg lain ya..sukses selalu,5,3.76.0,2023-04-17 14:16:22,"Halo Kak, terima kasih banyak atas ratingnya, semoga Kakak tetap nyaman dan selau setia menjadi pelanggan Traveloka. Yuk Kak pantengin terus Traveloka Lifestyle Super App karna kami selalu berikan promo-promo yg menarik loooh, jangan sampai ketinggalan ya :)",2023-04-17 14:42:07,3.76.0
Angga Widodo,sangat memudah kan untuk membeli tiket pesawat,5,3.76.0,2023-04-17 14:09:25,"Halo Kak, terima kasih banyak atas ratingnya, semoga Kakak tetap nyaman dan selau setia menjadi pelanggan Traveloka. Yuk Kak pantengin terus Traveloka Lifestyle Super App karna kami selalu berikan promo-promo yg menarik loooh, jangan sampai ketinggalan ya :)",2023-04-17 14:12:07,3.76.0
Abdul Mufid,sangat puas,5,3.76.0,2023-04-17 13:43:54,"Hi Kak, senang banget nih dapat rating bagus dari Kakak, terima kasih juga atas feedbacknya! Kenyamanan Kakak adalah prioritas Kami, jika ada pertanyaan lainnya jangan sungkan ya untuk infokan pada kami di https://www.traveloka.com/contactus . Jangan sampai ketinggalan penawaran menarik lainnya di Traveloka Lifestye Super Apps.",2023-04-17 14:12:10,3.76.0
Basyir Boy,sangat membantu,5,3.76.0,2023-04-17 13:24:11,"Halo Kak, terima kasih banyak atas ratingnya, semoga Kakak tetap nyaman dan selau setia menjadi pelanggan Traveloka. Yuk Kak pantengin terus Traveloka Lifestyle Super App karna kami selalu berikan promo-promo yg menarik loooh, jangan sampai ketinggalan ya :)",2023-04-17 13:42:06,3.76.0
ade irawan,Mantap,5,3.74.0,2023-04-17 13:15:01,"Hi Kak, terima kasih atas feedbacknya, semoga Kakak tetap setia dengan Traveloka. Jika ada pertanyaan lain bisa langsung infokan pada kami di https://www.traveloka.com/contactus ya, Kak. Pantau terus Traveloka Lifestyle Super App untuk penawaran spesial lainnya!",2023-04-17 13:42:11,3.74.0
Dody Ekaputra,mantap,5,,2023-04-17 13:12:43,"Halo Kak, terima kasih banyak atas ratingnya, semoga Kakak tetap nyaman dan selau setia menjadi pelanggan Traveloka. Yuk Kak pantengin terus Traveloka Lifestyle Super App karna kami selalu berikan promo-promo yg menarik loooh, jangan sampai ketinggalan ya :)",2023-04-17 13:42:14,
R. Karina Dwi Lestari P.P,"Ini kenapa yah kok gak bisa login ke akunku, malah masuknya jadi login baru, pdhal emailnya sama. Udah logout trus login lagi tetep sama. Masuknya ke akun yg baru, trus akun lama saya di kemanaiiin coba",1,3.76.0,2023-04-17 11:05:10,"Hai Karina. Mohon maaf sekali ya kak, kami akan berusaha semaksimal mungkin untuk memberikan pelayanan terbaik kami kak. Terkait laporan kamu, pada dasarnya kamu bisa hubungi kami di https://trv.lk/contactus, agar bisa kami bantu lebih lanjut. Terima kasih -KA",2023-04-17 11:14:27,3.76.0
Jihad Nugroho,Biaya2 tambahan nya byk sekali,4,3.41.0,2023-04-17 10:31:29,"Halo Kak, terima kasih banyak atas ratingnya, semoga Kakak tetap nyaman dan selau setia menjadi pelanggan Traveloka. Yuk Kak pantengin terus Traveloka Lifestyle Super App karna kami selalu berikan promo-promo yg menarik loooh, jangan sampai ketinggalan ya :)",2023-04-17 10:42:06,3.41.0
Gu.collection,sangat membantu sekali,5,3.1.1,2023-04-17 08:21:34,"Hi Kak, senang banget nih dapat rating bagus dari Kakak, terima kasih juga atas feedbacknya! Kenyamanan Kakak adalah prioritas Kami, jika ada pertanyaan lainnya jangan sungkan ya untuk infokan pada kami di https://www.traveloka.com/contactus . Jangan sampai ketinggalan penawaran menarik lainnya di Traveloka Lifestye Super Apps.",2023-04-17 08:42:09,3.1.1
Ray Ryana,mantap,5,3.74.0,2023-04-17 08:02:04,"Halo Kak, terima kasih banyak atas ratingnya, semoga Kakak tetap nyaman dan selau setia menjadi pelanggan Traveloka. Yuk Kak pantengin terus Traveloka Lifestyle Super App karna kami selalu berikan promo-promo yg menarik loooh, jangan sampai ketinggalan ya :)",2023-04-17 08:12:06,3.74.0
Sibghatullah Arrasyid,keren dn,5,3.76.0,2023-04-17 07:28:59,Makasih ya Kak Sibghatullah sudah setia bersama Traveloka :)) -DZ,2023-04-17 07:43:16,3.76.0
vlademier tesalonika pangemanan,Hallo mohon bantuannya. Saya tidak bisa login saat instal baru di hape saya yg lain untuk memindahkan aku traveloka. Saya stack di pilihan negara dan bahasa. Tidak bisa lanjut di hape xiaomi poco m4 pro,3,3.76.0,2023-04-17 07:27:29,"Hai, Vlademier. Mohon maaf sekali ya kak, kami akan berusaha semaksimal mungkin untuk memberikan pelayanan terbaik kami kak. Terkait laporan kamu, pada dasarnya kamu bisa hubungi kami di https://trv.lk/contactus, agar bisa kami bantu lebih lanjut. Terima kasih -KA",2023-04-17 07:45:59,3.76.0
wisno barasa,good,5,3.70.1,2023-04-17 07:06:32,"Hi, thank you very much for the positive review! Please feel free to contact us at https://www.traveloka.com/contactus we're more than happy to assist you and Stay tuned for more exciting offers on Traveloka Lifestyle Super App.",2023-04-17 07:12:07,3.70.1
Abas Pranoto,Blokirr,1,,2023-04-17 06:42:02,"Hai Kak Abas, kalau ada hal yang ingin kamu tanyakan, silakan sampaikan pada https://www.traveloka.com/id-id/contactus. Terima kasih -DZ",2023-04-17 07:19:42,
Feri,recommended app,5,3.76.0,2023-04-17 06:15:23,"Hi, we are so grateful to get a lot of support from you. Hope you continue to enjoy our offers. If you have any feedback or suggestions, let us know on https://www.traveloka.com/contactus, our customer service would love to serve you in 24 hours. Thank you!",2023-04-17 06:42:08,3.76.0
MUHAMAD HAERUL UMAM,mantap,5,3.76.0,2023-04-17 05:42:14,"Halo Kak, terima kasih banyak atas ratingnya, semoga Kakak tetap nyaman dan selau setia menjadi pelanggan Traveloka. Yuk Kak pantengin terus Traveloka Lifestyle Super App karna kami selalu berikan promo-promo yg menarik loooh, jangan sampai ketinggalan ya :)",2023-04-17 06:12:07,3.76.0
herdi nata,memudahkan,5,3.76.0,2023-04-17 05:34:00,"Halo Kak, terima kasih banyak atas ratingnya, semoga Kakak tetap nyaman dan selau setia menjadi pelanggan Traveloka. Yuk Kak pantengin terus Traveloka Lifestyle Super App karna kami selalu berikan promo-promo yg menarik loooh, jangan sampai ketinggalan ya :)",2023-04-17 05:42:06,3.76.0
sugi wiryono,K m mmmn0 9 kl ldo km nk8lzx Mohon d mm m xlmm,3,3.76.0,2023-04-17 05:23:59,"Halo, Kak Sugi. Terima kasih atas rating yang kamu berikan. Jika kamu mempunyai pertanyaan lain, bisa hubungi kami melalui https://www.traveloka.com/id-id/contactus ya. Terima kasih. -PA",2023-04-17 05:44:42,3.76.0
Achmad Nurrudin,bgus,5,3.64.0,2023-04-17 05:13:32,"Hai Achmad, terima kasih sudah menggunakan Traveloka dan rating yang kamu berikan. Jika ada pertanyaan atau kendala yang bisa kami bantu, silakan hubungi kami melalui https://www.traveloka.com/id-id/contactus ya. Terima kasih. -NA
",2023-04-17 05:43:31,3.64.0
Yansen Wandenda,Kecewa!!!...Saat mendaftar paylater slalu ada kendala dalam pengisian alamat. Padahal alamat sudah sesuai. Harap di perbaiki,1,3.75.0,2023-04-17 04:49:46,"Halo, Yansen. Mohon maaf atas ketidaknyamanannya, agar dapat kami bantu lakukan pengecekan. Kamu bisa hubungi kami langsung ke akun IG PayLater Traveloka https://www.instagram.com/travelokapaylater/ ya. Lampirkan juga foto/screenshot kendala kamu yang muncul. Terima kasih. -PA",2023-04-17 05:16:33,3.75.0
Yosefina Ola,terbaik dan memudahkan kita kalau mau travel,5,3.76.0,2023-04-17 04:07:46,"Halo Kak, terima kasih banyak atas ratingnya, semoga Kakak tetap nyaman dan selau setia menjadi pelanggan Traveloka. Yuk Kak pantengin terus Traveloka Lifestyle Super App karna kami selalu berikan promo-promo yg menarik loooh, jangan sampai ketinggalan ya :)",2023-04-17 04:12:16,3.76.0
Perius Wenda,Saya ingin mengikuti nya bagimana cara membuat nya,5,,2023-04-17 03:53:37,"Hi Kak, senang banget nih dapat rating bagus dari Kakak, terima kasih juga atas feedbacknya! Kenyamanan Kakak adalah prioritas Kami, jika ada pertanyaan lainnya jangan sungkan ya untuk infokan pada kami di https://www.traveloka.com/contactus . Jangan sampai ketinggalan penawaran menarik lainnya di Traveloka Lifestye Super Apps.",2023-04-17 04:12:19,
Hefry Alfaros,good,5,3.76.0,2023-04-17 03:22:24,"Hi, we are so grateful to get a lot of support from you. Hope you continue to enjoy our offers. If you have any feedback or suggestions, let us know on https://www.traveloka.com/contactus, our customer service would love to serve you in 24 hours. Thank you!",2023-04-17 03:42:10,3.76.0
esty ray,"Kenapa tiap di buka aplikasi ini selalu pembaruan, br di updatr 10 april, skrg 17 april mau update lagi, hadeeeehhhh",3,3.75.0,2023-04-17 03:07:40,"Halo, Kak Esty. Mohon maaf atas ketidaknyamanannya. Perihal update aplikasi, tujuannya agar mendapat informasi terbaru dari produk-produk Traveloka. Kami juga akan terus meningkatkan pelayanan terbaik untuk para pelanggan. Terima kasih. -OE",2023-04-17 03:15:55,3.75.0
Put,"Apaansi niat download app gra2 liat di sosmed bisa pakai paylater, eh ajuin paylater gabisa, beda wajah atau gimana? Apa kurang makeup??? Gaje lahhh... Dulu punya ortu refund nya jg susahhh, mending app sblh. Ga recommended",1,,2023-04-17 02:45:08,"Halo Kak, mohon maaf atas kendala yang kamu alami. Kami sarankan untuk memastikan kualitas gambar dengan baik, tidak terpotong pada setiap sisi. Untuk dapat kami bantu pengecekan silakan hubungi kami melalui https://www.traveloka.com/id-id/contactus ya Kak. Terima kasih. -NA",2023-04-17 03:15:37,
Nelly Dameria Sinaga,promo reschedule tidak bermanfaat,1,3.76.0,2023-04-17 02:14:45,"Hai, Nelly. Maaf banget ya buat kendala yang terjadi. Pada dasanya untuk promo memiliki syarat dan ketentuan masing-masing. Kamu bisa cek syarat dan ketentuan tersebut sebelum menggunakan ya. Apabila ada pertanyaan lain, silakan klik https://www.traveloka.com/contactus ya. Terima kasih. -RF",2023-04-17 02:44:22,3.76.0
wik wik,No. OTP nya nggak di kirim2 dari Traveloka sampe Batak pembayaran parah,1,3.70.0,2023-04-17 01:55:31,"Halo Kak. Mohon maaf atas kendala yang kamu alami. Terkait kendala kamu, silakan menghubungi kami melalui https://www.traveloka.com/id-id/contactus untuk pengecekan lebih lanjut. Terima kasih. -MZ",2023-04-17 02:16:39,3.70.0
Andy Dr,mudah dan banyak promo nya..very recommended 👌👍,5,3.76.0,2023-04-17 01:20:16,"Halo Kak, terima kasih banyak atas ratingnya, semoga Kakak tetap nyaman dan selau setia menjadi pelanggan Traveloka. Yuk Kak pantengin terus Traveloka Lifestyle Super App karna kami selalu berikan promo-promo yg menarik loooh, jangan sampai ketinggalan ya :)",2023-04-17 01:42:06,3.76.0
Rizky Pratama,sangat puas,5,3.76.0,2023-04-16 23:58:44,"Halo Kak, terima kasih banyak atas ratingnya, semoga Kakak tetap nyaman dan selau setia menjadi pelanggan Traveloka. Yuk Kak pantengin terus Traveloka Lifestyle Super App karna kami selalu berikan promo-promo yg menarik loooh, jangan sampai ketinggalan ya :)",2023-04-17 00:12:07,3.76.0
andrew dearlend,apik,5,3.76.0,2023-04-16 22:28:04,"Hai Andrew, terima kasih atas feedbacknya, semoga kamu tetap setia dengan Traveloka. Jika ada pertanyaan bisa langsung infokan pada kami di https://www.traveloka.com/contactus ya Kak. Pantau terus Traveloka Lifestyle Super App untuk penawaran spesial lainnya! -AH",2023-04-16 22:43:22,3.76.0
Muhammad Frankky,Oke,5,3.76.0,2023-04-16 22:09:46,"Hai Frankky, terima kasih atas feedbacknya, semoga kamu tetap setia dengan Traveloka. Jika ada pertanyaan bisa langsung infokan pada kami di https://www.traveloka.com/contactus ya Kak. Pantau terus Traveloka Lifestyle Super App untuk penawaran spesial lainnya! -AH",2023-04-16 22:16:58,3.76.0
Ali Akbar Sikumbang,mudah,4,3.55.0,2023-04-16 21:49:44,"Halo Kak, terima kasih banyak atas ratingnya, semoga Kakak tetap nyaman dan selau setia menjadi pelanggan Traveloka. Yuk Kak pantengin terus Traveloka Lifestyle Super App karna kami selalu berikan promo-promo yg menarik loooh, jangan sampai ketinggalan ya :)",2023-04-16 22:12:08,3.55.0
Firman Toni 27,"good app, easy use 😘🥰",5,3.76.0,2023-04-16 21:08:49,"Hi, thank you very much for the positive review! Please feel free to contact us at https://www.traveloka.com/contactus we're more than happy to assist you and Stay tuned for more exciting offers on Traveloka Lifestyle Super App.",2023-04-16 21:12:07,3.76.0
Gustav,"Tolong pihak aplikasi kalau kursi bus nya sudah penuh berikan keterangan kursi penuh, saya sudah bela-belain top up di uang kok malah kursi penuh dan uang saya yg saya top up jadi sulit untuk dikembalikan",2,3.76.0,2023-04-16 21:02:52,"Hai Gustav, mohon maaf sudah membuat kamu tidak nyaman. Pada dasaranya untuk ketersediaan kursi mengikuti update langsung dari pihak penyedia Kak. Jika kamu mempunyai kendala, mohon dapat menginformasikan kepada kami melalui link https://www.traveloka.com/id-id/contactus. Terima kasih. -AH",2023-04-16 21:15:16,3.76.0
Joang Doank,Coba ksih bintang 3,3,,2023-04-16 16:49:49,"Hai Joang, terima kasih atas feedbacknya, semoga kamu tetap setia dengan Traveloka. Jika ada pertanyaan bisa langsung infokan pada kami di https://www.traveloka.com/contactus ya Kak. Pantau terus Traveloka Lifestyle Super App untuk penawaran spesial lainnya! -AH",2023-04-16 17:14:56,
Hasan,bagus sangat membantu,5,3.76.0,2023-04-16 16:16:47,"Halo Kak, terima kasih banyak atas ratingnya, semoga Kakak tetap nyaman dan selau setia menjadi pelanggan Traveloka. Yuk Kak pantengin terus Traveloka Lifestyle Super App karna kami selalu berikan promo-promo yg menarik loooh, jangan sampai ketinggalan ya :)",2023-04-16 16:42:08,3.76.0
iqbal aws,mantab,5,3.76.0,2023-04-16 16:02:35,"Halo Kak, terima kasih banyak atas ratingnya, semoga Kakak tetap nyaman dan selau setia menjadi pelanggan Traveloka. Yuk Kak pantengin terus Traveloka Lifestyle Super App karna kami selalu berikan promo-promo yg menarik loooh, jangan sampai ketinggalan ya :)",2023-04-16 16:12:07,3.76.0
MARTEN UDARA,Pekerja di perusahan sawit di Kalimantan barat Kalimantan Pontianak,5,3.76.0,2023-04-16 15:47:46,"Hi Kak, senang banget nih dapat rating bagus dari Kakak, terima kasih juga atas feedbacknya! Kenyamanan Kakak adalah prioritas Kami, jika ada pertanyaan lainnya jangan sungkan ya untuk infokan pada kami di https://www.traveloka.com/contactus . Jangan sampai ketinggalan penawaran menarik lainnya di Traveloka Lifestye Super Apps.",2023-04-16 16:12:09,3.76.0
aditya prasta,Tolong lah kepada pihak manajemen kalau ada perubahan jadwal penerbangan setidaknya ada pemberitahuan yang jelas . Seperti temen saya sudah booking tiket dan ketika ada perubahan jadwal dapat notifikasi yang gak jelas yang di haruskan untuk reefund untung saya dapat cek di aplikasi maskapainya sendiri dan Alhamdulillah dapat jadwal pembaharuan penyeberangan,2,,2023-04-16 15:28:40,"Hai Aditya, mohon maaf atas kendala yang dialami. Pada dasaranya untuk perubahan jadwal penerbangan oleh maskapai sepenuhnya merupakan otoritas pihak maskapai. Mimin sarankan jika terjadi kendala kedepannya kamu bisa menghubungi kami melalui link https://www.traveloka.com/id-id/contactus untuk pengecekan lebih lanjut. Terima kasih. -AH",2023-04-16 15:45:58,
Milson Tidis,mntap,5,3.76.0,2023-04-16 14:33:11,"Halo Kak, terima kasih banyak atas ratingnya, semoga Kakak tetap nyaman dan selau setia menjadi pelanggan Traveloka. Yuk Kak pantengin terus Traveloka Lifestyle Super App karna kami selalu berikan promo-promo yg menarik loooh, jangan sampai ketinggalan ya :)",2023-04-16 14:42:06,3.76.0
Annas Atmawijaya,keren bos,5,3.75.0,2023-04-16 13:32:02,"Halo Kak, terima kasih banyak atas ratingnya, semoga Kakak tetap nyaman dan selau setia menjadi pelanggan Traveloka. Yuk Kak pantengin terus Traveloka Lifestyle Super App karna kami selalu berikan promo-promo yg menarik loooh, jangan sampai ketinggalan ya :)",2023-04-16 13:42:05,3.75.0
MUHAMMAD ARIPPUL IKWAN,Kenapa sekarang tidak bisa pesen tiket bioskop lewat Traveloka?,2,,2023-04-16 13:20:49,"Halo, Kak Arippul. Kami menghentikan Movies sebagai bagian dari strategi bisnis dan prioritas perusahaan pada tanggal 28 Februari 2023 pada Pukul 23.59. Kami juga akan memastikan keputusan ini tidak akan mempengaruhi bisnis kami yang lain karena kami senantiasa berusaha mmemberikan kontribusi positif kepada konsumen kami. Terima kasih. -PA",2023-04-16 13:44:18,
Felynda Putri,traveloka membuat ku menjadi mudah,5,3.76.0,2023-04-16 13:03:59,"Halo Kak, terima kasih banyak atas ratingnya, semoga Kakak tetap nyaman dan selau setia menjadi pelanggan Traveloka. Yuk Kak pantengin terus Traveloka Lifestyle Super App karna kami selalu berikan promo-promo yg menarik loooh, jangan sampai ketinggalan ya :)",2023-04-16 13:12:06,3.76.0
Fadhillah Rai,tidak sinkron dgn hotel plaza inn kendari,1,3.76.0,2023-04-16 12:53:45,Hai Kak. Mohon maaf atas ketidaknyamanannya. Mohon untuk sampaikan keluhan kamu secara detail melalui https://www.traveloka.com/id-id/contactus. Supaya kami dapat membantu permasalahan kamu. Terima kasih. -DA,2023-04-16 13:13:27,3.76.0
DHARMAWAN DWI,Bagus Aplikasinya,5,3.76.0,2023-04-16 12:41:12,"Halo Kak, terima kasih banyak atas ratingnya, semoga Kakak tetap nyaman dan selau setia menjadi pelanggan Traveloka. Yuk Kak pantengin terus Traveloka Lifestyle Super App karna kami selalu berikan promo-promo yg menarik loooh, jangan sampai ketinggalan ya :)",2023-04-16 12:42:06,3.76.0
Daniel Van Marshall,kok tidak ada di menu tiket bioskop ??? kalaupun ada kok dibuat aga terdaftar ya? apa ada kenadal?,3,3.76.0,2023-04-16 11:18:44,"Halo, Daniel. Kami menghentikan Movies sebagai bagian dari strategi bisnis dan prioritas perusahaan pada tanggal 28 Februari 2023 pada Pukul 23.59. Kami akan memastikan keputusan ini tidak akan mempengaruhi bisnis kami yang lain. Terima kasih atas perhatian dan kesetiaan Anda terhadap produk dan layanan kami. -OE",2023-04-16 11:48:06,3.76.0
Roganda Siregar,menyenangkan,1,3.72.0,2023-04-16 10:59:54,Hai Kak. Mohon maaf atas ketidaknyamanannya. Mohon untuk sampaikan keluhan kamu secara detail melalui https://www.traveloka.com/id-id/contactus. Supaya kami dapat membantu permasalahan kamu. Terima kasih. -DA,2023-04-16 11:13:02,3.72.0
Aep Saepulloh,nice,5,3.76.0,2023-04-16 10:35:52,"Hi, thank you very much for the positive review! Please feel free to contact us at https://www.traveloka.com/contactus we're more than happy to assist you and Stay tuned for more exciting offers on Traveloka Lifestyle Super App.",2023-04-16 10:42:05,3.76.0
Kebun Cambai,bagus,4,3.76.0,2023-04-16 10:35:19,"Hi Kak, senang banget nih dapat rating bagus dari Kakak, terima kasih juga atas feedbacknya! Kenyamanan Kakak adalah prioritas Kami, jika ada pertanyaan lainnya jangan sungkan ya untuk infokan pada kami di https://www.traveloka.com/contactus . Jangan sampai ketinggalan penawaran menarik lainnya di Traveloka Lifestye Super Apps.",2023-04-16 10:42:08,3.76.0
MUSTARINA MANDIRI,Bagus sekali,5,3.76.0,2023-04-16 10:18:10,"Hi Kak, terima kasih atas feedbacknya, semoga Kakak tetap setia dengan Traveloka. Jika ada pertanyaan lain bisa langsung infokan pada kami di https://www.traveloka.com/contactus ya, Kak. Pantau terus Traveloka Lifestyle Super App untuk penawaran spesial lainnya!",2023-04-16 10:42:11,3.76.0
Waldi Waldi,good joob,5,3.62.2,2023-04-16 10:07:45,Hai Waldi. Makasih untuk ratingnya dan sudah jadikan Traveloka sebagai teman perjalanan kamu. -KA,2023-04-16 10:20:16,3.62.2
Pariati Pariati,Nice,4,3.73.0,2023-04-16 08:29:06,"Hi, thank you very much for the positive review! Please feel free to contact us at https://www.traveloka.com/contactus we're more than happy to assist you and Stay tuned for more exciting offers on Traveloka Lifestyle Super App.",2023-04-16 08:42:05,3.73.0
retu uke,terima kasih traveloka semoga makin baik dan lancar,5,3.75.0,2023-04-16 08:05:06,"Halo Kak, terima kasih banyak atas ratingnya, semoga Kakak tetap nyaman dan selau setia menjadi pelanggan Traveloka. Yuk Kak pantengin terus Traveloka Lifestyle Super App karna kami selalu berikan promo-promo yg menarik loooh, jangan sampai ketinggalan ya :)",2023-04-16 08:12:07,3.75.0
indarto hidayat,sangat membantu dalam pelayanan dan pembelian tiket online,5,3.76.0,2023-04-16 08:04:29,"Hi Kak, senang banget nih dapat rating bagus dari Kakak, terima kasih juga atas feedbacknya! Kenyamanan Kakak adalah prioritas Kami, jika ada pertanyaan lainnya jangan sungkan ya untuk infokan pada kami di https://www.traveloka.com/contactus . Jangan sampai ketinggalan penawaran menarik lainnya di Traveloka Lifestye Super Apps.",2023-04-16 08:12:09,3.76.0
Stephanus EL Ingkiriwang,"Aplikasi yang memudahkan kita melalui pemesanan online tanpa terkendala jarak & waktu, serta harga yang kompetitif & terjangkau. Recommended Banget 👍",5,3.76.0,2023-04-16 07:45:14,"Halo Kak, terima kasih banyak atas ratingnya, semoga Kakak tetap nyaman dan selau setia menjadi pelanggan Traveloka. Yuk Kak pantengin terus Traveloka Lifestyle Super App karna kami selalu berikan promo-promo yg menarik loooh, jangan sampai ketinggalan ya :)",2023-04-16 08:12:15,3.76.0
Zainul Ikhwan,oke banget,5,3.75.0,2023-04-16 07:36:29,"Halo Kak, terima kasih banyak atas ratingnya, semoga Kakak tetap nyaman dan selau setia menjadi pelanggan Traveloka. Yuk Kak pantengin terus Traveloka Lifestyle Super App karna kami selalu berikan promo-promo yg menarik loooh, jangan sampai ketinggalan ya :)",2023-04-16 07:42:12,3.75.0
Jhonny Lan,good,5,3.76.0,2023-04-16 07:30:12,"Hi, we are so grateful to get a lot of support from you. Hope you continue to enjoy our offers. If you have any feedback or suggestions, let us know on https://www.traveloka.com/contactus, our customer service would love to serve you in 24 hours. Thank you!",2023-04-16 07:42:14,3.76.0
Ridwan Ridhe,cepat dan mudah di gunakan,5,3.76.0,2023-04-16 07:09:26,"Halo Kak, terima kasih banyak atas ratingnya, semoga Kakak tetap nyaman dan selau setia menjadi pelanggan Traveloka. Yuk Kak pantengin terus Traveloka Lifestyle Super App karna kami selalu berikan promo-promo yg menarik loooh, jangan sampai ketinggalan ya :)",2023-04-16 07:12:06,3.76.0
Ogi Saktia,Selalu bisa di andalkan,5,3.75.0,2023-04-16 06:12:22,"Halo Kak, terima kasih banyak atas ratingnya, semoga Kakak tetap nyaman dan selau setia menjadi pelanggan Traveloka. Yuk Kak pantengin terus Traveloka Lifestyle Super App karna kami selalu berikan promo-promo yg menarik loooh, jangan sampai ketinggalan ya :)",2023-04-16 06:42:07,3.75.0
Surakman Ade Putra,mantap ke dufan promo nya gak nanggung2 beli di apk traveloka,5,3.76.0,2023-04-16 06:01:23,"Halo Kak, terima kasih banyak atas ratingnya, semoga Kakak tetap nyaman dan selau setia menjadi pelanggan Traveloka. Yuk Kak pantengin terus Traveloka Lifestyle Super App karna kami selalu berikan promo-promo yg menarik loooh, jangan sampai ketinggalan ya :)",2023-04-16 06:12:13,3.76.0
JulianLux,ok,5,3.76.0,2023-04-16 05:45:21,"Hi, we are so grateful to get a lot of support from you. Hope you continue to enjoy our offers. If you have any feedback or suggestions, let us know on https://www.traveloka.com/contactus, our customer service would love to serve you in 24 hours. Thank you!",2023-04-16 06:12:15,3.76.0
Renni Dwis,"Tolong ya traveloka kalau mau nawarin paylater isi data yang sudah benar tapi kok masih di tidak valid kan, kalau emang gak ada fitur paylater nya mending di hapus fiturnya, karena sangat mengecewakan. Percuma banyak fitur tapi tidak bisa digunakan. Terima kasih.",1,3.76.0,2023-04-16 05:40:53,"Hai, Renni. Kami meminta maaf atas kendala yang kamu alami. Kamu dapat menghubungi kami melalui https://www.traveloka.com/id-id/contactus agar masalahmu bisa diselesaikan secepat mungkin.
Kami akan berikan solusi terbaik agar kamu dapat merasa puas dan layanan kami layak mendapatkan rating yang lebih baik. Terima kasih. -OE",2023-04-16 05:43:57,3.76.0
Surdin Surdin,Smapren sangat membantu sy kr kuat jaringan nya,5,,2023-04-16 05:03:36,"Halo Kak, terima kasih banyak atas ratingnya, semoga Kakak tetap nyaman dan selau setia menjadi pelanggan Traveloka. Yuk Kak pantengin terus Traveloka Lifestyle Super App karna kami selalu berikan promo-promo yg menarik loooh, jangan sampai ketinggalan ya :)",2023-04-16 05:12:07,
Abdullah Oski Illiandri,Apa maksudnya developer mengupdate aplikasi tiap 5 hari? biar rating downloadnya tinggi gitu?,1,3.75.0,2023-04-16 04:56:20,"Halo, Kak Abdullah. Mohon maaf atas ketidaknyamanannya, namun mimin ingin infokan jika kamu update aplikasi Traveloka maka kamu akan selalu mengikuti fitur-fitur atau promo-promo yang sedang berjalan saat ini. Pertanyaan lebih lanjut, bisa hubungi kami melalui https://www.traveloka.com/id-id/contactus. Terima kasih. -PA",2023-04-16 05:16:46,3.75.0
Panji Asmoro bangun,mantap,4,,2023-04-16 04:43:56,"Hi Kak, senang banget nih dapat rating bagus dari Kakak, terima kasih juga atas feedbacknya! Kenyamanan Kakak adalah prioritas Kami, jika ada pertanyaan lainnya jangan sungkan ya untuk infokan pada kami di https://www.traveloka.com/contactus . Jangan sampai ketinggalan penawaran menarik lainnya di Traveloka Lifestye Super Apps.",2023-04-16 05:12:10,
Edy yuliadi,ok,5,3.76.0,2023-04-16 04:33:02,"Hi, we are so grateful to get a lot of support from you. Hope you continue to enjoy our offers. If you have any feedback or suggestions, let us know on https://www.traveloka.com/contactus, our customer service would love to serve you in 24 hours. Thank you!",2023-04-16 04:42:08,3.76.0
Choe MutMesMah,"Sukses selalu klo pembatalan, cepat",5,3.75.0,2023-04-16 04:16:07,"Hi Kak, terima kasih atas feedbacknya, semoga Kakak tetap setia dengan Traveloka. Jika ada pertanyaan lain bisa langsung infokan pada kami di https://www.traveloka.com/contactus ya, Kak. Pantau terus Traveloka Lifestyle Super App untuk penawaran spesial lainnya!",2023-04-16 04:42:10,3.75.0
Rio Effendi,"Daftar paylater traveloka susahnya minta ampun, pesan hotel bayar saat chek in jg ribet",1,3.75.0,2023-04-16 03:57:21,"Hai Rio, maaf ya sudah membuatmu tidak nyaman. Untuk dapat mimin bantu lebih lanjut kendalamu, mohon hubungi kami melalui tautan ini https://www.traveloka.com/id-id/contactus atau kamu juga bisa hubungi langsung akun IG Traveloka PayLater https://www.instagram.com/travelokapaylater/ jika membutuhkan bantuan soal PayLater. Terima kasih. -RM",2023-04-16 04:14:16,3.75.0
Kusmal Malikul Mulk,"jangan percaya dengan iklan promo. promonya omong kosong, voucher sudah diklaim, persyaratannya sudah terpenuhi, pas kupon dimasukin kaga bisa,",1,3.76.0,2023-04-16 03:53:19,"Hai, Kusmal. Traveloka tidak pernah menipu pihak manapun perihal promo ya. Kalau memang kamu ada kendala dalam menggunakan kode promo, silakan hubungi mimin melalui layanan pengaduan customer di laman https://www.traveloka.com/contactus supaya mimin bisa cek lebih lanjut. Terima kasih. -AM",2023-04-16 04:14:39,3.76.0
donny mantrikece,terbaik,5,3.75.0,2023-04-16 02:56:59,"Hi Kak, senang banget nih dapat rating bagus dari Kakak, terima kasih juga atas feedbacknya! Kenyamanan Kakak adalah prioritas Kami, jika ada pertanyaan lainnya jangan sungkan ya untuk infokan pada kami di https://www.traveloka.com/contactus . Jangan sampai ketinggalan penawaran menarik lainnya di Traveloka Lifestye Super Apps.",2023-04-16 03:12:09,3.75.0
Endah Widuri,bagus,4,3.66.0,2023-04-16 02:41:29,"Halo Kak, terima kasih banyak atas ratingnya, semoga Kakak tetap nyaman dan selau setia menjadi pelanggan Traveloka. Yuk Kak pantengin terus Traveloka Lifestyle Super App karna kami selalu berikan promo-promo yg menarik loooh, jangan sampai ketinggalan ya :)",2023-04-16 02:42:06,3.66.0
felix tan,"Saya mau nanya ke pihak traveloka, biasa kalau beli tiket pesawat ditraveloka bisa chek in online ,kok sekarang diaplikasi traveloka chek in online ya hilang",5,3.76.0,2023-04-16 02:40:49,"Hai, Felix. Maaf ya buat kendala yang terjadi. Saat ini sedang terjadi pemeliharaan sistem pada fitur Online Check-in Traveloka, sehingga untuk sementara belum bisa melakukan web check-in. Silakan langsung melakukan check in di bandara. Apabila ada hal yang ingin ditanyakan, silakan klik link https://www.traveloka.com/contactus. Terima kasih -RF",2023-04-16 02:46:37,3.76.0
Agunga Bathara,"Sangat membanru dlm perjalanan saya yg sering traveling,, cepat tepat dan akurat. Semoga ttp jadi yg terbaik.",5,3.76.0,2023-04-16 02:28:56,"Hi Kak, senang banget nih dapat rating bagus dari Kakak, terima kasih juga atas feedbacknya! Kenyamanan Kakak adalah prioritas Kami, jika ada pertanyaan lainnya jangan sungkan ya untuk infokan pada kami di https://www.traveloka.com/contactus . Jangan sampai ketinggalan penawaran menarik lainnya di Traveloka Lifestye Super Apps.",2023-04-16 02:42:09,3.76.0
"Jamaluddin, S.P",mantap,5,3.76.0,2023-04-16 02:05:47,"Halo Kak, terima kasih banyak atas ratingnya, semoga Kakak tetap nyaman dan selau setia menjadi pelanggan Traveloka. Yuk Kak pantengin terus Traveloka Lifestyle Super App karna kami selalu berikan promo-promo yg menarik loooh, jangan sampai ketinggalan ya :)",2023-04-16 02:12:06,3.76.0
lilah parinduri,sejauh ini aman,4,3.76.0,2023-04-16 01:42:50,"Hi Kak, senang banget nih dapat rating bagus dari Kakak, terima kasih juga atas feedbacknya! Kenyamanan Kakak adalah prioritas Kami, jika ada pertanyaan lainnya jangan sungkan ya untuk infokan pada kami di https://www.traveloka.com/contactus . Jangan sampai ketinggalan penawaran menarik lainnya di Traveloka Lifestye Super Apps.",2023-04-16 02:12:08,3.76.0
Sismanto,bagus dan tingkatkan terus reward buat pelanggan traveloka,5,3.72.0,2023-04-16 01:33:47,"Hi Kak, senang banget nih dapat rating bagus dari Kakak, terima kasih juga atas feedbacknya! Kenyamanan Kakak adalah prioritas Kami, jika ada pertanyaan lainnya jangan sungkan ya untuk infokan pada kami di https://www.traveloka.com/contactus . Jangan sampai ketinggalan penawaran menarik lainnya di Traveloka Lifestye Super Apps.",2023-04-16 01:42:09,3.72.0
Andi Risman,sangat mudah untuk digunakan,5,3.76.0,2023-04-16 01:28:26,"Hi Kak, terima kasih atas feedbacknya, semoga Kakak tetap setia dengan Traveloka. Jika ada pertanyaan lain bisa langsung infokan pada kami di https://www.traveloka.com/contactus ya, Kak. Pantau terus Traveloka Lifestyle Super App untuk penawaran spesial lainnya!",2023-04-16 01:42:12,3.76.0
Rudy H,sangat membantu ketika pesan hotel tks,5,3.76.0,2023-04-16 01:20:22,"Halo Kak, terima kasih banyak atas ratingnya, semoga Kakak tetap nyaman dan selau setia menjadi pelanggan Traveloka. Yuk Kak pantengin terus Traveloka Lifestyle Super App karna kami selalu berikan promo-promo yg menarik loooh, jangan sampai ketinggalan ya :)",2023-04-16 01:42:14,3.76.0
Adi Summit,memudahkan,5,3.64.0,2023-04-16 00:59:23,"Halo Kak, terima kasih banyak atas ratingnya, semoga Kakak tetap nyaman dan selau setia menjadi pelanggan Traveloka. Yuk Kak pantengin terus Traveloka Lifestyle Super App karna kami selalu berikan promo-promo yg menarik loooh, jangan sampai ketinggalan ya :)",2023-04-16 01:12:07,3.64.0
surya pane,ok,5,3.76.0,2023-04-16 00:50:43,"Hi, we are so grateful to get a lot of support from you. Hope you continue to enjoy our offers. If you have any feedback or suggestions, let us know on https://www.traveloka.com/contactus, our customer service would love to serve you in 24 hours. Thank you!",2023-04-16 01:12:10,3.76.0
Septiana Indrawati,Dilengkapi dengan Cara pembayaran di ATM step by stepnya karena mentrasfer uang dengan jumlah banyak agak membuat ngeri jika salah cara transfer.,4,3.76.0,2023-04-15 23:56:57,"Halo Kak, terima kasih banyak atas ratingnya, semoga Kakak tetap nyaman dan selau setia menjadi pelanggan Traveloka. Yuk Kak pantengin terus Traveloka Lifestyle Super App karna kami selalu berikan promo-promo yg menarik loooh, jangan sampai ketinggalan ya :)",2023-04-16 00:12:07,3.76.0
singhong Ahong,aplikasinya gampang buat cari tempat nginap,5,3.76.0,2023-04-15 23:50:28,"Hi Kak, senang banget nih dapat rating bagus dari Kakak, terima kasih juga atas feedbacknya! Kenyamanan Kakak adalah prioritas Kami, jika ada pertanyaan lainnya jangan sungkan ya untuk infokan pada kami di https://www.traveloka.com/contactus . Jangan sampai ketinggalan penawaran menarik lainnya di Traveloka Lifestye Super Apps.",2023-04-16 00:12:10,3.76.0
holik effendi,sangat membantu untuk reservasi yg cepat,5,3.74.0,2023-04-15 23:44:55,"Hi Kak, terima kasih atas feedbacknya, semoga Kakak tetap setia dengan Traveloka. Jika ada pertanyaan lain bisa langsung infokan pada kami di https://www.traveloka.com/contactus ya, Kak. Pantau terus Traveloka Lifestyle Super App untuk penawaran spesial lainnya!",2023-04-16 00:12:13,3.74.0
Ardiyansah Rauf,cepat dan tepat,5,3.76.0,2023-04-15 22:41:50,"Halo Kak, terima kasih banyak atas ratingnya, semoga Kakak tetap nyaman dan selau setia menjadi pelanggan Traveloka. Yuk Kak pantengin terus Traveloka Lifestyle Super App karna kami selalu berikan promo-promo yg menarik loooh, jangan sampai ketinggalan ya :)",2023-04-15 22:42:07,3.76.0
Surya Prtm,"Tolong sudahi kontrak colaborasi dengan uangku, aplikasi uangku ga jelas banget gabisa narik dana harus ke premium dulu lah ini lah itu lah.",3,3.75.0,2023-04-15 21:24:52,"Hai, Kak Surya. Mimin mengerti atas hal yang kamu alami. Namun hal tersebut merupakan kebijakan yang harus dilakukan demi menjaga keamanan dalam bertransaksi di Traveloka. Terima kasih. -RZ",2023-04-15 21:46:51,3.75.0
meiza dani akbar,"aplikasi nya parah bener boy, masa kode di aplikasi nya belom exp, tp udh exp, padahal udah kebayar duit nya boy, kacau boy",1,,2023-04-15 18:16:46,"Hai Kak Meiza. Mohon maaf sekali sebelumnya, jika memiliki kendala saat melakukan pemesanan, kamu bisa hubungi customer service kami melalui pesan di aplikasi Traveloka kamu atau melalui email di cs@traveloka.com, untuk dibantu lebih lanjut ya. Terima kasih. -NT",2023-04-15 18:43:32,
Land Coo,sangat membantu,5,3.72.0,2023-04-15 17:53:16,"Halo Kak, terima kasih banyak atas ratingnya, semoga Kakak tetap nyaman dan selau setia menjadi pelanggan Traveloka. Yuk Kak pantengin terus Traveloka Lifestyle Super App karna kami selalu berikan promo-promo yg menarik loooh, jangan sampai ketinggalan ya :)",2023-04-15 18:12:18,3.72.0
achilla marsya,Gua udah bayar tiket pesawat sesuai yg tertera sampai 3 digit terakhir.. etiket udah terbir tapi muncul pembayaran lagi yg harus gue bayar 16 ribu...pas mau bayar gak bisa..lu ada masalah apa developer ngentoddd,1,,2023-04-15 17:31:38,"Hai Marsya, mohon maaf banget atas kendala yang kamu alami. Untuk dapat kami cek lebih lanjut detail kendala kamu, mohon dapat menginformasikan nomor pesanan kamu melalui link https://www.traveloka.com/id-id/contactus. Terima kasih. -AH",2023-04-15 17:44:03,
Lusi Amelia,Saya download apk ini tapi gak dapat tersimpan di hp,1,3.75.0,2023-04-15 16:55:38,Hai Kak Lusi. Mohon maaf atas ketidaknyamanan yang kamu alami. Tentunya hal ini menjadi perhatian khusus bagi kami dan tim internal untuk melakukan evaluasi kembali agar tetap bisa memberikan pelayanan prima kepada pelanggan setia Traveloka. Terima kasih. -NT,2023-04-15 17:15:52,3.75.0
Alex Setiawan,Kisah imijinasi dan harapan panjang jangkoan nya perlu kesabaran teknis sarat sarat bentuk arti mutu kuwalitas stabilitas berjalan ditempat jakarta Indonesia,5,,2023-04-15 16:26:18,"Halo Kak, terima kasih banyak atas ratingnya, semoga Kakak tetap nyaman dan selau setia menjadi pelanggan Traveloka. Yuk Kak pantengin terus Traveloka Lifestyle Super App karna kami selalu berikan promo-promo yg menarik loooh, jangan sampai ketinggalan ya :)",2023-04-15 16:42:06,
Anton Waskita,puass,4,3.55.1,2023-04-15 15:41:21,"Hai Anton. Terima kasih banyak atas ratingnya, semoga kamu tetap nyaman dan selalu setia menjadi pelanggan Traveloka. Yuk Kak pantengin terus Traveloka Lifestyle Super App karna kami selalu berikan promo-promo yang menarik. Jangan sampai ketinggalan ya. :) -NT",2023-04-15 15:43:59,3.55.1
Matsahri Matsahri,baik dari sisi harga,4,3.69.0,2023-04-15 15:12:39,"Halo Kak, terima kasih banyak atas ratingnya, semoga Kakak tetap nyaman dan selau setia menjadi pelanggan Traveloka. Yuk Kak pantengin terus Traveloka Lifestyle Super App karna kami selalu berikan promo-promo yg menarik loooh, jangan sampai ketinggalan ya :)",2023-04-15 15:42:08,3.69.0
christiani djoenaidi,"memakai aplikasi ini sangat membantu karena harga sdh fix di depan, pemesanan juga mudah",5,3.76.0,2023-04-15 14:59:37,"Hi Kak, senang banget nih dapat rating bagus dari Kakak, terima kasih juga atas feedbacknya! Kenyamanan Kakak adalah prioritas Kami, jika ada pertanyaan lainnya jangan sungkan ya untuk infokan pada kami di https://www.traveloka.com/contactus . Jangan sampai ketinggalan penawaran menarik lainnya di Traveloka Lifestye Super Apps.",2023-04-15 15:12:08,3.76.0
Apriez Authority,good job,5,3.72.0,2023-04-15 13:53:30,"Hi, thank you very much for the positive review! Please feel free to contact us at https://www.traveloka.com/contactus we're more than happy to assist you and Stay tuned for more exciting offers on Traveloka Lifestyle Super App.",2023-04-15 14:12:05,3.72.0
Yustam suli,ok,5,3.62.2,2023-04-15 13:34:30,"Hi, thank you very much for the positive review! Please feel free to contact us at https://www.traveloka.com/contactus we're more than happy to assist you and Stay tuned for more exciting offers on Traveloka Lifestyle Super App.",2023-04-15 13:42:06,3.62.2
Gunawan Triwiyanto,ok banget,5,3.75.0,2023-04-15 12:59:29,"Halo, Gunawan. Terima kasih atas feedback kamu, jangan sungkan untuk hubungi kami jika mempunyai pertanyaan. Kakak bisa hubungi kami melalui https://www.traveloka.com/id-id/contactus ya. Terima kasih. -PA",2023-04-15 13:14:25,3.75.0
esi aryanto888,Sangat Memuaskan... Balek kampung ahhh...,5,3.76.0,2023-04-15 12:12:32,"Hi Kak, senang banget nih dapat rating bagus dari Kakak, terima kasih juga atas feedbacknya! Kenyamanan Kakak adalah prioritas Kami, jika ada pertanyaan lainnya jangan sungkan ya untuk infokan pada kami di https://www.traveloka.com/contactus . Jangan sampai ketinggalan penawaran menarik lainnya di Traveloka Lifestye Super Apps.",2023-04-15 12:42:08,3.76.0
Nur Rosid,"setelah update kok malah susah, bahkan utk mencari kota penerbangan & tujuan gk bisa...",1,3.76.0,2023-04-15 11:25:01,"Hai Kak Nur. Mohon maaf sekali ya kak, kami akan berusaha semaksimal mungkin untuk memberikan pelayanan terbaik kami kak. Terkait laporan kamu, pada dasarnya kamu bisa hubungi kami pada pesan aplikasi atau email ke cs@traveloka.com, agar bisa kami bantu lebih lanjut. Terima kasih -KA",2023-04-15 11:45:15,3.76.0
Agunglesmana Surbakti,bagus,4,3.76.0,2023-04-15 10:59:32,"Halo Kak, terima kasih banyak atas ratingnya, semoga Kakak tetap nyaman dan selau setia menjadi pelanggan Traveloka. Yuk Kak pantengin terus Traveloka Lifestyle Super App karna kami selalu berikan promo-promo yg menarik loooh, jangan sampai ketinggalan ya :)",2023-04-15 11:12:07,3.76.0
Zaen colect (Zaenal),jooss,5,3.76.0,2023-04-15 08:08:52,"Hi, thank you very much for the positive review! Please feel free to contact us at https://www.traveloka.com/contactus we're more than happy to assist you and Stay tuned for more exciting offers on Traveloka Lifestyle Super App.",2023-04-15 08:12:09,3.76.0
febrie bagau,bagus,5,3.42.1,2023-04-15 08:08:36,"Hi Kak, senang banget nih dapat rating bagus dari Kakak, terima kasih juga atas feedbacknya! Kenyamanan Kakak adalah prioritas Kami, jika ada pertanyaan lainnya jangan sungkan ya untuk infokan pada kami di https://www.traveloka.com/contactus . Jangan sampai ketinggalan penawaran menarik lainnya di Traveloka Lifestye Super Apps.",2023-04-15 08:12:11,3.42.1
Devi Melina agestin,ok,5,3.72.0,2023-04-15 06:50:59,"Hi, thank you very much for the positive review! Please feel free to contact us at https://www.traveloka.com/contactus we're more than happy to assist you and Stay tuned for more exciting offers on Traveloka Lifestyle Super App.",2023-04-15 07:12:09,3.72.0
sinungkn,ntaps,5,3.76.0,2023-04-15 06:40:09,Hai Sinung. Makasih buat rating yang kamu berikan! Mimin tunggu pesanan kamu selanjutnya di Traveloka :) -RM,2023-04-15 06:49:01,3.76.0
Anik Rahmawati,"pelayanan bagus, pernah refund tiket sehari langsung cair, lgsg masuk ke no rekening,terimakasih traveloka",5,3.58.0,2023-04-15 05:38:56,"Halo Kak, terima kasih banyak atas ratingnya, semoga Kakak tetap nyaman dan selau setia menjadi pelanggan Traveloka. Yuk Kak pantengin terus Traveloka Lifestyle Super App karna kami selalu berikan promo-promo yg menarik loooh, jangan sampai ketinggalan ya :)",2023-04-15 05:42:07,3.58.0
Mycтакимович,"kalau bisa bos ticket pesawat, dll dimurahin lah, supaya banyak orang yg milih beli tiket online nya via traveloka 🙏",5,3.76.0,2023-04-15 05:20:26,"Hi Kak, terima kasih atas feedbacknya, semoga Kakak tetap setia dengan Traveloka. Jika ada pertanyaan lain bisa langsung infokan pada kami di https://www.traveloka.com/contactus ya, Kak. Pantau terus Traveloka Lifestyle Super App untuk penawaran spesial lainnya!",2023-04-15 05:42:12,3.76.0
ANTON SUTIONO,PELAYANAN BAGUS,5,3.76.0,2023-04-15 05:09:44,"Halo Kak, terima kasih banyak atas ratingnya, semoga Kakak tetap nyaman dan selau setia menjadi pelanggan Traveloka. Yuk Kak pantengin terus Traveloka Lifestyle Super App karna kami selalu berikan promo-promo yg menarik loooh, jangan sampai ketinggalan ya :)",2023-04-15 05:12:05,3.76.0
Aldo Karnedi W,"TRAVELOKA TOLONG YA HAPUS ATAU BATAL KAN CICILAN SAYA KARENA TIKET SUDAH DI REFUND SEDANGKAN CICILAN MASIH AKTIF DI KARTU KREDIT SAYA, SAYA TELPON NGABISIN PULSA CUMA SUARA ROBOT YG NGOMONG HMMMM",1,3.75.0,2023-04-15 04:26:25,"Hai, Aldo. Mohon maaf atas ketidaknyamanannya. Kalau kamu memiliki kendala terkait tagihan atas pemesanan Traveloka, mohon hubungi kami melalui tautan ini https://www.traveloka.com/id-id/contactus untuk dibantu cek lebih lanjut ya. Terima kasih 🙏 -WR",2023-04-15 04:45:39,3.75.0
Sinar Chandra,Walaupun saya gak pernah jalan jalan di promo Traveloka tapi pas saya mau nonton atau main game tapi terganggu gitu tapi gapapa kok sekian dari saya assalamualaikum warahmatullahi,3,3.74.0,2023-04-15 03:41:36,"Hai, Chandra. Mohon maaf atas ketidaknyamanannya. Dipastikan untuk kenyamanan pengguna Traveloka, kami akan perbaiki dan tingkatkan performa Traveloka. Kalau kamu memiliki kendala atau pertanyaan seputar Traveloka, mohon hubungi kami melalui tautan ini ya https://www.traveloka.com/id-id/contactus. Terima kasih. -WR",2023-04-15 03:45:17,3.74.0
Lidya Rosmaladewi,mantap,5,3.76.0,2023-04-15 03:21:50,"Halo Kak, terima kasih banyak atas ratingnya, semoga Kakak tetap nyaman dan selau setia menjadi pelanggan Traveloka. Yuk Kak pantengin terus Traveloka Lifestyle Super App karna kami selalu berikan promo-promo yg menarik loooh, jangan sampai ketinggalan ya :)",2023-04-15 03:42:07,3.76.0
evelina sitorus,"Pengalaman saya pernah beberapa kali refund, semua refund yg saya ajukan di kembalikan uangnya ke rekening. Hanya waktunya yg tdk bisa dipastikan berapa lama uang akan kembali. Ada yg cepat ada jg yg lama. Bersabar aja..",4,3.76.0,2023-04-15 03:05:49,"Halo Kak, terima kasih banyak atas ratingnya, semoga Kakak tetap nyaman dan selau setia menjadi pelanggan Traveloka. Yuk Kak pantengin terus Traveloka Lifestyle Super App karna kami selalu berikan promo-promo yg menarik loooh, jangan sampai ketinggalan ya :)",2023-04-15 03:12:06,3.76.0
James,Sy sudah pengajuan untuk pay later tetap tidak di acc kenapa? Padahal sy sering pesan hotel,5,3.75.0,2023-04-15 02:37:36,"Hai James, maaf ya sudah membuatmu tidak nyaman. Untuk membantu lebih lanjut kendalamu, mohon hubungi kami melalui tautan ini https://www.traveloka.com/id-id/contactus atau kamu bisa hubungi langsung akun IG Traveloka PayLater https://www.instagram.com/travelokapaylater/ jika membutuhkan bantuan soal PayLater. Terima kasih. -RM",2023-04-15 02:44:46,3.75.0
Jhon Channel,mantap,5,3.75.0,2023-04-15 01:19:13,"Halo Kak, terima kasih banyak atas ratingnya, semoga Kakak tetap nyaman dan selau setia menjadi pelanggan Traveloka. Yuk Kak pantengin terus Traveloka Lifestyle Super App karna kami selalu berikan promo-promo yg menarik loooh, jangan sampai ketinggalan ya :)",2023-04-15 01:42:07,3.75.0
Zulkarnain Izoel,manstabbbb,5,3.76.0,2023-04-15 00:01:46,"Hai, Zulkarnain. Terima kasih banyak atas ratingnya. Semoga kamu tetap nyaman dan selalu setia menjadi pelanggan Traveloka. Yuk pantengin terus Traveloka Lifestyle Super App, karena kami selalu berikan promo-promo yang menarik. Jangan sampai ketinggalan ya :) -WR",2023-04-15 00:13:22,3.76.0
Irpan Syahputra,Ok,5,,2023-04-15 00:01:18,"Hi, thank you very much for the positive review! Please feel free to contact us at https://www.traveloka.com/contactus we're more than happy to assist you and Stay tuned for more exciting offers on Traveloka Lifestyle Super App.",2023-04-15 00:12:08,
DheDhen wk,"Lama kelamaan aplikasi gak jelas! Mulai dari nomor diteror habis habisan pakai paylater sehari bisa 100x lebih di telp, penurunan limit secara tiba tiba dan reskedul komfirmasi yang lama sekali keburu tiket diambil orang alhasil gagal, PAYAH dan KECEWA!",1,3.76.0,2023-04-14 21:36:22,"Hai Kak Dhedhen. Mohon maaf bikin kamu kecewa. Kami akan berusaha semaksimal mungkin untuk memberikan pelayanan terbaik kami Kak. Terkait laporan kamu, pada dasarnya kamu bisa hubungi kami di https://www.traveloka.com/id-id/contactus, agar bisa kami bantu lebih lanjut. Terima kasih -RZ",2023-04-14 21:47:33,3.76.0
Agus Setiyawan,mantap 👍 gak ribet atur jadwal dan pengurusannya 👍,5,3.76.0,2023-04-14 21:10:58,"Halo Kak, terima kasih banyak atas ratingnya, semoga Kakak tetap nyaman dan selau setia menjadi pelanggan Traveloka. Yuk Kak pantengin terus Traveloka Lifestyle Super App karna kami selalu berikan promo-promo yg menarik loooh, jangan sampai ketinggalan ya :)",2023-04-14 21:12:06,3.76.0
moch sagi,good,5,3.76.0,2023-04-14 19:43:11,"Hi, thank you very much for the positive review! Please feel free to contact us at https://www.traveloka.com/contactus we're more than happy to assist you and Stay tuned for more exciting offers on Traveloka Lifestyle Super App.",2023-04-14 20:12:06,3.76.0
Alif Syahputra,Kurang lengkap saat mncari tiket bus di pencarian hanya tertera tiket bus haryanto Saja sedangkan yg saya cari adalah sinar jaya,1,3.76.0,2023-04-14 18:36:46,"Hai, Kak Alif. Maaf atas ketidaknyamanannya. Mimin informasikan bahwa untuk ketersediaan Bus pada saat pemesanan sudah terupdate langsung dari pihak PO Bus. Kamu bisa melakukan pemesanan terlebih dahulu dengan memilih rute dan tanggal yang kamu inginkan, nantinya akan tersedia PO Bus yang tersedia ya Kak. Terima kasih. -RZ",2023-04-14 18:47:39,3.76.0
Ikhsanudin Caplin,cukup baik,4,3.76.0,2023-04-14 18:27:32,"Halo Kak, terima kasih banyak atas ratingnya, semoga Kakak tetap nyaman dan selau setia menjadi pelanggan Traveloka. Yuk Kak pantengin terus Traveloka Lifestyle Super App karna kami selalu berikan promo-promo yg menarik loooh, jangan sampai ketinggalan ya :)",2023-04-14 18:42:09,3.76.0
Dmekot RR09,Tiba tiba akun traveloka sya nonaktif..kenapa ya,2,3.76.0,2023-04-14 17:32:16,"Hai Kak. Mohon maaf sekali sebelumnya, kamu bisa hubungi customer service kami perihal kendala akun kamu melalui pesan di aplikasi Traveloka kamu atau melalui email di cs@traveloka.com, untuk dibantu lebih lanjut ya. Terima kasih. -NT",2023-04-14 17:43:37,3.76.0
Rafika Sulistiya,"There's time when this apps really such a help. Such a good old day, it's not now. I can't do anything with the apps. even after I updated it",1,3.76.0,2023-04-14 17:09:41,"Hi Rafika. We apologize for the inconvenience. We suggest you to clear cache in application settings. Then log out and log back in. If you are still having trouble, please send a photo of the problem to https://www.traveloka.com/en-id/contactus. Thank You. -KK",2023-04-14 17:18:20,3.76.0
Ferdian,membantu sekali. terimakasih traveloka,5,3.76.0,2023-04-14 15:22:06,"Halo Kak, terima kasih banyak atas ratingnya, semoga Kakak tetap nyaman dan selau setia menjadi pelanggan Traveloka. Yuk Kak pantengin terus Traveloka Lifestyle Super App karna kami selalu berikan promo-promo yg menarik loooh, jangan sampai ketinggalan ya :)",2023-04-14 15:42:06,3.76.0
achmad hasnul,best,5,,2023-04-14 15:15:34,"Hi, we are so grateful to get a lot of support from you. Hope you continue to enjoy our offers. If you have any feedback or suggestions, let us know on https://www.traveloka.com/contactus, our customer service would love to serve you in 24 hours. Thank you!",2023-04-14 15:42:09,
muhammad arsyad,Mantabb,5,3.76.0,2023-04-14 15:07:22,"Hai Arsyad. Terima kasih banyak atas ratingnya, semoga kamu tetap nyaman dan selalu setia menjadi pelanggan Traveloka. Yuk Kak pantengin terus Traveloka Lifestyle Super App karna kami selalu berikan promo-promo yang menarik. Jangan sampai ketinggalan ya. :) -NT",2023-04-14 15:16:44,3.76.0
Jamadi Jamadi,sgt baik,4,3.75.0,2023-04-14 14:51:34,"Hai Jamadi. Terima kasih banyak atas ratingnya, semoga kamu tetap nyaman dan selalu setia menjadi pelanggan Traveloka. Yuk Kak pantengin terus Traveloka Lifestyle Super App karna kami selalu berikan promo-promo yang menarik. Jangan sampai ketinggalan ya. :) -NT",2023-04-14 15:17:51,3.75.0
Arma Novan,Sangat membantu,5,,2023-04-14 14:45:12,"Halo Kak, terima kasih banyak atas ratingnya, semoga Kakak tetap nyaman dan selau setia menjadi pelanggan Traveloka. Yuk Kak pantengin terus Traveloka Lifestyle Super App karna kami selalu berikan promo-promo yg menarik loooh, jangan sampai ketinggalan ya :)",2023-04-14 15:12:08,
elsa darsono,lumayan sangat membantu,4,3.76.0,2023-04-14 14:31:37,"Halo Kak, terima kasih banyak atas ratingnya, semoga Kakak tetap nyaman dan selau setia menjadi pelanggan Traveloka. Yuk Kak pantengin terus Traveloka Lifestyle Super App karna kami selalu berikan promo-promo yg menarik loooh, jangan sampai ketinggalan ya :)",2023-04-14 14:42:06,3.76.0
Mas seko Marthen,luar biasa sangat membantu,5,3.75.0,2023-04-14 14:26:39,"Hi Kak, senang banget nih dapat rating bagus dari Kakak, terima kasih juga atas feedbacknya! Kenyamanan Kakak adalah prioritas Kami, jika ada pertanyaan lainnya jangan sungkan ya untuk infokan pada kami di https://www.traveloka.com/contactus . Jangan sampai ketinggalan penawaran menarik lainnya di Traveloka Lifestye Super Apps.",2023-04-14 14:42:09,3.75.0
Natalia Lia,sangat bagus dan sangat membantu,4,3.76.0,2023-04-14 14:24:35,"Hi Kak, terima kasih atas feedbacknya, semoga Kakak tetap setia dengan Traveloka. Jika ada pertanyaan lain bisa langsung infokan pada kami di https://www.traveloka.com/contactus ya, Kak. Pantau terus Traveloka Lifestyle Super App untuk penawaran spesial lainnya!",2023-04-14 14:42:12,3.76.0
Yodi Ap,Kebanyakan Update gak jelas,1,3.75.0,2023-04-14 14:19:49,"Hai Kak Yodi. Mohon maaf sekali ya kak, kami akan berusaha semaksimal mungkin untuk memberikan pelayanan terbaik kami kak. Terkait laporan kamu, pada dasarnya kamu bisa hubungi kami di https://trv.lk/contactus, agar bisa kami bantu lebih lanjut. Terima kasih -KA",2023-04-14 14:45:45,3.75.0
Isya Lee,"Ternyata mau re scedule tiket bis aja ngk bisa baru 2jm bayar tiketnya, kirain pakai aplikasi ini jd lebih mudah tp mlh jd ilang duit seluruh nya mana tiket return lagi ! 😂😂😂",1,3.76.0,2023-04-14 14:18:15,"Hai Kak Isya. Mohon maaf sekali ya kak, kami akan berusaha semaksimal mungkin untuk memberikan pelayanan terbaik kami kak. Terkait laporan kamu, mohon hubungi kamu melalui pesan Traveloka atau email ke cs@traveloka.com, agar bisa kami bantu lebih lanjut. Terima kasih -KA",2023-04-14 14:47:05,3.76.0
Akhmad mabrur Khair,bagus,4,3.70.0,2023-04-14 14:05:06,"Halo Kak, terima kasih banyak atas ratingnya, semoga Kakak tetap nyaman dan selau setia menjadi pelanggan Traveloka. Yuk Kak pantengin terus Traveloka Lifestyle Super App karna kami selalu berikan promo-promo yg menarik loooh, jangan sampai ketinggalan ya :)",2023-04-14 14:12:06,3.70.0
Mochamad Andi,sangat mudah dalam pemesanan dan penggunaan kode promo. banyak lagi promonya,5,3.76.0,2023-04-14 13:47:49,"Hi Kak, senang banget nih dapat rating bagus dari Kakak, terima kasih juga atas feedbacknya! Kenyamanan Kakak adalah prioritas Kami, jika ada pertanyaan lainnya jangan sungkan ya untuk infokan pada kami di https://www.traveloka.com/contactus . Jangan sampai ketinggalan penawaran menarik lainnya di Traveloka Lifestye Super Apps.",2023-04-14 14:12:09,3.76.0
Ismail Lolok,Good,5,,2023-04-14 13:44:27,Thank you for leaving a good comment to us. Let us know if you have any suggestion for improvement through https://www.traveloka.com/contactus . Stay around for more interesting offers from Traveloka Lifestyle Super App!,2023-04-14 14:12:12,
Nurul Cantik,ok,1,3.73.0,2023-04-14 13:38:06,"Hai Nurul, Jika kamu mendapati kendala ataupun pertanyaan perihal pemesanan di Traveloka melalui email kami di cs@traveloka.com ya Kak. Terima kasih. -AK",2023-04-14 13:44:02,3.73.0
Primarius Sarumaha,"Mantap, tapi kadangka aplikasinya tiba-tiba tidak bisa terbuka? Harus di hapus dan di install ulang lag, baru bisa",5,3.76.0,2023-04-14 13:29:59,"Hai, Primarius. Terima kasih atas penilaian dan feedback dari kamu, kami akan terus meningkatkan kepuasan para pengguna. Jika ada pertanyaan lainnya jangan sungkan ya untuk infokan pada kami di https://www.traveloka.com/contactus. Jangan sampai ketinggalan juga penawaran menarik lainnya di Traveloka Lifestye Super Apps. Terima kasih. -KK",2022-11-27 12:31:53,3.76.0
Syamsu Alam,sumpah ini game bagus banget ☆☆☆☆☆ ini game terkenal lima bintang ya ampun keren nya ini game😁,5,3.75.0,2023-04-14 13:21:52,"Halo Kak, terima kasih banyak atas ratingnya, semoga Kakak tetap nyaman dan selau setia menjadi pelanggan Traveloka. Yuk Kak pantengin terus Traveloka Lifestyle Super App karna kami selalu berikan promo-promo yg menarik loooh, jangan sampai ketinggalan ya :)",2023-04-14 13:42:07,3.75.0
Tamsir Busam,Traveloka oke banget sangat membantu pelayanan nya,5,3.76.0,2023-04-14 12:39:12,"Halo Kak, terima kasih banyak atas ratingnya, semoga Kakak tetap nyaman dan selau setia menjadi pelanggan Traveloka. Yuk Kak pantengin terus Traveloka Lifestyle Super App karna kami selalu berikan promo-promo yg menarik loooh, jangan sampai ketinggalan ya :)",2023-04-14 12:42:06,3.76.0
Khertaz zobec'k,bagus,5,3.66.0,2023-04-14 12:37:43,"Hi Kak, senang banget nih dapat rating bagus dari Kakak, terima kasih juga atas feedbacknya! Kenyamanan Kakak adalah prioritas Kami, jika ada pertanyaan lainnya jangan sungkan ya untuk infokan pada kami di https://www.traveloka.com/contactus . Jangan sampai ketinggalan penawaran menarik lainnya di Traveloka Lifestye Super Apps.",2023-04-14 12:42:08,3.66.0
Arkhan hafidz Al Aqsa,sangat membantu,5,3.75.0,2023-04-14 12:22:38,"Hi Kak, terima kasih atas feedbacknya, semoga Kakak tetap setia dengan Traveloka. Jika ada pertanyaan lain bisa langsung infokan pada kami di https://www.traveloka.com/contactus ya, Kak. Pantau terus Traveloka Lifestyle Super App untuk penawaran spesial lainnya!",2023-04-14 12:42:11,3.75.0
Marulam Damanik,👍👍👍,5,3.74.1,2023-04-14 12:02:01,"Hai, Kak Marulam. Senang banget dapat bintang lima dari Kakak, terima kasih atas apresiasinya. Semoga pengalaman Kakak bersama Traveloka selalu menyenangkan :) -RU",2023-04-14 12:23:36,3.74.1
Novayanti Ramli,Good,5,,2023-04-14 11:40:39,"Hi, thank you very much for the positive review! Please feel free to contact us at https://www.traveloka.com/contactus we're more than happy to assist you and Stay tuned for more exciting offers on Traveloka Lifestyle Super App.",2023-04-14 11:42:06,
darto dyadyto,traveloka nya bagus tpi bbrpa vendor maskapainya yg nakal,5,3.45.0,2023-04-14 11:36:00,"Hi Kak, senang banget nih dapat rating bagus dari Kakak, terima kasih juga atas feedbacknya! Kenyamanan Kakak adalah prioritas Kami, jika ada pertanyaan lainnya jangan sungkan ya untuk infokan pada kami di https://www.traveloka.com/contactus . Jangan sampai ketinggalan penawaran menarik lainnya di Traveloka Lifestye Super Apps.",2023-04-14 11:42:08,3.45.0
Nuur Is Zeliya (‫نوور اس زلييه‬‎),Senang sekali pakai paylater.,5,3.76.0,2023-04-14 11:34:46,"Hi Kak, terima kasih atas feedbacknya, semoga Kakak tetap setia dengan Traveloka. Jika ada pertanyaan lain bisa langsung infokan pada kami di https://www.traveloka.com/contactus ya, Kak. Pantau terus Traveloka Lifestyle Super App untuk penawaran spesial lainnya!",2023-04-14 11:42:10,3.76.0
Hamka Menka,the best,5,3.76.0,2023-04-14 11:27:12,"Hi, thank you very much for the positive review! Please feel free to contact us at https://www.traveloka.com/contactus we're more than happy to assist you and Stay tuned for more exciting offers on Traveloka Lifestyle Super App.",2023-04-14 11:42:12,3.76.0
Sindhu Astello,Kok tiket saya yg di app ga ada ya??,1,3.75.0,2023-04-14 11:14:49,"Hai, Sindhu. Mohon dipastikan kamu sudah log-in akun Traveloka yang digunakan pada saat melakukan pemesanan. Apabila masih mengalami kendala, silakan menghubungi kami melalui email di cs@traveloka.com. Nantinya kami akan lakukan pengecekan lebih lanjut. Terima kasih. -IN",2023-04-14 11:44:34,3.75.0
Rugii Ndann,mantul,5,3.75.0,2023-04-14 10:36:51,"Halo Kak, terima kasih banyak atas ratingnya, semoga Kakak tetap nyaman dan selau setia menjadi pelanggan Traveloka. Yuk Kak pantengin terus Traveloka Lifestyle Super App karna kami selalu berikan promo-promo yg menarik loooh, jangan sampai ketinggalan ya :)",2023-04-14 10:42:07,3.75.0
Aang junior da silva,Maaf lh turun bintang jadi tolol ni aplkasi hbs update mlh gak bisa di buka,3,3.76.0,2023-04-14 09:56:26,"Hai Kak Aang. Mohon maaf sekali ya kak, kami akan berusaha semaksimal mungkin untuk memberikan pelayanan terbaik kami kak. Terkait laporan kamu, pada dasarnya kamu bisa hubungi kami di https://trv.lk/contactus, agar bisa kami bantu lebih lanjut. Terima kasih -KA",2023-04-14 10:13:43,3.76.0
Mr.joni_ SH,mantap bagi yang belum pakai Traveloka silakn untuk memudahkan urusan perjalanan anda,5,3.76.0,2023-04-14 09:43:35,"Halo Kak, terima kasih banyak atas ratingnya, semoga Kakak tetap nyaman dan selau setia menjadi pelanggan Traveloka. Yuk Kak pantengin terus Traveloka Lifestyle Super App karna kami selalu berikan promo-promo yg menarik loooh, jangan sampai ketinggalan ya :)",2023-04-14 10:12:08,3.76.0
frans Taty,sangat membantu,5,3.76.0,2023-04-14 09:30:15,"Halo Kak, terima kasih banyak atas ratingnya, semoga Kakak tetap nyaman dan selau setia menjadi pelanggan Traveloka. Yuk Kak pantengin terus Traveloka Lifestyle Super App karna kami selalu berikan promo-promo yg menarik loooh, jangan sampai ketinggalan ya :)",2023-04-14 09:42:07,3.76.0
Indra Widianto,sangat baik,5,3.76.0,2023-04-14 08:38:40,"Halo Kak, terima kasih banyak atas ratingnya, semoga Kakak tetap nyaman dan selau setia menjadi pelanggan Traveloka. Yuk Kak pantengin terus Traveloka Lifestyle Super App karna kami selalu berikan promo-promo yg menarik loooh, jangan sampai ketinggalan ya :)",2023-04-14 08:42:07,3.76.0
Auzan Bin Abdulrahman,puas,5,3.74.0,2023-04-14 08:36:22,"Hai, Kak Auzan. Senang banget dapat bintang lima dari Kakak, terima kasih atas apresiasinya. Semoga selalu suka ya Kak sama Traveloka :) -RU",2023-04-14 08:45:04,3.74.0
Igon Whiesky,best,5,3.76.0,2023-04-14 08:27:49,"Hi, we are so grateful to get a lot of support from you. Hope you continue to enjoy our offers. If you have any feedback or suggestions, let us know on https://www.traveloka.com/contactus, our customer service would love to serve you in 24 hours. Thank you!",2023-04-14 08:42:11,3.76.0
Restu Abdiyantoro,"mantap, gak repot kemana mana",5,3.75.0,2023-04-14 07:07:06,"Halo Kak, terima kasih banyak atas ratingnya, semoga Kakak tetap nyaman dan selau setia menjadi pelanggan Traveloka. Yuk Kak pantengin terus Traveloka Lifestyle Super App karna kami selalu berikan promo-promo yg menarik loooh, jangan sampai ketinggalan ya :)",2023-04-14 07:12:06,3.75.0
Wisnu Wage,Trusted urusan refund cepat I love local OTA,5,3.76.0,2023-04-14 07:00:37,"Hi Kak, terima kasih atas feedbacknya, semoga Kakak tetap setia dengan Traveloka. Jika ada pertanyaan lain bisa langsung infokan pada kami di https://www.traveloka.com/contactus ya, Kak. Pantau terus Traveloka Lifestyle Super App untuk penawaran spesial lainnya!",2023-04-14 07:12:11,3.76.0
Jalil Jaka (Jaka),mantap,5,3.76.0,2023-04-14 06:58:34,"Halo Kak, terima kasih banyak atas ratingnya, semoga Kakak tetap nyaman dan selau setia menjadi pelanggan Traveloka. Yuk Kak pantengin terus Traveloka Lifestyle Super App karna kami selalu berikan promo-promo yg menarik loooh, jangan sampai ketinggalan ya :)",2023-04-14 07:12:13,3.76.0
aji wicaksana,Ga jadi donlot komenya jelek.jelk,1,,2023-04-14 06:17:43,"Halo Aji, mohon maaf banget ketidaknyamanan ini ya. Kalau kamu mengalami kendala perihal Traveloka, mohon infokan rincian kendalanya melalui tautan ini https://www.traveloka.com/id-id/contactus supaya bisa dicek lebih lanjut ya Kak. Terima kasih. -OR",2023-04-14 06:44:54,
elli runtukahu,good service mudah digunakan,5,3.74.1,2023-04-14 06:10:58,"Halo Kak, terima kasih banyak atas ratingnya, semoga Kakak tetap nyaman dan selau setia menjadi pelanggan Traveloka. Yuk Kak pantengin terus Traveloka Lifestyle Super App karna kami selalu berikan promo-promo yg menarik loooh, jangan sampai ketinggalan ya :)",2023-04-14 06:12:06,3.74.1
b harjant,mantap,4,3.76.0,2023-04-14 06:00:32,"Hi Kak, senang banget nih dapat rating bagus dari Kakak, terima kasih juga atas feedbacknya! Kenyamanan Kakak adalah prioritas Kami, jika ada pertanyaan lainnya jangan sungkan ya untuk infokan pada kami di https://www.traveloka.com/contactus . Jangan sampai ketinggalan penawaran menarik lainnya di Traveloka Lifestye Super Apps.",2023-04-14 06:12:10,3.76.0
Alfiansyah Saputra,Membantu,5,3.75.0,2023-04-14 05:42:42,"Hi Kak, terima kasih atas feedbacknya, semoga Kakak tetap setia dengan Traveloka. Jika ada pertanyaan lain bisa langsung infokan pada kami di https://www.traveloka.com/contactus ya, Kak. Pantau terus Traveloka Lifestyle Super App untuk penawaran spesial lainnya!",2023-04-14 06:12:12,3.75.0
Fitriana Permata Sari,"Saya mau reschedule tiket tapi loading mulu, i perbaiki dong ini traveloka Kesel saya Dm di instagram juga respon nya lambat",2,3.76.0,2023-04-14 05:22:10,Halo Fitriana. Mohon maaf atas kendala yang kamu alami. Penilaian dari kamu akan menjadi pertimbangan bagi kami ke depannya agar lebih baik. Terima kasih. -SC,2023-04-14 05:43:45,3.76.0
Elisa Rapha,"Saya ga tau mengisi alamat standart Traveloka,,jalan,nama perum, kecamatan, kelurahan blok rumah no rumah RT dan RW kode pos sudah ga tau apalagi yang kurang 🤣😂🤣😂kaya cuman dari sini aja bisa beli tiket pesawat 🤣😂🤣😂",1,,2023-04-14 05:18:47,"Hai Elisa, mohon maaf sudah membuatmu tidak nyaman. Terkait kendala yang kamu alami, mohon dapat menginformasikan detail kendala kamu melalui link https://www.traveloka.com/id-id/contactus untuk dapat mimin cek lebih lanjut Kak. Terima kasih. -AH",2023-04-14 05:44:45,
Renatan 1987,istimewa,5,3.76.0,2023-04-14 05:05:40,"Hai, Renatan. Terima kasih banyak atas ratingnya. Semoga kamu tetap nyaman dan selalu setia menjadi pelanggan Traveloka. Yuk pantengin terus Traveloka Lifestyle Super App, karena kami selalu berikan promo-promo yang menarik. Jangan sampai ketinggalan ya :) -WR",2023-04-14 05:16:47,3.76.0
Abu Nayya (Mas Tiyo),Terimakasih,5,3.76.0,2023-04-14 04:33:36,"Halo Kak, terima kasih banyak atas ratingnya, semoga Kakak tetap nyaman dan selau setia menjadi pelanggan Traveloka. Yuk Kak pantengin terus Traveloka Lifestyle Super App karna kami selalu berikan promo-promo yg menarik loooh, jangan sampai ketinggalan ya :)",2023-04-14 04:42:06,3.76.0
Hariadi TV,simpel dan cepat,5,3.75.0,2023-04-14 04:29:44,"Hi Kak, senang banget nih dapat rating bagus dari Kakak, terima kasih juga atas feedbacknya! Kenyamanan Kakak adalah prioritas Kami, jika ada pertanyaan lainnya jangan sungkan ya untuk infokan pada kami di https://www.traveloka.com/contactus . Jangan sampai ketinggalan penawaran menarik lainnya di Traveloka Lifestye Super Apps.",2023-04-14 04:42:09,3.75.0
Irman Karisma,top,5,3.64.0,2023-04-14 04:18:26,Thank you for leaving a good comment to us. Let us know if you have any suggestion for improvement through https://www.traveloka.com/contactus . Stay around for more interesting offers from Traveloka Lifestyle Super App!,2023-04-14 04:42:11,3.64.0
novia chanel,"GILA TRAVELOKA NGASIH HARGA HOTEL 50K, SAMPAI HOTEL HARGANYA TERNYATA 120K, MINTA TAMBAHAN, KATANYA ITU HARGA TIDAK NGOTAK TIDAK SESUAI PERJANJIAN",1,,2023-04-14 04:09:48,"Hai, Novia. Pada dasarnya untuk harga yang tercantum di halaman Traveloka merupakan kebijakan yang di update oleh pihak hotel, Jika saat ini kamu mengalami kendala terkait pesanan kamu, silakan menghubungi kami melalui https://www.traveloka.com/contactus. Terima kasih.-TK",2023-04-14 04:16:24,
Melvin Tang,sangat baik dan puas,5,3.75.0,2023-04-14 03:35:36,"Halo Kak, terima kasih banyak atas ratingnya, semoga Kakak tetap nyaman dan selau setia menjadi pelanggan Traveloka. Yuk Kak pantengin terus Traveloka Lifestyle Super App karna kami selalu berikan promo-promo yg menarik loooh, jangan sampai ketinggalan ya :)",2023-04-14 03:42:08,3.75.0
shiva ponsel,ok,4,3.76.0,2023-04-14 02:33:22,"Hi, thank you very much for the positive review! Please feel free to contact us at https://www.traveloka.com/contactus we're more than happy to assist you and Stay tuned for more exciting offers on Traveloka Lifestyle Super App.",2023-04-14 02:42:07,3.76.0
Andi Marsuki,oke,5,3.76.0,2023-04-14 02:00:59,"Hai Andi, terima kasih atas feedbacknya, semoga kamu tetap setia dengan Traveloka. Jika ada pertanyaan bisa langsung infokan pada kami di https://www.traveloka.com/contactus ya Kak. Pantau terus Traveloka Lifestyle Super App untuk penawaran spesial lainnya! -AH",2023-04-14 02:13:38,3.76.0
Queen love Gaming,sangat bagus,5,3.75.0,2023-04-14 01:51:13,"Halo Kak, terima kasih banyak atas ratingnya, semoga Kakak tetap nyaman dan selau setia menjadi pelanggan Traveloka. Yuk Kak pantengin terus Traveloka Lifestyle Super App karna kami selalu berikan promo-promo yg menarik loooh, jangan sampai ketinggalan ya :)",2023-04-14 02:12:07,3.75.0
George Tenny,Good,5,3.70.1,2023-04-14 01:39:04,"Hi, thank you very much for the positive review! Please feel free to contact us at https://www.traveloka.com/contactus we're more than happy to assist you and Stay tuned for more exciting offers on Traveloka Lifestyle Super App.",2023-04-14 01:42:06,3.70.1
uswatun hasanah,mudah cepat dan praktis,5,3.73.0,2023-04-14 01:20:19,"Hi Kak, senang banget nih dapat rating bagus dari Kakak, terima kasih juga atas feedbacknya! Kenyamanan Kakak adalah prioritas Kami, jika ada pertanyaan lainnya jangan sungkan ya untuk infokan pada kami di https://www.traveloka.com/contactus . Jangan sampai ketinggalan penawaran menarik lainnya di Traveloka Lifestye Super Apps.",2023-04-14 01:42:10,3.73.0
Theo Nunu,saya kasih 5 bintang ya bagus apalikasi nya,1,3.76.0,2023-04-13 23:27:57,"Hai, Kak Theo. Apabila ada kendala, silakan menghubungi kami melalui https://www.traveloka.com/id-id/contactus agar kami bisa bantu cek lebih lanjut. Terima kasih. -RZ",2023-04-13 23:45:21,3.76.0
BAYU,😁😁,4,3.75.0,2023-04-13 23:17:36,"Hai Kak Bayu. Terima kasih telah menggunakan Traveloka. Jika memiliki kendala, Anda dapat informasikan kepada kami detail kendala yang Anda alami melalui pesan pada aplikasi Anda atau melalui email ke cs@traveloka.com agar kami dapat membantu Anda lebih lanjut. Terima kasih. -NT",2023-04-13 23:44:38,3.75.0
Tukang Gigi,terimakasih travaloka,5,3.75.0,2023-04-13 22:56:13,"Halo Kak, terima kasih banyak atas ratingnya, semoga Kakak tetap nyaman dan selau setia menjadi pelanggan Traveloka. Yuk Kak pantengin terus Traveloka Lifestyle Super App karna kami selalu berikan promo-promo yg menarik loooh, jangan sampai ketinggalan ya :)",2023-04-13 23:12:06,3.75.0
abdul aziz,ok,5,3.76.0,2023-04-13 22:28:05,"Hi, thank you very much for the positive review! Please feel free to contact us at https://www.traveloka.com/contactus we're more than happy to assist you and Stay tuned for more exciting offers on Traveloka Lifestyle Super App.",2023-04-13 22:42:08,3.76.0
sigit jenggala,GG,5,3.75.0,2023-04-13 21:35:33,"Hi, thank you very much for the positive review! Please feel free to contact us at https://www.traveloka.com/contactus we're more than happy to assist you and Stay tuned for more exciting offers on Traveloka Lifestyle Super App.",2023-04-13 21:42:06,3.75.0
Uchi Wae,"Mantap, baru pembaruan malah aplikasi Lemoottt 🗿",1,,2023-04-13 21:01:08,"Hai, Kak Uchi. Mohon maaf atas kendala yang dialami. Mohon pastikan jaringan kamu dalam kondisi stabil dan pastikan juga untuk hapus cache dari perangkat kamu, agar tidak memperlambat kinerja dari aplikasi yang digunakan ya Kak. Terima kasih. -RZ",2023-04-13 21:15:00,
Ferry Ismanto,Bukan yang lain,5,3.71.1,2023-04-13 19:59:45,"Halo Kak, terima kasih banyak atas ratingnya, semoga Kakak tetap nyaman dan selau setia menjadi pelanggan Traveloka. Yuk Kak pantengin terus Traveloka Lifestyle Super App karna kami selalu berikan promo-promo yg menarik loooh, jangan sampai ketinggalan ya :)",2023-04-13 20:12:07,3.71.1
Coco Gaara,Aku telah meninggalkan Traveloka karena lebih nyaman pakai Agoda.,2,,2023-04-13 15:31:03,"Hai Kak Coco. Mohon maaf sekali ya kak, kami akan berusaha semaksimal mungkin untuk memberikan pelayanan terbaik kami kak. Terkait laporan kamu, pada dasarnya kamu bisa hubungi kami di https://trv.lk/contactus, agar bisa kami bantu lebih lanjut. Terima kasih -NT",2023-04-13 15:43:14,
Lydia Mamentu,"aman , nyaman dan cepat dlm pembelian tiket kereta dll",5,3.39.0,2023-04-13 15:22:31,"Halo Kak, terima kasih banyak atas ratingnya, semoga Kakak tetap nyaman dan selau setia menjadi pelanggan Traveloka. Yuk Kak pantengin terus Traveloka Lifestyle Super App karna kami selalu berikan promo-promo yg menarik loooh, jangan sampai ketinggalan ya :)",2023-04-13 15:42:19,3.39.0
Jessi Rarara,Sangat membantu,5,3.76.0,2023-04-13 15:07:40,"Halo Kak, terima kasih banyak atas ratingnya, semoga Kakak tetap nyaman dan selau setia menjadi pelanggan Traveloka. Yuk Kak pantengin terus Traveloka Lifestyle Super App karna kami selalu berikan promo-promo yg menarik loooh, jangan sampai ketinggalan ya :)",2023-04-13 15:12:11,3.76.0
JAK PERMANA,good,5,3.76.0,2023-04-13 14:59:39,"Hi, we are so grateful to get a lot of support from you. Hope you continue to enjoy our offers. If you have any feedback or suggestions, let us know on https://www.traveloka.com/contactus, our customer service would love to serve you in 24 hours. Thank you!",2023-04-13 15:12:21,3.76.0
Jawir 7598,"limit paylater 3jt slalu bayar, trus lama ga dipake tau2 diblokir dibilangnya akun dibobol, ga jelas",1,,2023-04-13 14:47:42,"Hai, Kak. Mohon maaf atas ketidaknyamanannya. Agar kami bisa bantu cek lebih lanjut, silakan menghubungi kami melalui https://www.traveloka.com/id-id/contactus. Terima kasih, -RZ",2023-04-13 15:16:05,
KURNIA BAKTI SIREGAR,ok,5,3.74.0,2023-04-13 14:42:21,Thank you for leaving a good comment to us. Let us know if you have any suggestion for improvement through https://www.traveloka.com/contactus . Stay around for more interesting offers from Traveloka Lifestyle Super App!,2023-04-13 15:12:39,3.74.0
Arlan Sisin,"Bos ku kepa saya tidak bisa buka aplikasinya,padahal saya sangat butuh uang itu",5,,2023-04-13 14:18:21,"Hai Arlan, maaf ya atas kendala yang dialami. Apabila tidak bisa akses aplikasi Traveloka, pastikan sudah menggunakan versi terbaru dan koneksi internet stabil. Apabila ada pertanyaan lain, silakan dapat hubungi kami melalui https://www.traveloka.com/id-id/contactus. Terima kasih. -CA",2023-04-13 14:44:16,
INDAHWATI,keren pokoknya,4,3.72.0,2023-04-13 13:39:16,"Halo Kak, terima kasih banyak atas ratingnya, semoga Kakak tetap nyaman dan selau setia menjadi pelanggan Traveloka. Yuk Kak pantengin terus Traveloka Lifestyle Super App karna kami selalu berikan promo-promo yg menarik loooh, jangan sampai ketinggalan ya :)",2023-04-13 13:42:16,3.72.0
YUDA,Parah sih kgk bisa login. Salah password mulu. Ga bisa lupa password juga,1,3.76.0,2023-04-13 13:03:14,"Hai Yuda, mohon maaf atas ketidaknyamanan yang kamu alami, perihal kendala kamu mohon informasikan kepada kami melalui email kami di cs@traveloka untuk dapat kami bantu tindaklanjuti kendala kamu ya. Terima kasih. -AK",2023-04-13 13:14:07,3.76.0
Vijipi Furniture,cepat,5,3.75.0,2023-04-13 12:56:02,"Halo Kak, terima kasih banyak atas ratingnya, semoga Kakak tetap nyaman dan selau setia menjadi pelanggan Traveloka. Yuk Kak pantengin terus Traveloka Lifestyle Super App karna kami selalu berikan promo-promo yg menarik loooh, jangan sampai ketinggalan ya :)",2023-04-13 13:12:19,3.75.0
Jamal Alafghani,bagus,5,3.75.0,2023-04-13 12:47:22,"Hai, Jamal. Terima kasih banyak atas ratingnya, semoga kamu tetap nyaman dan selalu setia menjadi pelanggan Traveloka. Yuk Kak pantengin terus Traveloka Lifestyle Super App karna kami selalu berikan promo-promo yang menarik. Jangan sampai ketinggalan ya. -KA",2023-04-13 13:14:34,3.75.0
Rina S,Terima kasih..sangat membantu memepermudah dan terpercaya..keep performance,5,3.75.0,2023-04-13 12:32:45,"Halo Kak, terima kasih banyak atas ratingnya, semoga Kakak tetap nyaman dan selau setia menjadi pelanggan Traveloka. Yuk Kak pantengin terus Traveloka Lifestyle Super App karna kami selalu berikan promo-promo yg menarik loooh, jangan sampai ketinggalan ya :)",2023-04-13 12:42:15,3.75.0
M inaldanyawan Inal,Mantap,5,3.75.0,2023-04-13 11:41:53,Makasih sudah menjadi pelanggan setia Traveloka ya Kak Inal :). -OR,2023-04-13 12:14:12,3.75.0
Fransiska Redi,mantap,5,3.57.0,2023-04-13 10:29:33,"Hai Fransiska, yuhuuuy senangnya mendapat bintang lima dari kamu, Kenyamananmu adalah prioritas Kami. Apabila ada pertanyaan, silakan dapat mengirimkan email ke kami di cs@traveloka.com atau pesan inbox di aplikasi Traveloka ya. Terima kasih. -CA",2023-04-13 10:45:41,3.57.0
adi fathroni,"Baca ni, serius, penting, pengalaman pribadi, kalo mesen buat perjalanan, mending pakai official nya aja, jangan pake perantara kek traveloka gini, serius, kalo ada kendala yg tidak d inginkan saat perjalanan ntah pesawat dll. Lu mau klaim ke traveloka malah rugi jir serius, malah lu d suruh bayar lagi, intinya rugi",1,3.76.0,2023-04-13 10:26:51,"Hai, Adi. Mohon maaf atas ketidaknyamanan yang Kamu alami. Untuk membantu kami memahami kendala kamu, mohon bantuannya untuk menginformasikan detail kendala yang dimaksud beserta nomor pesanan kamu (jika ada) melalui pesan pada aplikasi kamu atau melalui email ke cs@traveloka.com. Agar kami bantu lebih cek lebih lanjut. Terima kasih. -CA",2023-04-13 10:43:59,3.76.0
Odel henra Sihite,ok ajah,5,3.75.0,2023-04-13 10:23:35,"Halo Kak, terima kasih banyak atas ratingnya, semoga Kakak tetap nyaman dan selau setia menjadi pelanggan Traveloka. Yuk Kak pantengin terus Traveloka Lifestyle Super App karna kami selalu berikan promo-promo yg menarik loooh, jangan sampai ketinggalan ya :)",2023-04-13 10:42:09,3.75.0
Nastain Muslim,terlalu sedikit waktu yang di gunakan untuk pembayaran,5,3.75.0,2023-04-13 09:55:17,"Hai, Nastain. Mohon maaf atas ketidaknyamanannya. Pada dasarnya batas waktu pembayaran untuk pesanan Traveloka sudah tertampil pada saat kamu melakukan pemesanan. Disarankan untuk melakukan pembayaran sesuai dengan batas waktunya, agar pesanan bisa terverifikasi dengan baik. Terima kasih. -IN",2023-04-13 10:14:10,3.75.0
Rahmat Syah,Good,5,,2023-04-13 09:33:22,"Hi, thank you very much for the positive review! Please feel free to contact us at https://www.traveloka.com/contactus we're more than happy to assist you and Stay tuned for more exciting offers on Traveloka Lifestyle Super App.",2023-04-13 09:42:14,
Java Dwipa,ok,5,3.76.0,2023-04-13 09:15:09,"Hi, we are so grateful to get a lot of support from you. Hope you continue to enjoy our offers. If you have any feedback or suggestions, let us know on https://www.traveloka.com/contactus, our customer service would love to serve you in 24 hours. Thank you!",2023-04-13 09:42:16,3.76.0
Dewa Suanda,bagus,3,3.76.0,2023-04-13 09:09:34,"Terima kasih ya kak Dewa untuk penilaian kamu, jangan lupa selalu pesan menggunakan aplikasi Traveloka untuk menjadi teman liburan kamu dan jangan ragu menghubungi kami melalui alamat email kami di cs@traveloka.com jika mendapati kendala terkait pemesanan kamu ya kak. Terima kasih -AK",2023-04-13 09:13:47,3.76.0
Nawirah Tania,"semoga dpt paylater lagi dr traveloka, sgt sng pakai aplikasi in",5,3.75.0,2023-04-13 09:00:51,"Halo Kak, terima kasih banyak atas ratingnya, semoga Kakak tetap nyaman dan selau setia menjadi pelanggan Traveloka. Yuk Kak pantengin terus Traveloka Lifestyle Super App karna kami selalu berikan promo-promo yg menarik loooh, jangan sampai ketinggalan ya :)",2023-04-13 09:12:13,3.75.0
Arifin Hamdani,sangat membantu,5,3.75.0,2023-04-13 08:31:52,"Halo Kak, terima kasih banyak atas ratingnya, semoga Kakak tetap nyaman dan selau setia menjadi pelanggan Traveloka. Yuk Kak pantengin terus Traveloka Lifestyle Super App karna kami selalu berikan promo-promo yg menarik loooh, jangan sampai ketinggalan ya :)",2023-04-13 08:42:05,3.75.0
Sandy Marlitha,Traveloka teman traveling...the best👍👍👍,5,3.65.0,2023-04-13 08:02:13,"Halo Kak, terima kasih banyak atas ratingnya, semoga Kakak tetap nyaman dan selau setia menjadi pelanggan Traveloka. Yuk Kak pantengin terus Traveloka Lifestyle Super App karna kami selalu berikan promo-promo yg menarik loooh, jangan sampai ketinggalan ya :)",2023-04-13 08:12:09,3.65.0
Ingkok Chai,bagus,5,3.75.0,2023-04-13 07:51:01,"Hi Kak, senang banget nih dapat rating bagus dari Kakak, terima kasih juga atas feedbacknya! Kenyamanan Kakak adalah prioritas Kami, jika ada pertanyaan lainnya jangan sungkan ya untuk infokan pada kami di https://www.traveloka.com/contactus . Jangan sampai ketinggalan penawaran menarik lainnya di Traveloka Lifestye Super Apps.",2023-04-13 08:12:12,3.75.0
kamil speed,praktis,5,3.75.0,2023-04-13 07:14:45,"Halo Kak, terima kasih banyak atas ratingnya, semoga Kakak tetap nyaman dan selau setia menjadi pelanggan Traveloka. Yuk Kak pantengin terus Traveloka Lifestyle Super App karna kami selalu berikan promo-promo yg menarik loooh, jangan sampai ketinggalan ya :)",2023-04-13 07:42:06,3.75.0
Mila Astari,GK bermutu,1,,2023-04-13 07:08:43,"Hai Mila, maaf banget buat kamu gak nyaman, perihal kendala yang kamu alami mohon informasikan detail melalui email kami di cs@traveloka.com ya Kak. Terima kasih. -AK",2023-04-13 07:13:55,
ahmad ansori,baik,5,3.75.0,2023-04-13 07:01:32,"Hi Kak, senang banget nih dapat rating bagus dari Kakak, terima kasih juga atas feedbacknya! Kenyamanan Kakak adalah prioritas Kami, jika ada pertanyaan lainnya jangan sungkan ya untuk infokan pada kami di https://www.traveloka.com/contactus . Jangan sampai ketinggalan penawaran menarik lainnya di Traveloka Lifestye Super Apps.",2023-04-13 07:12:17,3.75.0
Muhammad tabrani,Sangat mengecewakan limit diturunkan saya g pernah telat bayar jatem tgl 28 saya bayar tgl 25 dan g pernah dadakan klo pesan pasti buat 2 minggu yg akan datang.,1,3.75.0,2023-04-13 06:49:09,"Hai Kak. Maaf ya atas ketidaknyamanannya. Mengenai penurunan limit sudah merupakan hasil keputusan dari tim analisis kredit kami. Pastikan gunakan limit PayLater kamu secara bijak. Apabila ada pertanyaan lain, silakan dapat menghubungi kami melalui ini https://www.traveloka.com/id-id/contactus ya. Terima kasih. -CA",2023-04-13 07:15:53,3.75.0
Tasya Cessy,Kecewa sama apps ini,1,3.76.0,2023-04-13 05:57:34,"Hai Tasya, mohon maaf banget kekecawaan yang kamu alami ya. Supaya bisa kami bantu lebih lanjut, mohon infokan rincian kendala kamu melalui tautan ini https://www.traveloka.com/id-id/contactus. Terima kasih. -OR",2023-04-13 06:13:32,3.76.0
Abdul Manab,Mudah dan cepat aksesnya,5,3.75.0,2023-04-13 05:54:46,"Halo Kak, terima kasih banyak atas ratingnya, semoga Kakak tetap nyaman dan selau setia menjadi pelanggan Traveloka. Yuk Kak pantengin terus Traveloka Lifestyle Super App karna kami selalu berikan promo-promo yg menarik loooh, jangan sampai ketinggalan ya :)",2023-04-13 06:12:06,3.75.0
SEA Keni,sangat membantu mantap,5,3.75.0,2023-04-13 05:40:03,"Halo Kak, terima kasih banyak atas ratingnya, semoga Kakak tetap nyaman dan selau setia menjadi pelanggan Traveloka. Yuk Kak pantengin terus Traveloka Lifestyle Super App karna kami selalu berikan promo-promo yg menarik loooh, jangan sampai ketinggalan ya :)",2023-04-13 05:42:06,3.75.0
Tri Bambang Bambang,"Responnya Cepat,,, Terimakasih Traveloka",5,3.75.0,2023-04-13 05:38:25,"Hi Kak, terima kasih atas feedbacknya, semoga Kakak tetap setia dengan Traveloka. Jika ada pertanyaan lain bisa langsung infokan pada kami di https://www.traveloka.com/contactus ya, Kak. Pantau terus Traveloka Lifestyle Super App untuk penawaran spesial lainnya!",2023-04-13 05:42:11,3.75.0
Nyoman Budi Muliawan,Traveloka saya bermaslah tdk bisa diakses biarpun sudah diperbaharui,2,3.76.0,2023-04-13 05:38:06,"Halo Nyoman. Mohon maaf atas ketidaknyamanan kamu. Kami sarankan kamu untuk re-install aplikasi Traveloka kamu dan pastingan jaringan stabil. Jika butuh bantuan, silakan menghubungi kami melalui https://www.traveloka.com/id-id/contactus. Terima kasih. -MZ",2023-04-13 05:45:32,3.76.0
Baderu,Xs,4,3.72.0,2023-04-13 04:53:32,"Hi, thank you very much for the positive review! Please feel free to contact us at https://www.traveloka.com/contactus we're more than happy to assist you and Stay tuned for more exciting offers on Traveloka Lifestyle Super App.",2023-04-13 05:12:06,3.72.0
Achman Gusyahbani,traveloka mantap,5,3.75.0,2023-04-13 04:17:02,"Halo Kak, terima kasih banyak atas ratingnya, semoga Kakak tetap nyaman dan selau setia menjadi pelanggan Traveloka. Yuk Kak pantengin terus Traveloka Lifestyle Super App karna kami selalu berikan promo-promo yg menarik loooh, jangan sampai ketinggalan ya :)",2023-04-13 04:42:16,3.75.0
Anis Wahyudi,pesen disini selalu ada tempat dan pilihan... tksi traveloka,5,3.75.0,2023-04-13 04:09:07,"Halo Kak, terima kasih banyak atas ratingnya, semoga Kakak tetap nyaman dan selau setia menjadi pelanggan Traveloka. Yuk Kak pantengin terus Traveloka Lifestyle Super App karna kami selalu berikan promo-promo yg menarik loooh, jangan sampai ketinggalan ya :)",2023-04-13 04:12:12,3.75.0
Briel AP,"Treveloka ko tidak bisa pembayaran Pake BNI, kemare2 bisa?",3,3.75.0,2023-04-13 03:52:31,"Halo Kak, terima kasih banyak atas ratingnya, semoga Kakak tetap nyaman dan selau setia menjadi pelanggan Traveloka. Yuk Kak pantengin terus Traveloka Lifestyle Super App karna kami selalu berikan promo-promo yg menarik loooh, jangan sampai ketinggalan ya :)",2022-03-23 22:00:09,3.75.0
Jefri Napitupulu,mantap,5,3.75.0,2023-04-13 03:07:16,"Hai Jefri, terima kasih atas feedbacknya, semoga kamu tetap setia dengan Traveloka. Jika ada pertanyaan bisa langsung infokan pada kami di https://www.traveloka.com/contactus ya Kak. Pantau terus Traveloka Lifestyle Super App untuk penawaran spesial lainnya! -AH",2023-04-13 03:17:56,3.75.0
A c,"Pecat itu staff IT Anda! Mau order ticket pesawat, SMS OTP tidak kunjung masuk!",1,,2023-04-13 02:49:05,"Hai Kak, mohon maaf atas kendala yang kamu alami. Untuk dapat kami lakukan pengecekan lebih lanjut terkait kendala kamu, mohon dapat menghubungi kami melalui link https://www.traveloka.com/id-id/contactus kak. Terima kasih -AH",2023-04-13 03:15:45,
Kita Punya,baik,5,3.75.0,2023-04-13 02:26:05,"Halo Kak, terima kasih banyak atas ratingnya, semoga Kakak tetap nyaman dan selau setia menjadi pelanggan Traveloka. Yuk Kak pantengin terus Traveloka Lifestyle Super App karna kami selalu berikan promo-promo yg menarik loooh, jangan sampai ketinggalan ya :)",2023-04-13 02:42:08,3.75.0
Rully Chandra,excelent,5,3.75.0,2023-04-13 02:18:54,"Hi Rully, so happy to get five stars from you, thank you for the appreciation. We look forward for your next order :) -RM",2023-04-13 02:44:59,3.75.0
Muhammad Syuja,thanks . sy selalu pakai traveloka utk layanan tiket perjalanan,5,3.75.0,2023-04-13 00:01:29,"Halo Kak, terima kasih banyak atas ratingnya, semoga Kakak tetap nyaman dan selau setia menjadi pelanggan Traveloka. Yuk Kak pantengin terus Traveloka Lifestyle Super App karna kami selalu berikan promo-promo yg menarik loooh, jangan sampai ketinggalan ya :)",2023-04-13 00:12:06,3.75.0
Zulqurnain Noor,"cepat, dan tepat",5,3.71.0,2023-04-12 22:12:16,"Halo Kak, terima kasih banyak atas ratingnya, semoga Kakak tetap nyaman dan selau setia menjadi pelanggan Traveloka. Yuk Kak pantengin terus Traveloka Lifestyle Super App karna kami selalu berikan promo-promo yg menarik loooh, jangan sampai ketinggalan ya :)",2023-04-12 22:42:06,3.71.0
Ufun Bahu,Mantap,5,3.75.0,2023-04-12 22:02:25,"Hai, Ufun. Terima kasih atas penilaian dan feedback dari kamu, kami akan terus meningkatkan kepuasan para pengguna. Jika ada pertanyaan lainnya jangan sungkan ya untuk infokan pada kami di https://www.traveloka.com/contactus. Jangan sampai ketinggalan juga penawaran menarik lainnya di Traveloka Lifestye Super Apps. Terima kasih. -KK",2023-04-12 22:13:42,3.75.0
emerald5758,good,5,3.75.0,2023-04-12 20:49:29,"Hi, thank you very much for the positive review! Please feel free to contact us at https://www.traveloka.com/contactus we're more than happy to assist you and Stay tuned for more exciting offers on Traveloka Lifestyle Super App.",2023-04-12 21:12:06,3.75.0
Anton Aant,"Baru ngajuan paylater sudah di tolak gimana mau jadi pengguna tetap,,,,terimakasih atas penolakan nya",1,3.75.0,2023-04-12 19:53:38,"Hai, Kak Anton. Mohon maaf atas ketidaknyamanannya. Untuk pendaftaran PayLater harus melewati verifikasi data. Dimana data-data yang diberikan harus sesuai dengan kriteria yang dibutuhkan oleh tim analis kami ya Kak. Mimin sarankan untuk mencoba kembali sesuai dengan waktu pengajuan yang kamu terima. Terima kasih. -RZ",2023-04-12 20:15:25,3.75.0
mulyo saksono,"Pencarian mudah dan banyak, bisa cari homestay juga",5,3.76.0,2023-04-12 19:41:46,"Halo Kak, terima kasih banyak atas ratingnya, semoga Kakak tetap nyaman dan selau setia menjadi pelanggan Traveloka. Yuk Kak pantengin terus Traveloka Lifestyle Super App karna kami selalu berikan promo-promo yg menarik loooh, jangan sampai ketinggalan ya :)",2023-04-12 19:42:10,3.76.0
Alvine Saputra,Tingakatan lagi fungsinya,3,3.75.0,2023-04-12 18:39:46,"Hai, Kak Alvine. Untuk kritik dan saran kamu, akan mimin sampaikan ke pihak terkait. Saran dan kritik dari kamu tentunya menjadi perhatian dan fokus utama dari pihak manajemen Traveloka. Untuk kedepannya kami akan terus meningkatkan dalam memberikan pelayanan yang maksimal dan prima. Terima kasih -RZ",2023-04-12 18:47:27,3.75.0
Annisa Nurrahma,"Aplikasi kaga jelas, tiba2 Paylater ga bisa di gunakan untuk pembelian hahaha kocak",1,,2023-04-12 18:09:42,"Hai, Kak Annisa. Maaf atas ketidaknyamanannya. Agar kami bisa bantu cek lebih lanjut, silakan menghubungi kami melalui https://www.traveloka.com/id-id/contactus. Kamu juga boleh loh hubungi kami ke akun IG PayLater Traveloka di link https://www.instagram.com/travelokapaylater/ kalau kamu masih butuh bantuan lainnya seputar PayLater. Makasih. -RZ",2023-04-12 18:17:33,
Troy Tomodok,❤️❤️❤️❤️,5,3.73.0,2023-04-12 17:44:22,Makasih ya Kak Troy sudah setia bersama Traveloka :)) -DZ,2023-04-12 18:13:19,3.73.0
Agurisno Oye,bagus tp kadang2 hang,3,3.62.2,2023-04-12 16:45:40,"Hai, Kak Agurisno. Maaf apabila masih ada kendala yang kamu alami. Terima kasih juga buat kritik dan saran kamu, untuk kedepannya kami akan terus meningkatkan dalam memberikan pelayanan yang maksimal dan prima. Terima kasih. -RZ",2023-04-12 17:15:16,3.62.2
Diy Proyektor Indonesia,Hmmm udah capek capek isi data pas klik untuk buss tiket habis kok ga ada tanda pas klik maaf tiket habis kan ga jelas,3,3.75.0,2023-04-12 16:09:26,"Hai, Kak. Mohon maaf sudah membuat kamu nggak nyaman. Untuk ketersediaan tiket Bus pada dasarnya mengikuti update dari sistem PO Bus Kak. Mimin sarankan untuk mencoba memilih alternatif lain yang masih tersedia. Terima kasih. -RZ",2023-04-12 16:16:48,3.75.0
Lupi Budiantoro (Budi),sdh langganan Traveloka,5,3.75.0,2023-04-12 15:37:10,"Halo Kak, terima kasih banyak atas ratingnya, semoga Kakak tetap nyaman dan selau setia menjadi pelanggan Traveloka. Yuk Kak pantengin terus Traveloka Lifestyle Super App karna kami selalu berikan promo-promo yg menarik loooh, jangan sampai ketinggalan ya :)",2023-04-12 15:42:11,3.75.0
Amrullah Mone,Pesan tiket sangat mudah,5,3.76.0,2023-04-12 15:19:41,"Hi Kak, senang banget nih dapat rating bagus dari Kakak, terima kasih juga atas feedbacknya! Kenyamanan Kakak adalah prioritas Kami, jika ada pertanyaan lainnya jangan sungkan ya untuk infokan pada kami di https://www.traveloka.com/contactus . Jangan sampai ketinggalan penawaran menarik lainnya di Traveloka Lifestye Super Apps.",2023-04-12 15:42:14,3.76.0
Nasrul 1973,ok,5,3.75.0,2023-04-12 14:49:34,"Hi, thank you very much for the positive review! Please feel free to contact us at https://www.traveloka.com/contactus we're more than happy to assist you and Stay tuned for more exciting offers on Traveloka Lifestyle Super App.",2023-04-12 15:12:08,3.75.0
Kang Kirman73,Cek cek,5,,2023-04-12 14:38:45,"Halo Kak, terima kasih banyak atas ratingnya, semoga Kakak tetap nyaman dan selau setia menjadi pelanggan Traveloka. Yuk Kak pantengin terus Traveloka Lifestyle Super App karna kami selalu berikan promo-promo yg menarik loooh, jangan sampai ketinggalan ya :)",2023-04-12 14:42:06,
Nirianti wakidi,"Sangat mengecewakan. Saya sudah pesan kamar di salah 1 wisma di daerah Palopo, sudah selesai melakukan pembayaran juga. Tapi pas ke tempat nya, katanya sudah tidak bekerjasama, dan pesanan saya tidak masuk di pihak mereka. Jadi saya tidak bisa memakai hak yang sudah saya bayar melalui traveloka. Itu kenapa bisa se tidak jelas begitu!",1,3.76.0,2023-04-12 14:33:43,"Hai Kak Niri, maaf atas kendala yang terjadi ya Kak, kamu bisa melakukan pelaporan pada kendala kamu melalui pesan aplikasi Traveloka kamu ya, supaya dapat dibantu tindaklanjuti oleh tim Hotel Spesialist. Terima kasih. -NT",2023-04-12 14:45:27,3.76.0
A D L I CHANNEL,bagus dan tingkatkan jangan lelet,5,3.75.0,2023-04-12 14:29:55,"Hi Kak, senang banget nih dapat rating bagus dari Kakak, terima kasih juga atas feedbacknya! Kenyamanan Kakak adalah prioritas Kami, jika ada pertanyaan lainnya jangan sungkan ya untuk infokan pada kami di https://www.traveloka.com/contactus . Jangan sampai ketinggalan penawaran menarik lainnya di Traveloka Lifestye Super Apps.",2023-04-12 14:42:11,3.75.0
Rere Reski,Servernya buruk pengalaman pernah ke surabaya udah booking 1 Minggu sebelum berangkat harga tiket 3jt malah di cancel maskapai udah gitu gada tanggung jawab ngembalikan dana. Tingkatin dong tanggung jawab nya di aplikasi suruh report doang ga di kembalikan dananya kebangetan,1,,2023-04-12 14:24:02,"Hai Kak Rere. Mohon maaf sekali ya kak, kami akan berusaha semaksimal mungkin untuk memberikan pelayanan terbaik kami kak. Terkait laporan kamu, pada dasarnya kamu bisa hubungi kami di https://trv.lk/contactus, agar bisa kami bantu lebih lanjut. Terima kasih -NT",2023-04-12 14:48:16,
Meisyaayu Wulandari,aplikasinya ok,5,3.75.0,2023-04-12 13:50:57,"Halo Kak, terima kasih banyak atas ratingnya, semoga Kakak tetap nyaman dan selau setia menjadi pelanggan Traveloka. Yuk Kak pantengin terus Traveloka Lifestyle Super App karna kami selalu berikan promo-promo yg menarik loooh, jangan sampai ketinggalan ya :)",2023-04-12 14:12:12,3.75.0
Tia Felix,"Pesan hotel, tiket tuk liburan di sni..dijamin praktis&trjangkau. Belum dpt kupon dll..Rekomen bgt.",5,3.75.0,2023-04-12 13:19:16,"Halo Kak, terima kasih banyak atas ratingnya, semoga Kakak tetap nyaman dan selau setia menjadi pelanggan Traveloka. Yuk Kak pantengin terus Traveloka Lifestyle Super App karna kami selalu berikan promo-promo yg menarik loooh, jangan sampai ketinggalan ya :)",2023-04-12 13:42:10,3.75.0
Muhammat Mulyono,sangatlah muda untuk pembayaran dan pembelian,5,3.75.0,2023-04-12 13:14:12,"Halo, Mulyono. Terima kasih banyak atas ratingnya, semoga Kakak tetap nyaman dan selau setia menjadi pelanggan Traveloka. Yuk Kak pantengin terus Traveloka Lifestyle Super App karna kami selalu berikan promo-promo yg menarik loooh, jangan sampai ketinggalan ya :) -IN",2023-04-12 13:50:12,3.75.0
Michael Wardhana,the best,5,3.75.0,2023-04-12 13:08:46,"Hi, thank you very much for the positive review! Please feel free to contact us at https://www.traveloka.com/contactus we're more than happy to assist you and Stay tuned for more exciting offers on Traveloka Lifestyle Super App.",2023-04-12 13:12:09,3.75.0
Christian Ignatius,nice app,5,3.70.1,2023-04-12 13:04:09,"Hi, we are so grateful to get a lot of support from you. Hope you continue to enjoy our offers. If you have any feedback or suggestions, let us know on https://www.traveloka.com/contactus, our customer service would love to serve you in 24 hours. Thank you!",2023-04-12 13:12:12,3.70.1
Aziz Kamaludin,terima kasih Traveloka,5,3.75.0,2023-04-12 13:03:53,"Hi Kak, terima kasih atas feedbacknya, semoga Kakak tetap setia dengan Traveloka. Jika ada pertanyaan lain bisa langsung infokan pada kami di https://www.traveloka.com/contactus ya, Kak. Pantau terus Traveloka Lifestyle Super App untuk penawaran spesial lainnya!",2023-04-12 13:12:14,3.75.0
Sutri Yono,ok,5,3.72.0,2023-04-12 13:03:16,"Hi, thank you very much for the positive review! Please feel free to contact us at https://www.traveloka.com/contactus we're more than happy to assist you and Stay tuned for more exciting offers on Traveloka Lifestyle Super App.",2023-04-12 13:12:17,3.72.0
Muhammad Imran salim,memuaskan harga terjangkau,5,3.75.0,2023-04-12 12:55:23,"Hi Kak, senang banget nih dapat rating bagus dari Kakak, terima kasih juga atas feedbacknya! Kenyamanan Kakak adalah prioritas Kami, jika ada pertanyaan lainnya jangan sungkan ya untuk infokan pada kami di https://www.traveloka.com/contactus . Jangan sampai ketinggalan penawaran menarik lainnya di Traveloka Lifestye Super Apps.",2023-04-12 13:12:19,3.75.0
Malik Ibrahim,mantap,5,3.76.0,2023-04-12 12:32:27,"Hai, Kak Malik. Senang banget dapat bintang lima dari Kakak, terima kasih atas apresiasinya. Semoga selalu suka ya Kak sama Traveloka :) -RU",2023-04-12 12:46:20,3.76.0
Ratnawati,bagus dan lebih mudah,5,3.75.0,2023-04-12 12:21:28,"Hi Kak, senang banget nih dapat rating bagus dari Kakak, terima kasih juga atas feedbacknya! Kenyamanan Kakak adalah prioritas Kami, jika ada pertanyaan lainnya jangan sungkan ya untuk infokan pada kami di https://www.traveloka.com/contactus . Jangan sampai ketinggalan penawaran menarik lainnya di Traveloka Lifestye Super Apps.",2023-04-12 12:42:09,3.75.0
Muhamad Iqbal,bgus untuk pemesan tiket d traveloka,5,3.71.1,2023-04-12 12:17:56,"Hi Kak, terima kasih atas feedbacknya, semoga Kakak tetap setia dengan Traveloka. Jika ada pertanyaan lain bisa langsung infokan pada kami di https://www.traveloka.com/contactus ya, Kak. Pantau terus Traveloka Lifestyle Super App untuk penawaran spesial lainnya!",2023-04-12 12:42:12,3.71.1
Joko Purwito,good,4,3.75.0,2023-04-12 12:09:51,"Hi, thank you very much for the positive review! Please feel free to contact us at https://www.traveloka.com/contactus we're more than happy to assist you and Stay tuned for more exciting offers on Traveloka Lifestyle Super App.",2023-04-12 12:12:10,3.75.0
feri andriono chanel,bonus dong,5,3.75.0,2023-04-12 11:56:22,"Hi, we are so grateful to get a lot of support from you. Hope you continue to enjoy our offers. If you have any feedback or suggestions, let us know on https://www.traveloka.com/contactus, our customer service would love to serve you in 24 hours. Thank you!",2023-04-12 12:12:15,3.75.0
Larasandi,Thnkyuuu sudah sangat membantu Smoga kedepannya traveloka bisa lebih baik lagi.,5,3.75.0,2023-04-12 11:39:55,"Hai, Larasandi. Mohon maaf atas ketidaknyamannnya. Dipastikan untuk kenyamanan pengguna Traveloka, kami akan perbaiki dan tingkatkan performa Traveloka. Kalau kamu memiliki kendala, mohon hubungi kami melalui tautan ini https://www.traveloka.com/id-id/contactus. Terima kasih 🙏 -WR",2023-03-20 23:32:33,3.75.0
Patimah Zahra,mantap,5,3.75.0,2023-04-12 11:33:31,"Hai, Kak Patimah. Senang banget dapat bintang lima dari Kakak, terima kasih atas apresiasinya. Semoga selalu suka ya Kak sama Traveloka :) -RU",2023-04-12 11:44:34,3.75.0
Budhi Efiyanto,👍👍👍,5,3.75.0,2023-04-12 11:29:21,"Hai, Kak Budhi. Senang banget dapat bintang lima dari Kakak, terima kasih atas apresiasinya. Semoga pengalaman Kakak bersama Traveloka selalu menyenangkan :) -RU",2023-04-12 11:46:19,3.75.0
Emeraldy aldy aldy,bikk,4,3.72.0,2023-04-12 11:21:13,"Hai Aldy. Terima kasih banyak atas ratingnya, semoga kamu tetap nyaman dan selalu setia menjadi pelanggan Traveloka. Yuk Kak pantengin terus Traveloka Lifestyle Super App karna kami selalu berikan promo-promo yang menarik. Jangan sampai ketinggalan ya. :) -NT",2023-04-12 11:46:19,3.72.0
Edu Pacis,luar biasa Skali ....,3,3.75.0,2023-04-12 10:56:11,"Hai, Kak Edu. Terima kasih atas reviewnya, semoga ke depannya kami bisa dapat bintang 5 dari kamu ya Kak :) -RU",2023-04-12 11:16:03,3.75.0
Salsabila sby,mantap,5,3.75.0,2023-04-12 10:32:29,"Hai, Salsabila. Senangnya dapat bintang lima dari kamu. Terima kasih untuk apresiasinya ya, semoga kamu tetap nyaman dan selalu setia menjadi pelanggan Traveloka. -SM",2023-04-12 10:44:00,3.75.0
Fauzan Azhima,sangat membantu,5,3.75.0,2023-04-12 10:17:06,"Halo Kak, terima kasih banyak atas ratingnya, semoga Kakak tetap nyaman dan selau setia menjadi pelanggan Traveloka. Yuk Kak pantengin terus Traveloka Lifestyle Super App karna kami selalu berikan promo-promo yg menarik loooh, jangan sampai ketinggalan ya :)",2023-04-12 10:42:12,3.75.0
Leonardus Fredy Handoko,baik,4,3.74.1,2023-04-12 09:36:14,"Halo Kak, terima kasih banyak atas ratingnya, semoga Kakak tetap nyaman dan selau setia menjadi pelanggan Traveloka. Yuk Kak pantengin terus Traveloka Lifestyle Super App karna kami selalu berikan promo-promo yg menarik loooh, jangan sampai ketinggalan ya :)",2023-04-12 09:42:07,3.74.1
herlita ferawati,sangat membantu,4,3.75.0,2023-04-12 09:33:17,"Hi Kak, senang banget nih dapat rating bagus dari Kakak, terima kasih juga atas feedbacknya! Kenyamanan Kakak adalah prioritas Kami, jika ada pertanyaan lainnya jangan sungkan ya untuk infokan pada kami di https://www.traveloka.com/contactus . Jangan sampai ketinggalan penawaran menarik lainnya di Traveloka Lifestye Super Apps.",2023-04-12 09:42:10,3.75.0
Nur Hadi Wijaya,cepat,5,3.75.0,2023-04-12 09:32:58,"Hi Kak, terima kasih atas feedbacknya, semoga Kakak tetap setia dengan Traveloka. Jika ada pertanyaan lain bisa langsung infokan pada kami di https://www.traveloka.com/contactus ya, Kak. Pantau terus Traveloka Lifestyle Super App untuk penawaran spesial lainnya!",2023-04-12 09:42:12,3.75.0
Yunita Silviana,baik,5,3.75.0,2023-04-12 09:29:46,"Halo Kak, terima kasih banyak atas ratingnya, semoga Kakak tetap nyaman dan selau setia menjadi pelanggan Traveloka. Yuk Kak pantengin terus Traveloka Lifestyle Super App karna kami selalu berikan promo-promo yg menarik loooh, jangan sampai ketinggalan ya :)",2023-04-12 09:42:15,3.75.0
Salman Alfarisi,baik,5,3.75.0,2023-04-12 09:14:47,"Hi Kak, senang banget nih dapat rating bagus dari Kakak, terima kasih juga atas feedbacknya! Kenyamanan Kakak adalah prioritas Kami, jika ada pertanyaan lainnya jangan sungkan ya untuk infokan pada kami di https://www.traveloka.com/contactus . Jangan sampai ketinggalan penawaran menarik lainnya di Traveloka Lifestye Super Apps.",2023-04-12 09:42:17,3.75.0
Gede Teguh,mantap,5,3.75.0,2023-04-12 09:01:38,"Halo, Teguh. Terima kasih banyak atas ratingnya, semoga Kakak tetap nyaman dan selau setia menjadi pelanggan Traveloka. Yuk Kak pantengin terus Traveloka Lifestyle Super App karna kami selalu berikan promo-promo yg menarik loooh, jangan sampai ketinggalan ya :) -IN",2023-04-12 09:13:29,3.75.0
Carles Sipasulta,Didellete,1,,2023-04-12 08:56:21,"Halo, Kak Carles. Maaf sekali telah membuat Kakak kecewa, mohon infokan ke kami kendala Kakak melalui https://www.traveloka.com/contactus. Kami sangat ingin membantu menyelesaikan permasalahan kakak. Terima kasih 🙏 -RU",2023-04-12 09:15:36,
Guntur Guntur,mudah dlm pemesanan,4,3.75.0,2023-04-12 08:52:57,"Halo Kak, terima kasih banyak atas ratingnya, semoga Kakak tetap nyaman dan selau setia menjadi pelanggan Traveloka. Yuk Kak pantengin terus Traveloka Lifestyle Super App karna kami selalu berikan promo-promo yg menarik loooh, jangan sampai ketinggalan ya :)",2023-04-12 09:12:09,3.75.0
Elvis Angkat,exellent,5,3.75.0,2023-04-12 08:50:19,"Hi, Elvis. Very happy to get five stars from you, thank you for the appreciation, We are waiting for your next order :) -RU",2023-04-12 09:13:52,3.75.0
Rizqi Rismunandar,cakep,5,3.75.0,2023-04-12 08:41:55,"Hi Kak, senang banget nih dapat rating bagus dari Kakak, terima kasih juga atas feedbacknya! Kenyamanan Kakak adalah prioritas Kami, jika ada pertanyaan lainnya jangan sungkan ya untuk infokan pada kami di https://www.traveloka.com/contactus . Jangan sampai ketinggalan penawaran menarik lainnya di Traveloka Lifestye Super Apps.",2023-04-12 09:12:13,3.75.0
Bisma Banyu Setia,top,5,,2023-04-12 07:33:30,"Hi, thank you very much for the positive review! Please feel free to contact us at https://www.traveloka.com/contactus we're more than happy to assist you and Stay tuned for more exciting offers on Traveloka Lifestyle Super App.",2023-04-12 07:42:07,
muji suhamdi,bagus,5,3.75.0,2023-04-12 07:29:52,"Hi Kak, senang banget nih dapat rating bagus dari Kakak, terima kasih juga atas feedbacknya! Kenyamanan Kakak adalah prioritas Kami, jika ada pertanyaan lainnya jangan sungkan ya untuk infokan pada kami di https://www.traveloka.com/contactus . Jangan sampai ketinggalan penawaran menarik lainnya di Traveloka Lifestye Super Apps.",2023-04-12 07:42:09,3.75.0
Nyoman Edi Edi,cepat dan tepat,5,3.75.0,2023-04-12 06:19:18,"Halo Kak, terima kasih banyak atas ratingnya, semoga Kakak tetap nyaman dan selau setia menjadi pelanggan Traveloka. Yuk Kak pantengin terus Traveloka Lifestyle Super App karna kami selalu berikan promo-promo yg menarik loooh, jangan sampai ketinggalan ya :)",2023-04-12 06:42:06,3.75.0
Lili Susanti,ok,5,,2023-04-12 06:10:55,"Hi, thank you very much for the positive review! Please feel free to contact us at https://www.traveloka.com/contactus we're more than happy to assist you and Stay tuned for more exciting offers on Traveloka Lifestyle Super App.",2023-04-12 06:12:17,
Rohmi Triwulandari,"Untuk pengalaman yang mengecewakan, untuk pengajuan refund dana atas pembatalan penerbangan. Tidak berbentuk cash secara utuh... Seharusnya bentuk pengembaliannya harus sesuai dengan dana yang di ajukan... Bukan berbentuk credit, voucher, dll",1,3.75.0,2023-04-12 06:10:49,"Halo Rohmi, mohon maaf terkait hal ini ya. Pada dasarnya setiap maskapai memiliki kebijakannya masing-masing terkait refund. Boleh infokan nomor pesanan kamu melalui tautan ini https://www.traveloka.com/id-id/contactus untuk pengecekan lebih lanjut ya Kak. Terima kasih. -OR",2023-04-12 06:13:55,3.75.0
Nadine Kholifa umaro,kok di punya saya ga keluar check in online???? di situ cuma tertera e tiket telah terbit tolong dong penjelasannya,3,3.75.0,2023-04-12 05:48:12,"Halo Nadine, mohon maaf banget terkait hal ini ya. Pada dasarnya setiap maskapai mempunya regulasi masing-masing terkait check-in online. Mohon infokan nomor pesanan kamu melalui tautan ini https://www.traveloka.com/id-id/contactus untuk pengecekan lebih lanjut ya. Terima kasih. -OR",2023-04-12 06:18:08,3.75.0
Randika Farhan,"Aplikasi lawak, Mau mesen tiket bus malah tampilan layar selalu item",1,3.76.0,2023-04-12 05:30:34,"Hai, Kak Randika. Mohon maaf atas ketidaknyamanan yang kamu alami. Kami sarankan untuk coba re-install terlebih dahulu aplikasi Traveloka kamu. Jika masih kendala, mohon infokan lebih detail kendala kamu melalui https://www.traveloka.com/id-id/contactus ya. Terima kasih. -PA",2023-04-12 05:44:02,3.76.0
Syaiful Rahmadi,"aplikasi sangat membantu dan mantap dalam hal tranfortasi,,, SAYANGNYA KURANG , TAK BISA CEK IN ONLINE,,, BAGUS APLIKASI YG DULU.",4,3.75.0,2023-04-12 05:25:13,"Hi Kak, senang banget nih dapat rating bagus dari Kakak, terima kasih juga atas feedbacknya! Kenyamanan Kakak adalah prioritas Kami, jika ada pertanyaan lainnya jangan sungkan ya untuk infokan pada kami di https://www.traveloka.com/contactus . Jangan sampai ketinggalan penawaran menarik lainnya di Traveloka Lifestye Super Apps.",2022-11-01 09:30:12,3.75.0
CerBiz net (Darman),sangat cepat dan membantu,5,3.71.1,2023-04-12 05:16:51,"Halo Kak, terima kasih banyak atas ratingnya, semoga Kakak tetap nyaman dan selau setia menjadi pelanggan Traveloka. Yuk Kak pantengin terus Traveloka Lifestyle Super App karna kami selalu berikan promo-promo yg menarik loooh, jangan sampai ketinggalan ya :)",2023-04-12 05:42:10,3.71.1
Mahkota Berlian,"oke, lengkap isinya, ndak perlu susah susah bingung gimana gimana. satset pake traveloka",5,3.75.0,2023-04-12 05:10:35,"Halo Kak, terima kasih banyak atas ratingnya, semoga Kakak tetap nyaman dan selau setia menjadi pelanggan Traveloka. Yuk Kak pantengin terus Traveloka Lifestyle Super App karna kami selalu berikan promo-promo yg menarik loooh, jangan sampai ketinggalan ya :)",2023-04-12 05:12:05,3.75.0
Mhaia Saffana,Ok,5,,2023-04-12 05:04:37,"Hi, we are so grateful to get a lot of support from you. Hope you continue to enjoy our offers. If you have any feedback or suggestions, let us know on https://www.traveloka.com/contactus, our customer service would love to serve you in 24 hours. Thank you!",2023-04-12 05:12:08,
Agus Purwanto,mudah dan cepat,4,3.75.0,2023-04-12 04:52:30,"Halo Kak, terima kasih banyak atas ratingnya, semoga Kakak tetap nyaman dan selau setia menjadi pelanggan Traveloka. Yuk Kak pantengin terus Traveloka Lifestyle Super App karna kami selalu berikan promo-promo yg menarik loooh, jangan sampai ketinggalan ya :)",2023-04-12 05:12:13,3.75.0
Taskur,bagus mempermudah,5,3.74.0,2023-04-12 04:07:37,"Halo Kak, terima kasih banyak atas ratingnya, semoga Kakak tetap nyaman dan selau setia menjadi pelanggan Traveloka. Yuk Kak pantengin terus Traveloka Lifestyle Super App karna kami selalu berikan promo-promo yg menarik loooh, jangan sampai ketinggalan ya :)",2023-04-12 04:12:12,3.74.0
Fadli Efmagustiany,D triloka semua jadi lebih baikk,5,,2023-04-12 03:24:31,"Hai Fadli. Makasih buat rating yang kamu berikan ya! Mimin seneng deh, ditunggu pemesanan kamu selanjutnya di Traveloka ya :) -RM",2023-04-12 03:45:00,
Putri Eka,knpa mau masukan paylater nya alamat gagal trus. 😪,2,3.75.0,2023-04-12 03:05:55,Halo Putri. Pastikan kamu menggunakan aplikasi Traveloka versi terbaru. Terima kasih. -SC,2023-04-12 03:14:42,3.75.0
Kemasromadnoval Ardiansyah,ok,5,3.75.0,2023-04-12 03:02:41,"Hi, thank you very much for the positive review! Please feel free to contact us at https://www.traveloka.com/contactus we're more than happy to assist you and Stay tuned for more exciting offers on Traveloka Lifestyle Super App.",2023-04-12 03:12:08,3.75.0
mayrezi saputra,Proses cepat,5,3.75.0,2023-04-12 02:51:23,"Hi Kak, senang banget nih dapat rating bagus dari Kakak, terima kasih juga atas feedbacknya! Kenyamanan Kakak adalah prioritas Kami, jika ada pertanyaan lainnya jangan sungkan ya untuk infokan pada kami di https://www.traveloka.com/contactus . Jangan sampai ketinggalan penawaran menarik lainnya di Traveloka Lifestye Super Apps.",2023-04-12 03:12:10,3.75.0
Tri Hilda Ekawati,traveloka lg knp deh? abs diupdate mlh ngga bs diakses sm sekali 🤦🏻‍♀️ tolong dong diperbaikin lg systemny,3,3.75.0,2023-04-12 02:13:31,"Hai Tri. Maaf buat gak nyaman. Agar bisa mimin bantu cek lebih lanjut, mohon hubungi kami melalui link https://www.traveloka.com/id-id/contactus. Terima kasih. -RM",2023-04-12 02:43:42,3.75.0
Muhamad Ferdiansah,memudahkan dalam perencanaan perjalanan,5,3.75.0,2023-04-12 02:11:42,"Halo Kak, terima kasih banyak atas ratingnya, semoga Kakak tetap nyaman dan selau setia menjadi pelanggan Traveloka. Yuk Kak pantengin terus Traveloka Lifestyle Super App karna kami selalu berikan promo-promo yg menarik loooh, jangan sampai ketinggalan ya :)",2023-04-12 02:12:06,3.75.0
NJE Gaming,.bagus,5,3.75.0,2023-04-12 02:09:56,"Hi Kak, senang banget nih dapat rating bagus dari Kakak, terima kasih juga atas feedbacknya! Kenyamanan Kakak adalah prioritas Kami, jika ada pertanyaan lainnya jangan sungkan ya untuk infokan pada kami di https://www.traveloka.com/contactus . Jangan sampai ketinggalan penawaran menarik lainnya di Traveloka Lifestye Super Apps.",2023-04-12 02:12:09,3.75.0
Andia Lawalata,"Jangan terlalu banyak menampilkan iklan yg bukan hubungannya dengan Traveloka, sudah bagus apk ini...👍👍👍",5,,2023-04-12 01:44:27,"Hi Kak, terima kasih atas feedbacknya, semoga Kakak tetap setia dengan Traveloka. Jika ada pertanyaan lain bisa langsung infokan pada kami di https://www.traveloka.com/contactus ya, Kak. Pantau terus Traveloka Lifestyle Super App untuk penawaran spesial lainnya!",2023-04-12 02:12:11,
Razak Rachman,oke,4,3.75.0,2023-04-12 01:36:51,Hai Razak. Makasih buat rating yang kamu berikan ya! Mimin tunggu pesanan kamu selanjutnya di Traveloka :) -RM,2023-04-12 01:43:13,3.75.0
Jack Berek,sangat membantu,5,3.75.0,2023-04-12 01:33:17,"Halo Kak, terima kasih banyak atas ratingnya, semoga Kakak tetap nyaman dan selau setia menjadi pelanggan Traveloka. Yuk Kak pantengin terus Traveloka Lifestyle Super App karna kami selalu berikan promo-promo yg menarik loooh, jangan sampai ketinggalan ya :)",2023-04-12 01:42:07,3.75.0
Rudy Wong,"Update terbaru banyak iklan pop up menutup layar bertubi menutup layar, apa2an ini.. kita hanya mau pesan hotel dgn cepat, itu sj...",1,3.75.0,2023-04-12 01:03:13,"Hai, Rudy. Mohon maaf tas ketidaknyamannya. Dipastikan untuk kenyamanan pengguna Traveloka, kami akan perbaiki dan tingkatkan performa Traveloka. Kalau kamu memiliki kendala, mohon hubungi kami melalui tautan ini https://www.traveloka.com/id-id/contactus. Terima kasih. -WR",2023-04-12 01:19:00,3.75.0
Rahmawati (Mamanya adiva),SAYA SUDAH DUA KALI TIDAK BISA MENGGUNAKAN PAYLATER SAYA DENGAN ALASAN KEAMANAN,1,3.75.0,2023-04-12 00:59:02,"Hai, Rahmawati. Mohon maaf atas ketidaknyamanannya. Kalau kamu memiliki kendala terkait penggunaan PayLater Traveloka, mohon hubungi kami melalui tautan ini https://www.traveloka.com/id-id/contactus untuk dibantu cek lebih lanjut ya. Terima kasih 🙏 -WR",2023-04-12 01:13:56,3.75.0
Ahmad Akbar Sunandir,lebih mudah dan cepat,3,3.75.0,2023-04-12 00:55:40,"Hai, Ahmad. Terima kasih atas penilaiannya, kami akan terus berkembang untuk kenyamanan pengguna yang lebih baik ke depannya. Terima kasih. -SC",2023-04-12 01:13:33,3.75.0
Meifven Budiman,Abis apdet eror terus bikin susah,1,3.75.0,2023-04-11 22:42:39,"Hai Meifven. Mohon maaf atas kendala yang kamu alami ya. Mimin sarankan untuk hapus cache pada aplikasi, logout kemudian login ulang, serta coba kembali secara berkala ya. Terima kasih. -KA",2023-04-11 23:14:09,3.75.0
susi muntichana,mantaap Traveloka,5,3.75.0,2023-04-11 22:05:54,"Hai Susi. Terima kasih banyak atas ratingnya, semoga kamu tetap nyaman dan selalu setia menjadi pelanggan Traveloka. Yuk Kak pantengin terus Traveloka Lifestyle Super App karna kami selalu berikan promo-promo yang menarik. Jangan sampai ketinggalan ya. -KA",2023-04-11 22:14:44,3.75.0
x xbrong,haya bintang satu yg cocok cari tiket pelni aja g ada,1,3.75.0,2023-04-11 18:10:54,"Hai, Xbrong. Maaf ya sudah membuatmu kecewa. Dipastikan untuk kenyamanan pengguna Traveloka, kami akan perbaiki & tingkatkan performa Traveloka. Saat ini untuk tiket pelni belum tersedia ya Kak. Semoga lekas tersedia. Terima kasih. -KA",2023-04-11 18:14:58,3.75.0
Bali Masbal,bagus,5,3.69.0,2023-04-11 17:58:26,"Halo Kak, terima kasih banyak atas ratingnya, semoga Kakak tetap nyaman dan selau setia menjadi pelanggan Traveloka. Yuk Kak pantengin terus Traveloka Lifestyle Super App karna kami selalu berikan promo-promo yg menarik loooh, jangan sampai ketinggalan ya :)",2023-04-11 18:12:16,3.69.0
Istana Design,keren,5,3.75.0,2023-04-11 17:28:49,"Halo Kak, terima kasih banyak atas ratingnya, semoga Kakak tetap nyaman dan selau setia menjadi pelanggan Traveloka. Yuk Kak pantengin terus Traveloka Lifestyle Super App karna kami selalu berikan promo-promo yg menarik loooh, jangan sampai ketinggalan ya :)",2023-04-11 17:42:07,3.75.0
ronni boy,harus lebih banyak promonya dan lebih murah dan mudah,5,3.75.0,2023-04-11 16:19:51,"Halo Kak, terima kasih banyak atas ratingnya, semoga Kakak tetap nyaman dan selau setia menjadi pelanggan Traveloka. Yuk Kak pantengin terus Traveloka Lifestyle Super App karna kami selalu berikan promo-promo yg menarik loooh, jangan sampai ketinggalan ya :)",2023-04-11 16:42:06,3.75.0
Bahar Arya,Mantap,5,3.75.0,2023-04-11 16:12:37,"Hai, Bahar. Terima kasih atas penilaian dan feedback dari kamu, kami akan terus meningkatkan kepuasan para pengguna. Jika ada pertanyaan lainnya jangan sungkan ya untuk infokan pada kami di https://www.traveloka.com/contactus. Jangan sampai ketinggalan juga penawaran menarik lainnya di Traveloka Lifestye Super Apps. Terima kasih. -KK",2023-04-11 16:47:11,3.75.0
Anang Setyobudi,mantap,5,3.56.1,2023-04-11 15:49:09,"Hai Anang. Terima kasih banyak atas ratingnya, semoga kamu tetap nyaman dan selalu setia menjadi pelanggan Traveloka. Yuk Kak pantengin terus Traveloka Lifestyle Super App karna kami selalu berikan promo-promo yang menarik. Jangan sampai ketinggalan ya. -KA",2023-04-11 16:14:59,3.56.1
Tata Arnes,mantap,5,3.75.0,2023-04-11 15:12:35,Makasih ya Kak Tata sudah setia bersama Traveloka :)) -DZ,2023-04-11 15:44:24,3.75.0
abd rohman,Jaringan koneksi webnya tidak stabil,2,3.75.0,2023-04-11 15:06:55,"Hai, Rohman. Maaf banget buat kendalanya. Mimin sarankan untuk clear cache pada perangkat kamu dan cek kembali secara berkala ya. Terima kasih -KA",2023-04-11 15:15:10,3.75.0
nining juliaa,"Udah beberapa hari error trs , heran !! Tolong di perbaiki lagi !",2,3.75.0,2023-04-11 15:04:32,"Hai Kak Nining, maaf banget kendala penggunaan app Traveloka kamu. Untuk mempermudah pengecekan, silakan kirimkan screenshot kendala tersebut melalui https://www.traveloka.com/id-id/contactus. Terima kasih -DZ",2023-04-11 15:20:28,3.75.0
Arif King,nice,5,3.75.0,2023-04-11 15:01:09,"Hi, thank you very much for the positive review! Please feel free to contact us at https://www.traveloka.com/contactus we're more than happy to assist you and Stay tuned for more exciting offers on Traveloka Lifestyle Super App.",2023-04-11 15:12:09,3.75.0
Cik Aman,Ok deh,5,,2023-04-11 14:59:09,"Hai, Cik. Terima kasih atas penilaian dan feedback dari kamu, kami akan terus meningkatkan kepuasan para pengguna. Jika ada pertanyaan lainnya jangan sungkan ya untuk infokan pada kami di https://www.traveloka.com/contactus. Jangan sampai ketinggalan juga penawaran menarik lainnya di Traveloka Lifestye Super Apps. Terima kasih. -KK",2023-04-11 15:14:33,
riswandi muchlis,good,5,3.75.0,2023-04-11 14:32:51,"Hi, thank you very much for the positive review! Please feel free to contact us at https://www.traveloka.com/contactus we're more than happy to assist you and Stay tuned for more exciting offers on Traveloka Lifestyle Super App.",2023-04-11 14:42:06,3.75.0
M Sefulloh,sangat membantu sekali...oke bnget deh,5,3.75.0,2023-04-11 14:13:29,"Hi Kak, senang banget nih dapat rating bagus dari Kakak, terima kasih juga atas feedbacknya! Kenyamanan Kakak adalah prioritas Kami, jika ada pertanyaan lainnya jangan sungkan ya untuk infokan pada kami di https://www.traveloka.com/contactus . Jangan sampai ketinggalan penawaran menarik lainnya di Traveloka Lifestye Super Apps.",2023-04-11 14:42:08,3.75.0
Subai Almeera,sangat puas,5,3.75.0,2023-04-11 13:51:21,"Halo Kak, terima kasih banyak atas ratingnya, semoga Kakak tetap nyaman dan selau setia menjadi pelanggan Traveloka. Yuk Kak pantengin terus Traveloka Lifestyle Super App karna kami selalu berikan promo-promo yg menarik loooh, jangan sampai ketinggalan ya :)",2023-04-11 14:12:07,3.75.0
fatwa Pane,bgus,4,3.75.0,2023-04-11 12:31:23,"Hai Pane, terima kasih atas feedbacknya, semoga kamu tetap setia dengan Traveloka. Jika ada pertanyaan bisa langsung infokan pada kami di https://www.traveloka.com/contactus ya Kak. Pantau terus Traveloka Lifestyle Super App untuk penawaran spesial lainnya! -AH",2023-04-11 12:43:03,3.75.0
Liska Aprita,Good job traveloka untuk fast respon dana refund nya,5,3.75.0,2023-04-11 11:43:54,"Halo Kak, terima kasih banyak atas ratingnya, semoga Kakak tetap nyaman dan selau setia menjadi pelanggan Traveloka. Yuk Kak pantengin terus Traveloka Lifestyle Super App karna kami selalu berikan promo-promo yg menarik loooh, jangan sampai ketinggalan ya :)",2023-04-11 12:12:06,3.75.0
Trias '05,Kecewa bget... dr mendaptkan limit 5 jt sampai turun ke 2 juta.. pemakaian memang max tapi tak pernh telat bahkan selalu bayar sblm jatuh tempo...,1,3.75.0,2023-04-11 10:29:03,"Hai Trias, maaf banget buat kamu gak nyaman perihal penurunan limit PayLater kamu, namun bisa hubungi langsung ke akun IG PayLater Traveloka https://www.instagram.com/travelokapaylater/ ya. Makasih. -AK
",2023-04-11 10:48:54,3.75.0
bosgunz eksotik,keren,5,3.75.0,2023-04-11 09:29:41,"Halo Kak, terima kasih banyak atas ratingnya, semoga Kakak tetap nyaman dan selau setia menjadi pelanggan Traveloka. Yuk Kak pantengin terus Traveloka Lifestyle Super App karna kami selalu berikan promo-promo yg menarik loooh, jangan sampai ketinggalan ya :)",2023-04-11 09:42:06,3.75.0
Dave,Berat amat nih aplikasi. Kadang blank putih kadang muter-muter gak jelas,1,3.75.0,2023-04-11 09:11:36,"Hai, Dave. Mohon maaf atas ketidaknyamanannya. Apabila kamu ada kendala pada aplikasi Traveloka, dipastikan untuk jaringan yang digunakan dalam keadaan stabil. Apabila kendala masih berlanjut, silakan untuk melakukan update aplikasi Traveloka ke versi terbaru. Mohon dicoba ya. Terima kasih. -IN",2023-04-11 09:15:23,3.75.0
Mira Nita,Terimakasih Traveloka sudah mencarikan solusi untuk perubahan jadwal penerbangan. Semoga kedepannya lebih baik lagi,4,3.75.0,2023-04-11 08:57:14,"Hai, Mira. Mohon maaf atas kendala yang terjadi. Pada dasarnya untuk perubahan jadwal penerbangan merupakan otoritas penuh dari pihak maskapai ya. Agar kami bisa bantu cek lebih lanjut kendala tersebut, mohon dibantu infokan nomor pemesanan kamu melalui https://www.traveloka.com/contactus ya. Kami akan membantu kendala kamu. Terima kasih. -RF",2023-04-11 01:14:36,3.75.0
erik argobi,oke mantap mudah,5,3.72.0,2023-04-11 08:55:19,"Halo Kak, terima kasih banyak atas ratingnya, semoga Kakak tetap nyaman dan selau setia menjadi pelanggan Traveloka. Yuk Kak pantengin terus Traveloka Lifestyle Super App karna kami selalu berikan promo-promo yg menarik loooh, jangan sampai ketinggalan ya :)",2023-04-11 09:12:15,3.72.0
Nyi Nyawar Tanjung Didit Bapar,Traveloka cihuyyyy banget,5,3.75.0,2023-04-11 07:34:37,"Halo Kak, terima kasih banyak atas ratingnya, semoga Kakak tetap nyaman dan selau setia menjadi pelanggan Traveloka. Yuk Kak pantengin terus Traveloka Lifestyle Super App karna kami selalu berikan promo-promo yg menarik loooh, jangan sampai ketinggalan ya :)",2023-04-11 07:42:07,3.75.0
syafyu afdal,baik,5,3.75.0,2023-04-11 06:48:46,"Halo Kak, terima kasih banyak atas ratingnya, semoga Kakak tetap nyaman dan selau setia menjadi pelanggan Traveloka. Yuk Kak pantengin terus Traveloka Lifestyle Super App karna kami selalu berikan promo-promo yg menarik loooh, jangan sampai ketinggalan ya :)",2023-04-11 07:12:05,3.75.0
Lpk Sba,sangat cepat prosesnya,5,3.21.1,2023-04-11 06:18:34,"Halo Kak, terima kasih banyak atas ratingnya, semoga Kakak tetap nyaman dan selau setia menjadi pelanggan Traveloka. Yuk Kak pantengin terus Traveloka Lifestyle Super App karna kami selalu berikan promo-promo yg menarik loooh, jangan sampai ketinggalan ya :)",2023-04-11 06:42:05,3.21.1
Fakri Jambi,Keren,5,3.75.0,2023-04-11 05:43:37,"Halo Kak, terima kasih banyak atas ratingnya, semoga Kakak tetap nyaman dan selau setia menjadi pelanggan Traveloka. Yuk Kak pantengin terus Traveloka Lifestyle Super App karna kami selalu berikan promo-promo yg menarik loooh, jangan sampai ketinggalan ya :)",2023-04-11 06:12:11,3.75.0
Ketut Utomo,kembali mendapat mudah dan nyamannya dengan traveloka,5,3.75.0,2023-04-11 04:43:34,"Halo Kak, terima kasih banyak atas ratingnya, semoga Kakak tetap nyaman dan selau setia menjadi pelanggan Traveloka. Yuk Kak pantengin terus Traveloka Lifestyle Super App karna kami selalu berikan promo-promo yg menarik loooh, jangan sampai ketinggalan ya :)",2023-04-11 05:12:07,3.75.0
Rega Is Putra,"Mohon bantuannya saya gak bisa masuk ke akun saya karena harus verifikasi ke nomor hape yg lama, padahal nomor baru saya sudah terdaftar di akun",2,3.75.0,2023-04-11 04:36:46,"Hai, Rega. Kami meminta maaf atas kendala yang kamu alami. Kamu dapat menghubungi kami melalui https://www.traveloka.com/id-id/contactus agar masalahmu bisa diselesaikan secepat mungkin.
Kami akan berikan solusi terbaik agar kamu dapat merasa puas dan layanan kami layak mendapatkan rating yang lebih baik. Terima kasih. -OE",2023-04-11 04:44:53,3.75.0
Asep Nurjaman,good choice,4,3.74.1,2023-04-11 03:54:09,"Hi, thank you very much for the positive review! Please feel free to contact us at https://www.traveloka.com/contactus we're more than happy to assist you and Stay tuned for more exciting offers on Traveloka Lifestyle Super App.",2023-04-11 04:12:07,3.74.1
Rahmat Purwono,"Kupon gratis ichitan dr alfamart hasil tukar poin traveloka tdk bisa diklaim dan tdk ada solusi baik dr traveloka dan alfamart. Nilainya kecil namun hal ini menandakan bahwa promo/poin dr traveloka tidak kredibel dan tidak serius. Selain itu, tidak kompatibel dan akomodatif utk perjalanan bisnis kantor yg memerlukan invoice atau bill dr hotel atau memerlukan invoice manual dr traveloka",1,3.75.0,2023-04-11 03:51:40,"Halo Rahmat, terima kasih telah menggunakan Traveloka dan mohon maaf atas ketidaknyamanan yang Anda alami. Untuk membantu kami memahami kendala yang Anda alami, mohon bantuan Anda untuk menginformasikan kendala yang dimaksud beserta nomor pesanan Anda (jika ada) melalui email ke cs@traveloka.com agar kami dapat membantu Anda lebih lanjut.",2019-11-25 04:08:27,3.75.0
Rahmadi Muis,sangat cepat,5,3.75.0,2023-04-11 03:40:12,"Halo Kak, terima kasih banyak atas ratingnya, semoga Kakak tetap nyaman dan selau setia menjadi pelanggan Traveloka. Yuk Kak pantengin terus Traveloka Lifestyle Super App karna kami selalu berikan promo-promo yg menarik loooh, jangan sampai ketinggalan ya :)",2023-04-11 03:42:06,3.75.0
aus al anhar,cepat dan mudah,5,3.75.0,2023-04-11 03:31:27,"Hi Kak, senang banget nih dapat rating bagus dari Kakak, terima kasih juga atas feedbacknya! Kenyamanan Kakak adalah prioritas Kami, jika ada pertanyaan lainnya jangan sungkan ya untuk infokan pada kami di https://www.traveloka.com/contactus . Jangan sampai ketinggalan penawaran menarik lainnya di Traveloka Lifestye Super Apps.",2023-04-11 03:42:07,3.75.0
Netha Pageru,memuaskan,4,3.75.0,2023-04-11 03:14:33,"Halo, Netha. Terima kasih atas penilaiannya dan telah memilih Traveloka sebagai partner perjalanan kamu. Terima kasih. -SC",2023-04-11 03:49:09,3.75.0
Louis Darien Hendyson,"oke,respond cepat,sippp",5,3.75.0,2023-04-11 01:56:02,"Halo Kak, terima kasih banyak atas ratingnya, semoga Kakak tetap nyaman dan selau setia menjadi pelanggan Traveloka. Yuk Kak pantengin terus Traveloka Lifestyle Super App karna kami selalu berikan promo-promo yg menarik loooh, jangan sampai ketinggalan ya :)",2023-04-11 02:12:06,3.75.0
Bayu Ramadhan,Sulit,1,,2023-04-11 01:50:30,"Hai Bayu. Maaf buat kamu tidak nyaman. Biar mimin bisa memahami kendala kamu, sampaikan detailnya melalui link https://www.traveloka.com/id-id/contactus ya. Terima kasih. -RM",2023-04-11 02:14:47,
Sad Boy,Bisa bayar apa aja,5,3.75.0,2023-04-11 01:30:06,"Halo Kak, terima kasih banyak atas ratingnya, semoga Kakak tetap nyaman dan selau setia menjadi pelanggan Traveloka. Yuk Kak pantengin terus Traveloka Lifestyle Super App karna kami selalu berikan promo-promo yg menarik loooh, jangan sampai ketinggalan ya :)",2023-04-11 01:42:05,3.75.0
hendras reskrim,keren,4,3.75.0,2023-04-11 01:15:14,"Hi Kak, senang banget nih dapat rating bagus dari Kakak, terima kasih juga atas feedbacknya! Kenyamanan Kakak adalah prioritas Kami, jika ada pertanyaan lainnya jangan sungkan ya untuk infokan pada kami di https://www.traveloka.com/contactus . Jangan sampai ketinggalan penawaran menarik lainnya di Traveloka Lifestye Super Apps.",2023-04-11 01:42:08,3.75.0
Nona Mufty,Kali ini kok beli tiket dan asuransi semua total sesuai. Pas mau Pembayar selisi harga hampir 200 rbu. Cek lis memang harga normal tdk ada selisi. Pas mau bayar ada selisi lgi dan hmpir 200 ribu. Padahal langganan di traveloka. Kayak gini jd mls,2,3.75.0,2023-04-11 01:06:46,"Hai, Mufty. Mohon maaf atas kendala yang terjadi. Boleh dibantu kirimkan detail kendala kamu dan juga screenshot kendala yang terjadi melalui link https://www.traveloka.com/contactus ya, agar kami bisa bantu pengecekan lebih lanjut. Terima kasih. -RF",2023-04-11 01:17:16,3.75.0
Elida,"bagus, cepat, mantap, recomended 😊👍👍👍",5,,2023-04-11 00:15:11,"Halo Kak, terima kasih banyak atas ratingnya, semoga Kakak tetap nyaman dan selau setia menjadi pelanggan Traveloka. Yuk Kak pantengin terus Traveloka Lifestyle Super App karna kami selalu berikan promo-promo yg menarik loooh, jangan sampai ketinggalan ya :)",2023-04-11 00:42:07,
Yune Store,Sangat membantu sekali,5,,2023-04-10 23:43:15,"Halo Kak, terima kasih banyak atas ratingnya, semoga Kakak tetap nyaman dan selau setia menjadi pelanggan Traveloka. Yuk Kak pantengin terus Traveloka Lifestyle Super App karna kami selalu berikan promo-promo yg menarik loooh, jangan sampai ketinggalan ya :)",2023-04-11 00:12:06,
Bungsu Lia,praktis,5,3.75.0,2023-04-10 23:22:26,"Halo Kak, terima kasih banyak atas ratingnya, semoga Kakak tetap nyaman dan selau setia menjadi pelanggan Traveloka. Yuk Kak pantengin terus Traveloka Lifestyle Super App karna kami selalu berikan promo-promo yg menarik loooh, jangan sampai ketinggalan ya :)",2023-04-10 23:42:06,3.75.0
Emma Purnamasari,good,5,3.75.0,2023-04-10 23:18:40,"Hi, we are so grateful to get a lot of support from you. Hope you continue to enjoy our offers. If you have any feedback or suggestions, let us know on https://www.traveloka.com/contactus, our customer service would love to serve you in 24 hours. Thank you!",2023-04-10 23:42:08,3.75.0
Mochamad Seno Aji S,"Bintang 5, Manteb Banget",5,3.75.0,2023-04-10 22:23:42,"Halo Kak, terima kasih banyak atas ratingnya, semoga Kakak tetap nyaman dan selau setia menjadi pelanggan Traveloka. Yuk Kak pantengin terus Traveloka Lifestyle Super App karna kami selalu berikan promo-promo yg menarik loooh, jangan sampai ketinggalan ya :)",2023-04-10 22:42:05,3.75.0
mendez jabrik,sangat membantu sekali,5,3.43.1,2023-04-10 20:49:08,"Halo Kak, terima kasih banyak atas ratingnya, semoga Kakak tetap nyaman dan selau setia menjadi pelanggan Traveloka. Yuk Kak pantengin terus Traveloka Lifestyle Super App karna kami selalu berikan promo-promo yg menarik loooh, jangan sampai ketinggalan ya :)",2023-04-10 21:12:06,3.43.1
Muhammad Alfayed,mantap,5,3.75.0,2023-04-10 20:27:02,"Hai Alfayed, yuhuuuy senangnya mendapat bintang lima dari kamu, Kenyamananmu adalah prioritas Kami. Apabila ada pertanyaan, silakan dapat mengirimkan email ke kami di cs@traveloka.com atau pesan inbox di aplikasi Traveloka ya. Terima kasih. -CA",2023-04-10 21:24:05,3.75.0
Iwan Fuadillatif,"""Tidak ada koneksi internet"" kepala bapak kau tu tak ada",1,3.75.0,2023-04-10 18:54:01,"Hai Kak Iwan. Mohon maaf sekali ya kak, kami akan berusaha semaksimal mungkin untuk memberikan pelayanan terbaik kami kak. Terkait laporan kamu, pada dasarnya kamu bisa hubungi kami melalui pesan aplikasi ataupun email ke cs@traveloka.com, agar bisa kami bantu lebih lanjut. Terima kasih -KA",2023-04-10 19:17:17,3.75.0
GilaMusik,"Paylater saya di blokir tanpa pemberitahuan, hanya krena lama gak dipake, padahal saya selalu bayar tepat waktu",2,3.75.0,2023-04-10 17:14:58,"Hai Kak. Mohon maaf atas ketidaknyamanan yang Kamu alami. Untuk membantu kami memahami kendala kamu, mohon bantuannya untuk menginformasikan detail kendala yang dimaksud melalui pesan pada aplikasi Traveloka atau melalui email ke cs@traveloka.com. Agar kami bantu lebih cek lebih lanjut. Terima kasih. -CA",2023-04-10 17:44:04,3.75.0
Indian Saputra,Tolong di perbaiki lagi biar gk ada kendala pas pengecekan tiket,3,,2023-04-10 16:55:16,"Hai, Kak Indian. Mohon maaf atas kendala yang kamu alami. Tentunya hal ini menjadi perhatian khusus bagi kami dan tim internal untuk melakukan evaluasi kembali agar tetap bisa memberikan pelayanan prima kepada pelanggan setia Traveloka. Terima kasih. -RZ",2023-04-10 17:14:44,
Riko Armanda,gampang di gunakna,5,3.75.0,2023-04-10 16:03:47,"Hai Riko. Terima kasih banyak atas ratingnya, semoga kamu tetap nyaman dan selalu setia menjadi pelanggan Traveloka. Yuk Kak pantengin terus Traveloka Lifestyle Super App karna kami selalu berikan promo-promo yang menarik. Jangan sampai ketinggalan ya. -KA",2023-04-10 16:13:36,3.75.0
Meja Belajar,Traveloka makin mantap dengan postur yg banyak semakin mempermudah.,5,3.75.0,2023-04-10 15:34:44,"Halo Kak, terima kasih banyak atas ratingnya, semoga Kakak tetap nyaman dan selau setia menjadi pelanggan Traveloka. Yuk Kak pantengin terus Traveloka Lifestyle Super App karna kami selalu berikan promo-promo yg menarik loooh, jangan sampai ketinggalan ya :)",2023-04-10 15:42:06,3.75.0
Najwa szm,"Tolong ya traveloka ini saya beli bis ada tulisannya bisa reschedule tapi ternyata pas ditanya ke agennya gabisa, sama saja bohong dong. Udah gitu nomor agennya salah juga, ini gimana sih? Kalau gini kan jadi gabisa reschedule. Ditanya ke cs juga gaterlalu ngebantu dan malah nomor pesanan katanya tidak aktif padahal jelas2 aktif. Tolong lebih di perhatikan ini harga tiketnya lumayan.",1,3.75.0,2023-04-10 15:28:54,"Hai, Kak Najwa. Mohon maaf atas ketidaknyamanannya. Agar kami bisa bantu cek lebih lanjut, silakan menghubungi kami kembali melalui https://www.traveloka.com/id-id/contactus. Terima kasih. -RZ",2023-04-10 15:44:58,3.75.0
erlyn silalahi,proses cepat good,5,3.75.0,2023-04-10 15:23:17,"Hi Kak, senang banget nih dapat rating bagus dari Kakak, terima kasih juga atas feedbacknya! Kenyamanan Kakak adalah prioritas Kami, jika ada pertanyaan lainnya jangan sungkan ya untuk infokan pada kami di https://www.traveloka.com/contactus . Jangan sampai ketinggalan penawaran menarik lainnya di Traveloka Lifestye Super Apps.",2023-04-10 15:42:11,3.75.0
IR. MUHAMMAD AZHAR PJ,cepat dan tepat,5,3.75.0,2023-04-10 15:03:29,"Halo Kak, terima kasih banyak atas ratingnya, semoga Kakak tetap nyaman dan selau setia menjadi pelanggan Traveloka. Yuk Kak pantengin terus Traveloka Lifestyle Super App karna kami selalu berikan promo-promo yg menarik loooh, jangan sampai ketinggalan ya :)",2023-04-10 15:12:13,3.75.0
Alamsyah official 2,okay,5,3.74.1,2023-04-10 14:53:10,"Hi, we are so grateful to get a lot of support from you. Hope you continue to enjoy our offers. If you have any feedback or suggestions, let us know on https://www.traveloka.com/contactus, our customer service would love to serve you in 24 hours. Thank you!",2023-04-10 15:12:16,3.74.1
Isnan Gaiska 86,memberi manfaat bagi masyarakat,5,3.75.0,2023-04-10 14:38:55,"Halo Kak, terima kasih banyak atas ratingnya, semoga Kakak tetap nyaman dan selau setia menjadi pelanggan Traveloka. Yuk Kak pantengin terus Traveloka Lifestyle Super App karna kami selalu berikan promo-promo yg menarik loooh, jangan sampai ketinggalan ya :)",2023-04-10 14:42:09,3.75.0
Safira,"Refund tidak bisa 100%, padahal pembatalan dari maskapai. Harusnya di ketentuan awal dikasih tahu kalau refund akan dikenakan biaya admin sebesar 50 ribu rupiah. Bukan hanya pasang stiker refundable di produknya",1,3.75.0,2023-04-10 14:30:11,"Hai, Safira. Mohon maaf atas pengalaman kamu ya. Pada dasaranya untuk pengembalian dana akan mengikuti kebijakan pihak maskapai. Untuk lakukan pengecekan lebih lanjut, silakan menghubungi kami melalui https://www.traveloka.com/contactus. Terima kasih.-TK",2023-04-10 14:48:04,3.75.0
Yyt Damia,2wewtr td te eeeetee te fee ttt,2,3.69.0,2023-04-10 14:26:42,"Hai Damia, mohon maaf atas sudah membuat kamu tidak nyaman. Jika kamu mempunyai kendala, mohon dapat menghubungi kami melalui https://www.traveloka.com/id-id/contactus untuk dapat kami cek lebih lanjut. Makasih. -AH",2023-04-10 14:45:54,3.69.0
nova handayani,ok mantap,5,3.75.0,2023-04-10 13:34:25,"Halo Kak, terima kasih banyak atas ratingnya, semoga Kakak tetap nyaman dan selau setia menjadi pelanggan Traveloka. Yuk Kak pantengin terus Traveloka Lifestyle Super App karna kami selalu berikan promo-promo yg menarik loooh, jangan sampai ketinggalan ya :)",2023-04-10 13:42:05,3.75.0
Ujang Iskandar,bagus,5,3.75.0,2023-04-10 13:16:34,"Hi Kak, senang banget nih dapat rating bagus dari Kakak, terima kasih juga atas feedbacknya! Kenyamanan Kakak adalah prioritas Kami, jika ada pertanyaan lainnya jangan sungkan ya untuk infokan pada kami di https://www.traveloka.com/contactus . Jangan sampai ketinggalan penawaran menarik lainnya di Traveloka Lifestye Super Apps.",2023-04-10 13:42:08,3.75.0
Aziz Ja'far,Alhamdulillah,4,3.67.0,2023-04-10 13:03:13,"Hai Aziz, terima kasih atas feedbacknya, semoga kamu tetap setia dengan Traveloka. Jika ada pertanyaan bisa langsung infokan pada kami di https://www.traveloka.com/contactus ya Kak. Pantau terus Traveloka Lifestyle Super App untuk penawaran spesial lainnya! -AH",2023-04-10 13:17:17,3.67.0
Irkham Hendi,sangat mudah dan cepat,5,3.75.0,2023-04-10 12:56:05,"Halo Kak, terima kasih banyak atas ratingnya, semoga Kakak tetap nyaman dan selau setia menjadi pelanggan Traveloka. Yuk Kak pantengin terus Traveloka Lifestyle Super App karna kami selalu berikan promo-promo yg menarik loooh, jangan sampai ketinggalan ya :)",2023-04-10 13:12:08,3.75.0
AnXi 77,"Sampah, udah pesan buat ke bandara ini, malah tiba2 di pindahin ke bandara lain! Kasih info itu yang benar dan jujur dong!!! TRUS mana jaringan bagus tapi susah banget di buka!!!",1,,2023-04-10 12:34:00,"Hai Anxi. Mohon maaf atas ketidaknyamanannya ya Kak. Supaya bisa mimin bantu cek lebih lanjut, mohon bantuannya infokan dahulu ke mimin nomor pesanan kamu di https://www.traveloka.com/id-id/contactus ya. Terima kasih. -KK",2023-04-10 12:47:09,
Angga Safutra,Pelayanan buruk dari traveloka. Tiket pesawat sudah di pesan tapi sudah lama baru di beritahukan bahwa dibatal. Tidak komit dan tidak kompeten.,1,3.35.0,2023-04-10 11:24:09,"Hai Angga. Mohon maaf atas kendala yang kamu alami ya Kak. Supaya bisa mimin bantu cek lebih lanjut, mohon bantuannya infokan dahulu nomor pesanan kamu dan foto informasi pembatalan dari maskapai ke https://www.traveloka.com/id-id/contactus ya Kak. Terima kasih. -KK",2023-04-10 11:48:11,3.35.0
prasetio aji,Mantaap,5,,2023-04-10 10:51:34,"Hai Aji, terima kasih atas feedbacknya, semoga kamu tetap setia dengan Traveloka. Jika ada pertanyaan bisa langsung infokan pada kami di https://www.traveloka.com/contactus ya Kak. Pantau terus Traveloka Lifestyle Super App untuk penawaran spesial lainnya! -AH",2023-04-10 11:18:18,
Pman Purkhadi,memberikan kemudahan,5,3.75.0,2023-04-10 10:49:48,"Hai, Pman. Terima kasih atas penilaian dan telah menjadikan Traveloka sebagai mitra perjalanan kamu, kami akan terus meningkat kepuasan para pengguna. Jika kamu memiliki pertanyaan lebih lanjut, silakan menghubungi kami melalui https://www.traveloka.com/contactus. Terima kasih.-TK",2023-04-10 11:19:02,3.75.0
Pratiwi Suci,Traveloka koq sll eror slma versi baru . Susah bgt sih,2,3.75.0,2023-04-10 10:37:52,"Hai Suci, mohon maaf sudah membuatmu tidak nyaman. Untuk dapat kami lakukan pengecekan lebih lanjut. Mohon dapat menginformasikan screenshot kendala kamu melalui link https://www.traveloka.com/id-id/contactus Kak. Terima kasih. -AH",2023-04-10 10:43:43,3.75.0
Al Muttaqin,"Hallo min, Kenapa kalo reschedule penerbangan, selalu gagal ya. Di reschedule regulee kosong tidak ada penerbangan, lalu di reschedule plus malah sistem bermasalah. Tolong bantuannya min. Thks",2,,2023-04-10 10:25:39,"Hai Al. Mohon maaf atas kendala yang kamu alami ya Kak. Supaya bisa mimin bantu cek lebih lanjut kendala kamu, mohon bantuannya infokan dahulu nomor pesanan kamu dan foto kendalanya di https://www.traveloka.com/id-id/contactus ya Kak. Terima kasih. -KK",2023-04-10 10:44:03,
Nolit Nugroho,ok,5,3.75.0,2023-04-10 09:54:54,"Hi, thank you very much for the positive review! Please feel free to contact us at https://www.traveloka.com/contactus we're more than happy to assist you and Stay tuned for more exciting offers on Traveloka Lifestyle Super App.",2023-04-10 10:12:07,3.75.0
wiwin saputra,mntap,5,3.69.1,2023-04-10 09:49:58,"Hi Kak, senang banget nih dapat rating bagus dari Kakak, terima kasih juga atas feedbacknya! Kenyamanan Kakak adalah prioritas Kami, jika ada pertanyaan lainnya jangan sungkan ya untuk infokan pada kami di https://www.traveloka.com/contactus . Jangan sampai ketinggalan penawaran menarik lainnya di Traveloka Lifestye Super Apps.",2023-04-10 10:12:10,3.69.1
Romana P,Pelayanan bagus dan cepat. Mudah diakses,5,3.75.0,2023-04-10 09:40:31,"Halo Kak, terima kasih banyak atas ratingnya, semoga Kakak tetap nyaman dan selau setia menjadi pelanggan Traveloka. Yuk Kak pantengin terus Traveloka Lifestyle Super App karna kami selalu berikan promo-promo yg menarik loooh, jangan sampai ketinggalan ya :)",2023-04-10 09:42:06,3.75.0
Wawan Karyanto,ok,4,3.75.0,2023-04-10 09:40:30,"Hi, we are so grateful to get a lot of support from you. Hope you continue to enjoy our offers. If you have any feedback or suggestions, let us know on https://www.traveloka.com/contactus, our customer service would love to serve you in 24 hours. Thank you!",2023-04-10 09:42:09,3.75.0
Abraham Daniel,mantap lah sejauh ini 👍👍,5,3.75.0,2023-04-10 09:37:37,"Hai Daniel, terima kasih atas feedbacknya, semoga kamu tetap setia dengan Traveloka. Jika ada pertanyaan bisa langsung infokan pada kami di https://www.traveloka.com/contactus ya Kak. Pantau terus Traveloka Lifestyle Super App untuk penawaran spesial lainnya! -AH",2023-04-10 09:43:11,3.75.0
Asjaya Hartono,Bagus,5,3.75.0,2023-04-10 08:50:53,"Halo Kak, terima kasih banyak atas ratingnya, semoga Kakak tetap nyaman dan selau setia menjadi pelanggan Traveloka. Yuk Kak pantengin terus Traveloka Lifestyle Super App karna kami selalu berikan promo-promo yg menarik loooh, jangan sampai ketinggalan ya :)",2023-04-10 09:12:06,3.75.0
muhammad fadhlillah,bad,1,3.75.0,2023-04-10 08:50:15,"Hai, Fadhlillah. Mohon maaf atas ketidaknyamanannya. Apabila kamu kendala, silakan disampaikan ya melalui email di cs@traveloka.com. Nantinya kami akan lakukan pengecekan lebih lanjut. Terima kasih. -IN",2023-04-10 09:14:20,3.75.0
Dedi Ch,sometimes we dont have much time... and you give a solution. thanks many lot.,5,3.75.0,2023-04-10 08:32:52,"Hi, thank you very much for the positive review! Please feel free to contact us at https://www.traveloka.com/contactus we're more than happy to assist you and Stay tuned for more exciting offers on Traveloka Lifestyle Super App.",2023-04-10 08:42:06,3.75.0
Safei Saja,bagus... kalo ada kendala jangan lama lama di proses nya minimal 1 jam buat keputusan nya,5,3.74.1,2023-04-10 08:18:22,"Hi Kak, senang banget nih dapat rating bagus dari Kakak, terima kasih juga atas feedbacknya! Kenyamanan Kakak adalah prioritas Kami, jika ada pertanyaan lainnya jangan sungkan ya untuk infokan pada kami di https://www.traveloka.com/contactus . Jangan sampai ketinggalan penawaran menarik lainnya di Traveloka Lifestye Super Apps.",2023-04-10 08:42:09,3.74.1
Blade hite,oke oce,4,3.75.0,2023-04-10 07:34:52,"Halo Kak, terima kasih banyak atas ratingnya, semoga Kakak tetap nyaman dan selau setia menjadi pelanggan Traveloka. Yuk Kak pantengin terus Traveloka Lifestyle Super App karna kami selalu berikan promo-promo yg menarik loooh, jangan sampai ketinggalan ya :)",2023-04-10 07:42:07,3.75.0
Eric Eric,Travelloka is the best.,5,3.75.0,2023-04-10 07:07:23,"Hi, thank you very much for the positive review! Please feel free to contact us at https://www.traveloka.com/contactus we're more than happy to assist you and Stay tuned for more exciting offers on Traveloka Lifestyle Super App.",2023-04-10 07:12:07,3.75.0
Agees Achmad,Error terus,3,3.75.0,2023-04-10 07:07:17,"Hai Agees. Maaf buat kamu gak nyaman. Untuk informasi lebih lanjut kendala kamu, mohon dapat menghubungi kami melalui link https://www.traveloka.com/id-id/contactus. Terima kasih. -RM",2023-04-10 07:13:15,3.75.0
Yunus Kholis,Error mlu,1,3.75.0,2023-04-10 06:43:44,"Hai, Yunus. Mohon maaf atas ketidaknyamanannya. Apabila kamu ada kendala pada aplikasi Traveloka, mohon dipastikan untuk jaringan yang digunakan dalam keadaan stabil ataupun bisa dicek untuk aplikasi Traveloka kamu sudah di update ke versi terbaru. Mohon dicoba ya. Terima kasih. -IN",2023-04-10 07:14:49,3.75.0
ZUZANTY,sangat membantu..terima kasih traveloka....LDR jalan trus biar blom gajihan 😁😁,5,3.75.0,2023-04-10 06:39:36,"Hai, Ranto. Makasih buat penilaian dan telah menjadikan Traveloka sebagai mitra perjalanan kamu, kami akan terus meningkat kepuasan para pengguna. Jika kamu memiliki pertanyaan lebih lanjut, silakan menghubungi kami melalui https://www.traveloka.com/contactus. Terima kasih.-TK",2023-04-10 06:49:03,3.75.0
Ina Sri Rahayu,ok,5,3.75.0,2023-04-10 06:30:02,"Hi, thank you very much for the positive review! Please feel free to contact us at https://www.traveloka.com/contactus we're more than happy to assist you and Stay tuned for more exciting offers on Traveloka Lifestyle Super App.",2023-04-10 06:42:07,3.75.0
Fikri Haikal,bgus baget. cuma kadg jrigannya agak eror,5,3.75.0,2023-04-10 06:06:02,"Halo Kak, terima kasih banyak atas ratingnya, semoga Kakak tetap nyaman dan selau setia menjadi pelanggan Traveloka. Yuk Kak pantengin terus Traveloka Lifestyle Super App karna kami selalu berikan promo-promo yg menarik loooh, jangan sampai ketinggalan ya :)",2023-04-10 06:12:07,3.75.0
Catur Kenzie,Aplikasi gila.... Pakek WiFi gak bisa!! Langsung hapus aja teman²!!!!!,1,,2023-04-10 05:55:52,"Hai Kenzie. Mohon maaf buat kamu tidak nyaman. Pastikan internet kamu dalam keadaan stabil ya. Jika butuh bantuan, kamu bisa menghubungi kam melalui https://www.traveloka.com/id-id/contactus. Terima kasih. -MZ",2023-04-10 06:14:41,
Sudirman Ngongano,☺️,3,,2023-04-10 05:37:05,"Hai, Sudirman. Terima kasih atas penilaian dan feedback dari kamu, kami akan terus meningkatkan kepuasan para pengguna. Jika ada pertanyaan lainnya jangan sungkan ya untuk infokan pada kami di https://www.traveloka.com/contactus. Jangan sampai ketinggalan penawaran menarik lainnya di Traveloka Lifestyle Super Apps. Terima kasih. -VK",2023-04-10 05:48:12,
Dede Irwanto,Sangat Membantu,5,3.75.0,2023-04-10 05:08:13,"Halo Kak, terima kasih banyak atas ratingnya, semoga Kakak tetap nyaman dan selau setia menjadi pelanggan Traveloka. Yuk Kak pantengin terus Traveloka Lifestyle Super App karna kami selalu berikan promo-promo yg menarik loooh, jangan sampai ketinggalan ya :)",2023-04-10 05:12:06,3.75.0
Yahya Nst,mantap,5,3.75.0,2023-04-10 05:02:07,"Hai, Yahya. Terima kasih untuk review dan bintang 5 yang kamu berikan ya, mimin senang banget deh lihatnya hehehe. Sehat dan sukses selalu buat kamu serta keluarga. Mimin tunggu pesanan kamu selanjutnya :) -AM",2023-04-10 05:15:09,3.75.0
Erwin Januandre Limbong,👌,5,3.75.0,2023-04-10 04:21:30,"Hai, Erwin. Terima kasih untuk review dan bintang 5 yang kamu berikan ya, mimin senang banget deh lihatnya hehehe. Sehat dan sukses selalu buat kamu serta keluarga. Mimin tunggu pesanan kamu selanjutnya :) -AM",2023-04-10 04:46:13,3.75.0
Sulaiman Asnani,Tambah lemot... Rah jelas lagi... Segera di perbaiki,1,3.75.0,2023-04-10 04:13:49,"Hai, Sulaiman. Mohon maaf atas ketidaknyamanan. Dipastikan untuk kenyamanan pengguna Traveloka, kami akan perbaiki dan tingkatkan performa Traveloka. Kalau kamu memiliki kendala atau pertanyaan seputar Traveloka, mohon hubungi kami melalui tautan ini https://www.traveloka.com/id-id/contactus. Terima kasih. -WR",2023-04-10 04:44:42,3.75.0
Hotimah Suhari,baik,5,3.75.0,2023-04-10 04:10:44,"Halo Kak, terima kasih banyak atas ratingnya, semoga Kakak tetap nyaman dan selau setia menjadi pelanggan Traveloka. Yuk Kak pantengin terus Traveloka Lifestyle Super App karna kami selalu berikan promo-promo yg menarik loooh, jangan sampai ketinggalan ya :)",2023-04-10 04:12:15,3.75.0
Bagus Dw,sangat membantu,5,3.75.0,2023-04-10 03:34:13,"Halo Kak, terima kasih banyak atas ratingnya, semoga Kakak tetap nyaman dan selau setia menjadi pelanggan Traveloka. Yuk Kak pantengin terus Traveloka Lifestyle Super App karna kami selalu berikan promo-promo yg menarik loooh, jangan sampai ketinggalan ya :)",2023-04-10 03:42:20,3.75.0
Hurun Humda,"terima kasih sdh byk membantu dan banyak pilihan pesawat. Sekedar saran, mohon ditambah rute penerbangan yg dulu sdh pernah ada , Bengkulu-Malang, Malang-Bengkulu & Lubuk Linggau -Malang, Malang-Lubuk Linggau. Kl memang bukan wilayah traveloka mohon disampaikan kpd pihak maskapai. Mksh",5,3.75.0,2023-04-10 03:02:32,"Halo Kak, terima kasih banyak atas ratingnya, semoga Kakak tetap nyaman dan selau setia menjadi pelanggan Traveloka. Yuk Kak pantengin terus Traveloka Lifestyle Super App karna kami selalu berikan promo-promo yg menarik loooh, jangan sampai ketinggalan ya :)",2023-04-10 03:12:07,3.75.0
Arjun 47y4,puas banget atas pelayananya,5,3.74.0,2023-04-10 02:51:48,"Hi Kak, senang banget nih dapat rating bagus dari Kakak, terima kasih juga atas feedbacknya! Kenyamanan Kakak adalah prioritas Kami, jika ada pertanyaan lainnya jangan sungkan ya untuk infokan pada kami di https://www.traveloka.com/contactus . Jangan sampai ketinggalan penawaran menarik lainnya di Traveloka Lifestye Super Apps.",2023-04-10 03:12:10,3.74.0
Fuad Hasyim Kukar,Saya daftar payleter kok tulis alamat jawabannya tidak valid trus,1,3.75.0,2023-04-10 02:33:46,"Halo Fuad. Mohon maaf atas kendala yang kamu alami. Untuk penulisan alamat pastikan sudah sesuai dengan yang tertulis pada KTP kamu. Jika butuh bantuan, silakan menghubungi kami melalui https://www.traveloka.com/id-id/contactus. Terima kasih. -MZ",2023-04-10 02:45:43,3.75.0
Winda Febryanti,dx.adma,3,3.75.0,2023-04-10 02:17:44,Hai Winda. Makasih buat rating yang kamu berikan. Kalau ada kendala atau pertanyaan kamu bisa hubungi kami melalui link https://www.traveloka.com/id-id/contactus. Terima kasih. -RM,2023-04-10 02:43:36,3.75.0
Siti Hasanah,"Sangat membantu dan banyak pilihan pesawat Sekedar saran, mohon ditambahkan rute penerbangan seperti dulu, Bengkulu - Malang, Malang-bengkulu dan Lubuklinggau - Malang, Malang - Lubuk Linggau. Kl memang itu bukan wilayah Traveloka, mohon bisa disampaikan ke pihak maskapai. Mksh",5,,2023-04-10 01:05:49,"Halo Kak, terima kasih banyak atas ratingnya, semoga Kakak tetap nyaman dan selau setia menjadi pelanggan Traveloka. Yuk Kak pantengin terus Traveloka Lifestyle Super App karna kami selalu berikan promo-promo yg menarik loooh, jangan sampai ketinggalan ya :)",2023-04-10 01:12:06,
Aris Yudha,"terima kasih, pelayanannya bagus",5,3.75.0,2023-04-10 00:45:26,"Hi Kak, senang banget nih dapat rating bagus dari Kakak, terima kasih juga atas feedbacknya! Kenyamanan Kakak adalah prioritas Kami, jika ada pertanyaan lainnya jangan sungkan ya untuk infokan pada kami di https://www.traveloka.com/contactus . Jangan sampai ketinggalan penawaran menarik lainnya di Traveloka Lifestye Super Apps.",2023-04-10 01:12:09,3.75.0
Arham saja,mantap,5,3.70.1,2023-04-10 00:20:11,"Hai, Arham. Terima kasih banyak atas ratingnya. Semoga kamu tetap nyaman dan selalu setia menjadi pelanggan Traveloka. Yuk pantengin terus Traveloka Lifestyle Super App, karena kami selalu berikan promo-promo yang menarik. Jangan sampai ketinggalan ya :) -WR",2023-04-10 00:45:44,3.70.1
Nxpz zxnx,mantap,5,3.75.0,2023-04-09 23:05:58,"Hai, Kak. Terima kasih atas ratingnya ya Kak. Mimin tunggu pesanan terbaru kamu. Semoga sehat selalu 😊 -RZ",2023-04-09 23:14:08,3.75.0
Kusmayadi Abu sakinah,sangat sangat membantu,5,3.73.0,2023-04-09 22:05:10,"Halo Kak, terima kasih banyak atas ratingnya, semoga Kakak tetap nyaman dan selau setia menjadi pelanggan Traveloka. Yuk Kak pantengin terus Traveloka Lifestyle Super App karna kami selalu berikan promo-promo yg menarik loooh, jangan sampai ketinggalan ya :)",2023-04-09 22:12:07,3.73.0
Sodikin Yuni,Sangat puas dengan aplikasi ini,5,,2023-04-09 21:32:09,"Halo Kak, terima kasih banyak atas ratingnya, semoga Kakak tetap nyaman dan selau setia menjadi pelanggan Traveloka. Yuk Kak pantengin terus Traveloka Lifestyle Super App karna kami selalu berikan promo-promo yg menarik loooh, jangan sampai ketinggalan ya :)",2023-04-09 21:42:06,
endro Laksito,sangat membantu ketika traveling,5,3.75.0,2023-04-09 20:49:04,"Halo Kak, terima kasih banyak atas ratingnya, semoga Kakak tetap nyaman dan selau setia menjadi pelanggan Traveloka. Yuk Kak pantengin terus Traveloka Lifestyle Super App karna kami selalu berikan promo-promo yg menarik loooh, jangan sampai ketinggalan ya :)",2023-04-09 21:12:07,3.75.0
M. Akbar Darussaputra,Bagus,5,3.75.0,2023-04-09 19:33:54,"Halo Kak, terima kasih banyak atas ratingnya, semoga Kakak tetap nyaman dan selau setia menjadi pelanggan Traveloka. Yuk Kak pantengin terus Traveloka Lifestyle Super App karna kami selalu berikan promo-promo yg menarik loooh, jangan sampai ketinggalan ya :)",2023-04-09 19:42:08,3.75.0
Epesus Malyo,sangat membantu,5,,2023-04-09 18:11:38,"Halo Kak, terima kasih banyak atas ratingnya, semoga Kakak tetap nyaman dan selau setia menjadi pelanggan Traveloka. Yuk Kak pantengin terus Traveloka Lifestyle Super App karna kami selalu berikan promo-promo yg menarik loooh, jangan sampai ketinggalan ya :)",2023-04-09 18:12:06,
Gus Julian,"Waktu kita setting,aplikasi download bahasa indonesia tapi selalu muncul gagal karena internet terputus padahal internet baik baik saja. Pakai wifi maupaun paket data juga sama saja",2,3.75.0,2023-04-09 17:26:48,"Hai Kak Julian, pada dasarnya untuk pengaturan bahasa mengikuti pengaturan pada ponsel kamu Kak, namun jika kamu sudah mengunduh aplikasi Traveloka kamu bisa ubah pada akun saya, kemudian pilih pengaturan ya Kak. Terima kasih. -AK",2023-04-09 11:46:36,3.75.0
Dewa kitchen Tv,TOP,5,3.45.0,2023-04-09 17:18:20,"Hi, thank you very much for the positive review! Please feel free to contact us at https://www.traveloka.com/contactus we're more than happy to assist you and Stay tuned for more exciting offers on Traveloka Lifestyle Super App.",2023-04-09 17:42:06,3.45.0
Azi Muharam Waseh,mantp,5,3.43.0,2023-04-09 16:53:06,"Hai, Kak Azi. Terima kasih atas ratingnya ya Kak. Mimin tunggu pesanan kamu ya. Semoga sehat selalu. -RZ",2023-04-09 17:18:05,3.43.0
TEUKU TAUFIK ARDIANSYAH,Sangat Membantu,5,3.75.0,2023-04-09 16:09:41,"Halo Kak, terima kasih banyak atas ratingnya, semoga Kakak tetap nyaman dan selau setia menjadi pelanggan Traveloka. Yuk Kak pantengin terus Traveloka Lifestyle Super App karna kami selalu berikan promo-promo yg menarik loooh, jangan sampai ketinggalan ya :)",2023-04-09 16:12:06,3.75.0
FARKHAN RAMA TIRMIDZI,Wort it,5,,2023-04-09 15:07:20,"Hi, Rama. Thank you for leaving a good comment to us. Let us know if you have any suggestion for improvement through https://www.traveloka.com/contactus . Stay around for more interesting offers from Traveloka Lifestyle Super App. -NT",2023-04-09 15:13:03,
Puji Sutrisno,mantap,5,3.75.0,2023-04-09 14:58:31,"Hai Puji, yuhuuuy senangnya mendapat bintang lima dari kamu, Kenyamananmu adalah prioritas Kami. Apabila ada pertanyaan, silakan dapat mengirimkan email ke kami di cs@traveloka.com atau pesan inbox di aplikasi Traveloka ya. Terima kasih. -CA",2023-04-09 15:13:26,3.75.0
yora thio,aplikasi mudah di gunakan. banyak pilihan promo. thank traveloka,5,3.75.0,2023-04-09 14:21:14,"Halo Kak, terima kasih banyak atas ratingnya, semoga Kakak tetap nyaman dan selau setia menjadi pelanggan Traveloka. Yuk Kak pantengin terus Traveloka Lifestyle Super App karna kami selalu berikan promo-promo yg menarik loooh, jangan sampai ketinggalan ya :)",2023-04-09 14:42:06,3.75.0
Bambang Harianto,easy and fast,5,3.52.0,2023-04-09 14:04:58,"Hi, thank you very much for the positive review! Please feel free to contact us at https://www.traveloka.com/contactus we're more than happy to assist you and Stay tuned for more exciting offers on Traveloka Lifestyle Super App.",2023-04-09 14:12:15,3.52.0
Feri Oktodinata,mantap lah,4,3.63.1,2023-04-09 13:33:01,"Hai, Feri. Senang sekali menerima bintang 4 dari kamu, terima kasih juga atas feedbacknya, Kenyamanan Kakak adalah prioritas Kami semoga kedepannya kami bisa dapat bintang 5 dari kamu ya ka :) -DA",2023-04-09 13:44:35,3.63.1
bil kristi,Sering error,1,,2023-04-09 11:20:25,Halo Bil. Silakan menghubungi kami melalui tautan https://www.traveloka.com/id-id/contactus untuk pengecekan lebih lanjut. Terima kasih. -SC,2023-04-09 11:43:42,
valen tinus,baik,5,3.64.0,2023-04-09 09:58:00,"Halo Kak, terima kasih banyak atas ratingnya, semoga Kakak tetap nyaman dan selau setia menjadi pelanggan Traveloka. Yuk Kak pantengin terus Traveloka Lifestyle Super App karna kami selalu berikan promo-promo yg menarik loooh, jangan sampai ketinggalan ya :)",2023-04-09 10:12:06,3.64.0
Didit Dimazt R,traveloka ga ada lawan emg,5,3.74.1,2023-04-09 09:56:13,"Hi Kak, senang banget nih dapat rating bagus dari Kakak, terima kasih juga atas feedbacknya! Kenyamanan Kakak adalah prioritas Kami, jika ada pertanyaan lainnya jangan sungkan ya untuk infokan pada kami di https://www.traveloka.com/contactus . Jangan sampai ketinggalan penawaran menarik lainnya di Traveloka Lifestye Super Apps.",2023-04-09 10:12:09,3.74.1
Santi Widjaja,ok,5,3.75.0,2023-04-09 09:22:53,"Hi, thank you very much for the positive review! Please feel free to contact us at https://www.traveloka.com/contactus we're more than happy to assist you and Stay tuned for more exciting offers on Traveloka Lifestyle Super App.",2023-04-09 09:42:09,3.75.0
Mochamad Choirul Anam,Terima kasih,5,3.75.0,2023-04-09 08:42:49,"Halo Kak, terima kasih banyak atas ratingnya, semoga Kakak tetap nyaman dan selau setia menjadi pelanggan Traveloka. Yuk Kak pantengin terus Traveloka Lifestyle Super App karna kami selalu berikan promo-promo yg menarik loooh, jangan sampai ketinggalan ya :)",2023-04-09 09:12:07,3.75.0
Taufik Hidayat,terimakasih,5,3.41.0,2023-04-09 07:23:45,"Halo Kak, terima kasih banyak atas ratingnya, semoga Kakak tetap nyaman dan selau setia menjadi pelanggan Traveloka. Yuk Kak pantengin terus Traveloka Lifestyle Super App karna kami selalu berikan promo-promo yg menarik loooh, jangan sampai ketinggalan ya :)",2023-04-09 07:42:06,3.41.0
Rebecca Blegur,Traveloka paylater ga jelas..bulan maret ada refund tiket limit sudah balik cicilan tetep jalan. Traveloka paylater ga telat dalam 2 bln masa turun 2x levelnya limit dr 9jt ke 2jt..sory hbs ni kita beralih ke yg lain saja. Sangat sangat mengecewakan.. ga jelas perhitungannya,1,,2023-04-09 07:01:37,"Hai, Rebecca. Mohon maaf atas ketidaknyamanannya. Untuk membantu kami memahami kendala kamu, mohon bantuannya untuk menginfokan akun PayLater kamu melalui https://www.traveloka.com/id-id/contactus agar kami dapat bantu cek lebih lanjut. Terima kasih. -SY",2023-04-09 07:15:41,
Arif Poso,baikk,5,3.74.1,2023-04-09 06:59:27,"Halo, Arif. Terima kasih atas penilaiannya dan telah memilih Traveloka sebagai partner perjalanan kamu. Terima kasih. -SC",2023-04-09 07:16:10,3.74.1
Arif Surya Rahmawan,sangat membantu mencari tiket pesawat maupun hotel,5,3.72.0,2023-04-09 05:21:50,"Halo Kak, terima kasih banyak atas ratingnya, semoga Kakak tetap nyaman dan selau setia menjadi pelanggan Traveloka. Yuk Kak pantengin terus Traveloka Lifestyle Super App karna kami selalu berikan promo-promo yg menarik loooh, jangan sampai ketinggalan ya :)",2023-04-09 05:42:08,3.72.0
Linda Syaidah,good,5,3.75.0,2023-04-09 05:13:41,"Hi, we are so grateful to get a lot of support from you. Hope you continue to enjoy our offers. If you have any feedback or suggestions, let us know on https://www.traveloka.com/contactus, our customer service would love to serve you in 24 hours. Thank you!",2023-04-09 05:42:12,3.75.0
Emil Agustin,Mau daftar paylater bikin repot pk sim/paspor padahal ktp ad. Apa guna ktp d Indonesia ni.,1,,2023-04-09 05:05:21,Halo Emil. Pada dasarnya untuk permintaan SIM/passport merupakan dokumen tambahan. Terima kasih. -SC,2023-04-09 05:18:18,
Vsru Vsru,aplikasi sangat membantu,4,3.75.0,2023-04-09 04:57:08,"Halo Kak, terima kasih banyak atas ratingnya, semoga Kakak tetap nyaman dan selau setia menjadi pelanggan Traveloka. Yuk Kak pantengin terus Traveloka Lifestyle Super App karna kami selalu berikan promo-promo yg menarik loooh, jangan sampai ketinggalan ya :)",2023-04-09 05:12:09,3.75.0
Rain Galaxy,lll,5,3.54.2,2023-04-09 04:47:58,"Hi, we are so grateful to get a lot of support from you. Hope you continue to enjoy our offers. If you have any feedback or suggestions, let us know on https://www.traveloka.com/contactus, our customer service would love to serve you in 24 hours. Thank you!",2023-04-09 05:12:11,3.54.2
erick Mia,sangat membantu,5,3.74.0,2023-04-09 04:34:08,"Halo Kak, terima kasih banyak atas ratingnya, semoga Kakak tetap nyaman dan selau setia menjadi pelanggan Traveloka. Yuk Kak pantengin terus Traveloka Lifestyle Super App karna kami selalu berikan promo-promo yg menarik loooh, jangan sampai ketinggalan ya :)",2023-04-09 04:42:08,3.74.0
Tatang Flexible,Saya merasa terbantu dengan adanya apk ini👍👍,5,,2023-04-09 04:32:25,"Hi Kak, senang banget nih dapat rating bagus dari Kakak, terima kasih juga atas feedbacknya! Kenyamanan Kakak adalah prioritas Kami, jika ada pertanyaan lainnya jangan sungkan ya untuk infokan pada kami di https://www.traveloka.com/contactus . Jangan sampai ketinggalan penawaran menarik lainnya di Traveloka Lifestye Super Apps.",2023-04-09 04:42:10,
Hastuti Paludin8,tiket lama baru terbit tdk seperti dlu,4,3.75.0,2023-04-09 04:27:06,"Hai, Hastuti. Kami meminta maaf atas kendala yang kamu alami. Kamu dapat menghubungi kami melalui https://www.traveloka.com/id-id/contactus agar masalahmu bisa diselesaikan secepat mungkin.
Kami akan berikan solusi terbaik agar kamu dapat merasa puas dan layanan kami layak mendapatkan rating yang lebih baik. Terima kasih. -OE",2023-04-09 04:44:59,3.75.0
Fardi Siau,ok,5,3.75.0,2023-04-09 03:55:01,"Hi, thank you very much for the positive review! Please feel free to contact us at https://www.traveloka.com/contactus we're more than happy to assist you and Stay tuned for more exciting offers on Traveloka Lifestyle Super App.",2023-04-09 04:12:06,3.75.0
May Lia,good,5,3.57.0,2023-04-09 03:08:48,"Hi, thank you very much for the positive review! Please feel free to contact us at https://www.traveloka.com/contactus we're more than happy to assist you and Stay tuned for more exciting offers on Traveloka Lifestyle Super App.",2023-04-09 03:12:06,3.57.0
YURMI,"Terimakasih, pelayanan cepat",5,3.74.0,2023-04-09 02:20:42,"Halo Kak, terima kasih banyak atas ratingnya, semoga Kakak tetap nyaman dan selau setia menjadi pelanggan Traveloka. Yuk Kak pantengin terus Traveloka Lifestyle Super App karna kami selalu berikan promo-promo yg menarik loooh, jangan sampai ketinggalan ya :)",2023-04-09 02:42:11,3.74.0
Dedi,X ĝg,4,3.72.0,2023-04-09 02:13:14,"Hai, Dedi. Terima kasih atas ratingnya. Semoga kamu tetap nyaman dan selalu setia menjadi pelanggan Traveloka. Kalau kamu memiliki pertanyaan seputar Traveloka, mohon hubungi kami melalui tautan ini https://www.traveloka.com/id-id/contactus untuk dibantu cek lebih lanjut ya. Terima kasih 🙏 -WR
",2023-04-09 02:46:37,3.72.0
suzatmiko ST,👍,4,3.75.0,2023-04-09 02:05:17,"Hai Suzatmiko, terima kasih sudah menggunakan Traveloka dan rating yang kamu berikan. Jika ada pertanyaan atau kendala yang bisa kami bantu, silakan hubungi kami melalui https://www.traveloka.com/id-id/contactus ya. -NA",2023-04-09 02:17:15,3.75.0
esther tirtajaya,proses cepat,4,3.75.0,2023-04-09 02:04:22,"Halo Kak, terima kasih banyak atas ratingnya, semoga Kakak tetap nyaman dan selau setia menjadi pelanggan Traveloka. Yuk Kak pantengin terus Traveloka Lifestyle Super App karna kami selalu berikan promo-promo yg menarik loooh, jangan sampai ketinggalan ya :)",2023-04-09 02:12:07,3.75.0
supri Tok,bagus,5,3.75.0,2023-04-09 01:58:44,"Hi Kak, senang banget nih dapat rating bagus dari Kakak, terima kasih juga atas feedbacknya! Kenyamanan Kakak adalah prioritas Kami, jika ada pertanyaan lainnya jangan sungkan ya untuk infokan pada kami di https://www.traveloka.com/contactus . Jangan sampai ketinggalan penawaran menarik lainnya di Traveloka Lifestye Super Apps.",2023-04-09 02:12:10,3.75.0
Muhammad Romli,Cepat ..pelayanannya,5,3.71.1,2023-04-09 01:56:24,"Hi Kak, terima kasih atas feedbacknya, semoga Kakak tetap setia dengan Traveloka. Jika ada pertanyaan lain bisa langsung infokan pada kami di https://www.traveloka.com/contactus ya, Kak. Pantau terus Traveloka Lifestyle Super App untuk penawaran spesial lainnya!",2023-04-09 02:12:12,3.71.1
UMMI AFIFAH,Aplikasi ini jelek banggeeeeettt.....,1,,2023-04-09 01:43:54,"Hai, Kak Ummi. Mimin sedih banget deh lihat review dari kamu. Kalau mimin boleh tau, jeleknya karena apa ya Kak? Yuk sampaikan keluhan kamu melalui layanan pengaduan Traveloka melalui laman https://www.traveloka.com/contactus ya. Terima kasih. -AM",2023-04-09 02:17:50,
ALDE RADO,mantap,4,3.71.1,2023-04-08 23:54:42,"Hai, Alde. Terima kasih untuk review dan bintang 4 yang kamu berikan ya, mimin senang banget deh lihatnya, semoga bisa jadi bintang 5 hehehe . Sehat dan sukses selalu buat kamu serta keluarga. Mimin tunggu pesanan kamu selanjutnya :) -AM",2023-04-09 00:15:31,3.71.1
Hanata 1335,sangat membantu Tp sy ga pernah di kasih reward,5,3.75.0,2023-04-08 23:54:40,"Halo Kak, terima kasih banyak atas ratingnya, semoga Kakak tetap nyaman dan selau setia menjadi pelanggan Traveloka. Yuk Kak pantengin terus Traveloka Lifestyle Super App karna kami selalu berikan promo-promo yg menarik loooh, jangan sampai ketinggalan ya :)",2023-04-09 00:12:07,3.75.0
Ovik Suryana,its good,5,3.75.0,2023-04-08 23:07:12,"Hi, thank you very much for the positive review! Please feel free to contact us at https://www.traveloka.com/contactus we're more than happy to assist you and Stay tuned for more exciting offers on Traveloka Lifestyle Super App.",2023-04-08 23:12:06,3.75.0
syarif nw,ok,5,3.75.0,2023-04-08 20:32:41,"Hi, thank you very much for the positive review! Please feel free to contact us at https://www.traveloka.com/contactus we're more than happy to assist you and Stay tuned for more exciting offers on Traveloka Lifestyle Super App.",2023-04-08 20:42:09,3.75.0
Awik Evendi,baik,4,3.75.0,2023-04-08 20:20:16,"Hi Kak, senang banget nih dapat rating bagus dari Kakak, terima kasih juga atas feedbacknya! Kenyamanan Kakak adalah prioritas Kami, jika ada pertanyaan lainnya jangan sungkan ya untuk infokan pada kami di https://www.traveloka.com/contactus . Jangan sampai ketinggalan penawaran menarik lainnya di Traveloka Lifestye Super Apps.",2023-04-08 20:42:12,3.75.0
Fauzi Perwira,biaya resecdlue sangat MAHAL,1,3.75.0,2023-04-08 16:34:19,"Hai Kak Fauzi, pada dasarnya kebijakan reschedule dapat berbeda-beda pada setiap pemesanan dan juga maskapai Kak, kamu bisa hubungi kami jika kamu memiliki kendala atau pertanyaan tentang reschedule kamu pada email di cs@traveloka.com atau pesan di aplikasi Traveloka kamu ya. Terima kasih. -NT",2023-04-08 16:44:36,3.75.0
Nizar Zagur,Hayang traveling teu boga duit 😂😂😂,5,,2023-04-08 15:47:51,"Hai, Kak Nizar. Terima kasih atas ratingnya ya Kak. Mimin tunggu pesanan kamu selanjutnya. Semoga sehat selalu 😊 -RZ",2023-04-08 16:14:17,
Fifi Mega,banyak promooo buruan pakai traveloka....,5,3.75.0,2023-04-08 15:43:32,"Halo Kak, terima kasih banyak atas ratingnya, semoga Kakak tetap nyaman dan selau setia menjadi pelanggan Traveloka. Yuk Kak pantengin terus Traveloka Lifestyle Super App karna kami selalu berikan promo-promo yg menarik loooh, jangan sampai ketinggalan ya :)",2023-04-08 16:12:14,3.75.0
Cahya Narsari,"Paylater boongan, kumpulkan data, saya menyesal daftar dan gagal 2x",1,,2023-04-08 14:21:32,"Hai Cahya. Mohon maaf sebelumnya terkait kegagalan saat pendaftaran akun PayLater ditentukan berdasarkan beberpa faktor. Untuk informasi lebih lanjutnya, kamu bisa hubungi kami melalui pesan di aplikasi Traveloka atau melalui email di cs@traveloka.com ya. Terima kasih. -FR",2023-04-08 14:45:45,
Rahendra Anda Setia,B5m,3,3.75.0,2023-04-08 14:03:17,"Hai Rahendra, jika kamu memiliki kendala ataupun pertanyaan terkait pemesanan di Traveloka kamu bisa menghubungi kami melalui email dengan alamat email cs@traveloka.com Terima kasih. -AK",2023-04-08 14:14:13,3.75.0
Rhadit Mahang,good apl,5,3.75.0,2023-04-08 13:57:12,"Hi, thank you very much for the positive review! Please feel free to contact us at https://www.traveloka.com/contactus we're more than happy to assist you and Stay tuned for more exciting offers on Traveloka Lifestyle Super App.",2023-04-08 14:12:07,3.75.0
Ardidwi Saputra,good,5,3.75.0,2023-04-08 13:47:56,"Hi, we are so grateful to get a lot of support from you. Hope you continue to enjoy our offers. If you have any feedback or suggestions, let us know on https://www.traveloka.com/contactus, our customer service would love to serve you in 24 hours. Thank you!",2023-04-08 14:12:10,3.75.0
Ardhyl 08,nice,5,3.75.0,2023-04-08 13:40:45,"Hi, thank you very much for the positive review! Please feel free to contact us at https://www.traveloka.com/contactus we're more than happy to assist you and Stay tuned for more exciting offers on Traveloka Lifestyle Super App.",2023-04-08 13:42:06,3.75.0
Tekad Budi Utomo,Support my accont,5,3.75.0,2023-04-08 13:40:11,"Hi, we are so grateful to get a lot of support from you. Hope you continue to enjoy our offers. If you have any feedback or suggestions, let us know on https://www.traveloka.com/contactus, our customer service would love to serve you in 24 hours. Thank you!",2023-04-08 13:42:09,3.75.0
hanifah hani,Traveloka memang ok bgt,5,3.74.1,2023-04-08 13:16:31,"Halo Kak, terima kasih banyak atas ratingnya, semoga Kakak tetap nyaman dan selau setia menjadi pelanggan Traveloka. Yuk Kak pantengin terus Traveloka Lifestyle Super App karna kami selalu berikan promo-promo yg menarik loooh, jangan sampai ketinggalan ya :)",2023-04-08 13:42:15,3.74.1
Ciang Yongwan,ok,5,3.75.0,2023-04-08 12:04:28,"Hi, we are so grateful to get a lot of support from you. Hope you continue to enjoy our offers. If you have any feedback or suggestions, let us know on https://www.traveloka.com/contactus, our customer service would love to serve you in 24 hours. Thank you!",2023-04-08 12:12:08,3.75.0
Juli Waruwu,👍,4,3.75.0,2023-04-08 11:33:20,Makasih ya Kak Juli sudah menjadi partner setia pemesanan kamu bersama Traveloka :)) -DZ,2023-04-08 11:47:34,3.75.0
ISAIAH IMAM MAWARDI,Ok,5,,2023-04-08 10:36:30,"Hi, thank you very much for the positive review! Please feel free to contact us at https://www.traveloka.com/contactus we're more than happy to assist you and Stay tuned for more exciting offers on Traveloka Lifestyle Super App.",2023-04-08 10:42:07,
Asmara Ikazen,mantap treveloka melayani online dengan sangat baik,5,3.75.0,2023-04-08 09:46:09,"Hi Kak, senang banget nih dapat rating bagus dari Kakak, terima kasih juga atas feedbacknya! Kenyamanan Kakak adalah prioritas Kami, jika ada pertanyaan lainnya jangan sungkan ya untuk infokan pada kami di https://www.traveloka.com/contactus . Jangan sampai ketinggalan penawaran menarik lainnya di Traveloka Lifestye Super Apps.",2023-04-08 10:12:17,3.75.0
Syafruddin Mangerangi,Excellent app,4,3.75.0,2023-04-08 09:37:40,"Hi, we are so grateful to get a lot of support from you. Hope you continue to enjoy our offers. If you have any feedback or suggestions, let us know on https://www.traveloka.com/contactus, our customer service would love to serve you in 24 hours. Thank you!",2023-04-08 09:42:09,3.75.0
Mena Azhary,ok mantap,5,3.75.0,2023-04-08 09:24:43,"Hi Kak, terima kasih atas feedbacknya, semoga Kakak tetap setia dengan Traveloka. Jika ada pertanyaan lain bisa langsung infokan pada kami di https://www.traveloka.com/contactus ya, Kak. Pantau terus Traveloka Lifestyle Super App untuk penawaran spesial lainnya!",2023-04-08 09:42:20,3.75.0
Agatha Lee,Tiket hangus gada pengembalian dana,1,,2023-04-08 09:01:01,"Hai Agatha, mohon informasikan detail kendala yang kamu alami yang menyebabkan pesanan kamu hangus melalui email kami di cs@traveloka.com untuk dapat kami bantu tindaklanjuti kendala kamu ya Kak. Terima kasih. -AK",2023-04-08 09:15:55,
Setya Hendrik,nice,5,3.75.0,2023-04-08 08:48:22,Thank you for leaving a good comment to us. Let us know if you have any suggestion for improvement through https://www.traveloka.com/contactus . Stay around for more interesting offers from Traveloka Lifestyle Super App!,2023-04-08 09:12:22,3.75.0
Vera Sexy,nice,5,3.75.0,2023-04-08 07:08:37,"Hi, thank you very much for the positive review! Please feel free to contact us at https://www.traveloka.com/contactus we're more than happy to assist you and Stay tuned for more exciting offers on Traveloka Lifestyle Super App.",2023-04-08 07:12:06,3.75.0
Jhon Parbellak,trima kasih,5,3.71.1,2023-04-08 06:33:30,"Hi Kak, senang banget nih dapat rating bagus dari Kakak, terima kasih juga atas feedbacknya! Kenyamanan Kakak adalah prioritas Kami, jika ada pertanyaan lainnya jangan sungkan ya untuk infokan pada kami di https://www.traveloka.com/contactus . Jangan sampai ketinggalan penawaran menarik lainnya di Traveloka Lifestye Super Apps.",2023-04-08 06:42:10,3.71.1
arief sumiyarto,mudah dan cepat,5,3.75.0,2023-04-08 05:46:03,"Halo Kak, terima kasih banyak atas ratingnya, semoga Kakak tetap nyaman dan selau setia menjadi pelanggan Traveloka. Yuk Kak pantengin terus Traveloka Lifestyle Super App karna kami selalu berikan promo-promo yg menarik loooh, jangan sampai ketinggalan ya :)",2023-04-08 06:12:08,3.75.0
Jaya Saputra,good,5,3.75.0,2023-04-08 05:43:36,"Hi, we are so grateful to get a lot of support from you. Hope you continue to enjoy our offers. If you have any feedback or suggestions, let us know on https://www.traveloka.com/contactus, our customer service would love to serve you in 24 hours. Thank you!",2023-04-08 06:12:11,3.75.0
Indra Lee,kerenz aplikasi ini,5,3.75.0,2023-04-08 05:09:01,"Halo Kak, terima kasih banyak atas ratingnya, semoga Kakak tetap nyaman dan selau setia menjadi pelanggan Traveloka. Yuk Kak pantengin terus Traveloka Lifestyle Super App karna kami selalu berikan promo-promo yg menarik loooh, jangan sampai ketinggalan ya :)",2023-04-08 05:12:11,3.75.0
M Firli,good,5,3.75.0,2023-04-08 05:06:50,"Hi, we are so grateful to get a lot of support from you. Hope you continue to enjoy our offers. If you have any feedback or suggestions, let us know on https://www.traveloka.com/contactus, our customer service would love to serve you in 24 hours. Thank you!",2023-04-08 05:12:13,3.75.0
Firmansyah,terima kasih,5,3.75.0,2023-04-08 04:19:14,"Hi Kak, senang banget nih dapat rating bagus dari Kakak, terima kasih juga atas feedbacknya! Kenyamanan Kakak adalah prioritas Kami, jika ada pertanyaan lainnya jangan sungkan ya untuk infokan pada kami di https://www.traveloka.com/contactus . Jangan sampai ketinggalan penawaran menarik lainnya di Traveloka Lifestye Super Apps.",2023-04-08 04:42:10,3.75.0
Asriani Achiel,sangat membantu,5,3.75.0,2023-04-08 03:24:57,"Halo Kak, terima kasih banyak atas ratingnya, semoga Kakak tetap nyaman dan selau setia menjadi pelanggan Traveloka. Yuk Kak pantengin terus Traveloka Lifestyle Super App karna kami selalu berikan promo-promo yg menarik loooh, jangan sampai ketinggalan ya :)",2023-04-08 03:42:06,3.75.0
Ahmad Hermanto,mudah beli tiket,5,3.75.0,2023-04-08 01:08:07,"Hai Ahmad. Terima kasih banyak atas ratingnya, semoga kamu tetap nyaman dan selalu setia menjadi pelanggan Traveloka. Yuk Kak pantengin terus Traveloka Lifestyle Super App karna kami selalu berikan promo-promo yang menarik. Jangan sampai ketinggalan ya. -KA",2023-04-08 01:14:04,3.75.0
Jerry Taufeeq,"Kenapa setelh update malah tambah berat ???sudh coba uninstal and reinstaltpi tetap aja, Katanya memperbaiki BUGS yg bau menjijikan, padahl HP sudh pake teknologi 7G bukan 5G lagi.",3,3.75.0,2023-04-08 00:04:33,"Hai, Kak Jerry. Mohon maaf sudah membuat kamu nggak nyaman. Mimin sarankan untuk mencoba secara berkala dan pastikan jaringan kamu dalam kondisi stabil. Mimin sarankan juga untuk hapus cache agar tidak memperlambat aplikasi yang kamu gunakan ya Kak. Terima kasih. -RZ",2023-04-07 23:47:54,3.75.0
Stevina,Tolong lah dipercepatkan proses kembalikan dana mackpai yg batalain penerbangan trus aku mau pesan tiket lagi gimana dana nya udh 3 hari blm di kembalikan tolong dong,3,3.58.0,2023-04-07 23:48:16,"Hai Stevina. Maaf buat kamu tidak nyaman. Untuk mimin bantu cek lebih lanjut, mohon dapat hubungi kami melalui link https://www.traveloka.com/id-id/contactus. Terima kasih. -RM",2023-04-08 00:17:39,3.58.0
Asih Djulianti,baik,5,3.75.0,2023-04-07 23:32:28,"Halo Kak, terima kasih banyak atas ratingnya, semoga Kakak tetap nyaman dan selau setia menjadi pelanggan Traveloka. Yuk Kak pantengin terus Traveloka Lifestyle Super App karna kami selalu berikan promo-promo yg menarik loooh, jangan sampai ketinggalan ya :)",2023-04-07 23:42:06,3.75.0
Irfan Roban,refund 10 persen kemungkinan dapatnya,2,3.74.1,2023-04-07 21:40:56,"Hai Kak Irfan, jika kamu memiliki kendala atau pertanyaan terkait refund pada pemesanan kamu, silakan sampaikan detailnya melalui https://trv.lk/contactus, agar bisa kami bantu lebih lanjut ya. Terima kasih -NT
",2023-04-07 21:45:53,3.74.1
Muhammad Sifa,Ok,5,3.75.0,2023-04-07 21:04:24,"Hi, thank you very much for the positive review! Please feel free to contact us at https://www.traveloka.com/contactus we're more than happy to assist you and Stay tuned for more exciting offers on Traveloka Lifestyle Super App.",2023-04-07 21:12:12,3.75.0
Koko Lazuardi,mantap,5,3.75.0,2023-04-07 18:00:28,"Hai, Koko. Terima kasih atas penilaian dan feedback dari kamu, kami akan terus meningkatkan kepuasan para pengguna. Jika ada pertanyaan lainnya jangan sungkan ya untuk infokan pada kami di https://www.traveloka.com/contactus. Jangan sampai ketinggalan juga penawaran menarik lainnya di Traveloka Lifestye Super Apps. Terima kasih. -KK",2023-04-07 18:12:58,3.75.0
Ishak Antonius,mantabs,5,3.75.0,2023-04-07 16:52:14,"Hai Ishak. Terima kasih banyak atas ratingnya, semoga kamu tetap nyaman dan selalu setia menjadi pelanggan Traveloka. Yuk Kak pantengin terus Traveloka Lifestyle Super App karna kami selalu berikan promo-promo yang menarik. Jangan sampai ketinggalan ya. :) -NT",2023-04-07 17:14:13,3.75.0
nyoman ayu nidya,Excellece service👍,5,,2023-04-07 15:58:42,"Hi, thank you very much for the positive review! Please feel free to contact us at https://www.traveloka.com/contactus we're more than happy to assist you and Stay tuned for more exciting offers on Traveloka Lifestyle Super App.",2023-04-07 16:12:07,
aj audit808,bagus sekali.,5,3.75.0,2023-04-07 15:33:28,"Hi Kak, senang banget nih dapat rating bagus dari Kakak, terima kasih juga atas feedbacknya! Kenyamanan Kakak adalah prioritas Kami, jika ada pertanyaan lainnya jangan sungkan ya untuk infokan pada kami di https://www.traveloka.com/contactus . Jangan sampai ketinggalan penawaran menarik lainnya di Traveloka Lifestye Super Apps.",2023-04-07 15:42:22,3.75.0
Andri Semut,ok,5,3.55.1,2023-04-07 15:13:21,Thank you for leaving a good comment to us. Let us know if you have any suggestion for improvement through https://www.traveloka.com/contactus . Stay around for more interesting offers from Traveloka Lifestyle Super App!,2023-04-07 15:42:33,3.55.1
Alya lie 86,terimakasih traveloka memudahkan semuanya perjalanan,5,3.75.0,2023-04-07 14:58:33,"Hi Kak, terima kasih atas feedbacknya, semoga Kakak tetap setia dengan Traveloka. Jika ada pertanyaan lain bisa langsung infokan pada kami di https://www.traveloka.com/contactus ya, Kak. Pantau terus Traveloka Lifestyle Super App untuk penawaran spesial lainnya!",2023-04-07 15:12:12,3.75.0
Owi Owi,"Aplikasi sialan beda hp beda harga , tolong di cek dulu sebelum membeli tiket , tiket yang sama penerbangan maskapai yang sama di jam penerbangan yang sama ,pesawat yang sama harga bisa 3x lipat lebih mahal kan as* review jujur not recommended traveloka",3,3.75.0,2023-04-07 14:56:56,"Hai, Owi. Mohon maaf sebelumnya atas ketidaknyamanan yang kamu alami. Jika memiliki pertanyaan terkait harga tiket flight pemesanan Traveloka kamu, silakan hubungi kami melalui email di cs@traveloka.com atau pesan di aplikasi Traveloka kamu ya. Terima kasih. -NT",2023-04-07 15:15:16,3.75.0
Lisa Amelia S,"Apk tiba-tiba ga bisa dibuka, ngelag terus, sampai pakai WiFi pun tetap ga bisa, tolong di perbaiki lagi",1,3.75.0,2023-04-07 13:55:02,"Hai Lisa maaf banget buat kamu gak nyaman, perihal kendala kamu mohon informasikan detail kendala yang kamu alami melalui email kami di cs@traveloka.com untuk kami bantu tindaklanjuti kendala yang kamu alami ya Kak. Terima kasih. -AK",2023-04-07 14:16:25,3.75.0
ajeng okta2,"Burukkk sekali pelayanannya , masa reschwdulen aja 2jam parah kapok langsung uninstal",1,3.74.0,2023-04-07 13:46:02,"Hai Ajeng. Mohon maaf atas kendala yang kamu alami, jika memiliki kendala saat mengajukan reschedule, kamu bisa hubungi customer service kami melalui pesan di aplikasi Traveloka kamu atau melalui email di cs@traveloka.com, untuk dibantu lebih lanjut ya. Terima kasih. -FR",2023-04-07 14:14:16,3.74.0
Masbukhim Oeing,"ok,,,",3,3.73.0,2023-04-07 13:42:41,"Hai, Kak. Terima kasih atas feedbacknya, semoga Kakak tetap setia dengan Traveloka. Jika ada pertanyaan lain bisa langsung infokan pada kami di https://www.traveloka.com/contactus ya, Kak. Pantau terus Traveloka Lifestyle Super App untuk penawaran spesial lainnya! -CA",2023-04-07 14:13:16,3.73.0
Adistra Entertainment,mantab,5,3.57.0,2023-04-07 13:20:33,"Halo Kak, terima kasih banyak atas ratingnya, semoga Kakak tetap nyaman dan selau setia menjadi pelanggan Traveloka. Yuk Kak pantengin terus Traveloka Lifestyle Super App karna kami selalu berikan promo-promo yg menarik loooh, jangan sampai ketinggalan ya :)",2023-04-07 13:42:14,3.57.0
Mz Efendi,Masalah refund tiket pesawat di lempar ke pihak maskpai. Hubungi CS pihak maskapai katanya maskapai udah menyelesaikan proses refund dan dana sudah di transfer ke credit traveloka. Tanya balik ke traveloka lagi katanya nunggu duitnya dari maskapai. Muter2 mulu gak ada penyelesaian,1,,2023-04-07 12:48:33,"Hai Efendi, maaf ya atas ketidaknyamanannya. Untuk terkait informasi refund, kami sarankan mohon menunggu proses refund yang sedang berlangsung ya. Kamu juga dapat cek status refund melalui aplikasi Traveloka. Apabila ada pertanyaan lain, silakan dapat hubungi kami di https://www.traveloka.com/id-id/contactus. Terima kasih. -CA
",2023-04-07 13:17:24,
Subur Triono,mantap,5,3.74.0,2023-04-07 11:40:09,"Hai, Subur. Terima kasih atas penilaian dan telah menjadikan Traveloka sebagai mitra perjalanan kamu, kami akan terus meningkat kepuasan para pengguna. Jika kamu memiliki pertanyaan lebih lanjut, silakan menghubungi kami melalui https://www.traveloka.com/contactus. Terima kasih.-TK",2023-04-07 11:45:35,3.74.0
Lisa Budiarti,Masyaallah,5,,2023-04-07 10:55:34,Makasih ya Kak Lisa sudah setia bersama Traveloka :)) -DZ,2023-04-07 11:24:27,
Achmad Syaifullah Lubis,operator cs nya membantu sekali,5,3.75.0,2023-04-07 10:51:28,"Hi Kak, senang banget nih dapat rating bagus dari Kakak, terima kasih juga atas feedbacknya! Kenyamanan Kakak adalah prioritas Kami, jika ada pertanyaan lainnya jangan sungkan ya untuk infokan pada kami di https://www.traveloka.com/contactus . Jangan sampai ketinggalan penawaran menarik lainnya di Traveloka Lifestye Super Apps.",2023-04-07 11:12:11,3.75.0
Jufriadi DP V Teknik C,baik,4,3.75.0,2023-04-07 10:21:50,"Hi Kak, senang banget nih dapat rating bagus dari Kakak, terima kasih juga atas feedbacknya! Kenyamanan Kakak adalah prioritas Kami, jika ada pertanyaan lainnya jangan sungkan ya untuk infokan pada kami di https://www.traveloka.com/contactus . Jangan sampai ketinggalan penawaran menarik lainnya di Traveloka Lifestye Super Apps.",2023-04-07 10:42:19,3.75.0
Lutan Laen,bagus layanannya,5,3.75.0,2023-04-07 09:48:55,"Hi Kak, senang banget nih dapat rating bagus dari Kakak, terima kasih juga atas feedbacknya! Kenyamanan Kakak adalah prioritas Kami, jika ada pertanyaan lainnya jangan sungkan ya untuk infokan pada kami di https://www.traveloka.com/contactus . Jangan sampai ketinggalan penawaran menarik lainnya di Traveloka Lifestye Super Apps.",2023-04-07 10:12:17,3.75.0
Jovan Borneo Connected,Susah sekali diakses...,1,,2023-04-07 09:45:36,"Hai Jovan. Mohon maaf sekali sebelumnya, jika memiliki kendala saat melakukan pemesanan, kamu bisa hubungi customer service kami melalui pesan di aplikasi Traveloka kamu atau melalui email di cs@traveloka.com, untuk dibantu lebih lanjut ya. Terima kasih. -FR",2023-04-07 10:17:59,
Ary Fajar rifaie,terbantu sekali trims traveloka,5,3.75.0,2023-04-07 09:32:25,"Hi Kak, senang banget nih dapat rating bagus dari Kakak, terima kasih juga atas feedbacknya! Kenyamanan Kakak adalah prioritas Kami, jika ada pertanyaan lainnya jangan sungkan ya untuk infokan pada kami di https://www.traveloka.com/contactus . Jangan sampai ketinggalan penawaran menarik lainnya di Traveloka Lifestye Super Apps.",2023-04-07 09:42:09,3.75.0
Yesi Mentari,semoga tidak mengecewakan dan amanah kepada semua konsumen,5,3.75.0,2023-04-07 08:10:09,"Halo Kak, terima kasih banyak atas ratingnya, semoga Kakak tetap nyaman dan selau setia menjadi pelanggan Traveloka. Yuk Kak pantengin terus Traveloka Lifestyle Super App karna kami selalu berikan promo-promo yg menarik loooh, jangan sampai ketinggalan ya :)",2023-04-07 08:12:06,3.75.0
Edi Bahrullah,"Awalnya bintang 5 sekarang sy kasi turun ke bintang 1 😂 Traveloka makin payah di akses, habis waktu nunggu sampai jadwal penerbangan di tutup.",1,3.75.0,2023-04-07 07:57:48,"Hai, Edi. Kami meminta maaf atas kendala yang kamu alami. Kamu dapat menghubungi kami melalui https://www.traveloka.com/id-id/contactus agar masalahmu bisa diselesaikan secepat mungkin.
Kami akan berikan solusi terbaik agar kamu dapat merasa puas dan layanan kami layak mendapatkan rating yang lebih baik. Terima kasih. -OE",2023-04-07 08:13:07,3.75.0
Heri eko Cahyono,good jpb,5,3.75.0,2023-04-07 07:34:54,"Hi Heri. Thank you for your rating , don't forget to always book using the Traveloka application to be your vacation companion and don't hesitate to contact us via our email address at cs@traveloka.com if you have any problems regarding your booking. Thank you -AK",2023-04-07 07:45:36,3.75.0
Moch hasan mayeli,Kaga danta kntol,1,,2023-04-07 07:32:27,"Hai Kak Hasan, maaf banget ketidaknyamanannya Kak. Kalau ada hal yang ingin kamu sampaikan silakan konfirmasikan ke mimin pada https://www.traveloka.com/id-id/contactus Kak. Terima kasih -DZ",2023-04-07 07:45:40,
benny prasetyo,Sekelas traveloka Layanan chat costumer nya jelek bgt,1,3.74.0,2023-04-07 07:15:08,"Hai, Benny. Mohon maaf atas ketidaknyamanannya. Dipastikan untuk kenyamanan pengguna Traveloka, kami akan perbaiki dan tingkatkan performa Traveloka. Kalau kamu memiliki kendala, mohon hubungi kami melalui tautan ini https://www.traveloka.com/id-id/contactus untuk dibantu cek lebih lanjut ya. Terima kasih 🙏 -WR",2023-04-07 07:46:30,3.74.0
Dini Anggraeni,terbaik,5,3.75.0,2023-04-07 07:08:32,Makasih ya Kak Dini sudah setia bersama Traveloka :)) -DZ,2023-04-07 07:18:11,3.75.0
Sudirman A Latief,good,5,3.75.0,2023-04-07 05:15:26,"Hi, thank you very much for the positive review! Please feel free to contact us at https://www.traveloka.com/contactus we're more than happy to assist you and Stay tuned for more exciting offers on Traveloka Lifestyle Super App.",2023-04-07 05:42:07,3.75.0
Youtube Record,ok nih,5,3.73.0,2023-04-07 04:33:23,"Halo Kak, terima kasih banyak atas ratingnya, semoga Kakak tetap nyaman dan selau setia menjadi pelanggan Traveloka. Yuk Kak pantengin terus Traveloka Lifestyle Super App karna kami selalu berikan promo-promo yg menarik loooh, jangan sampai ketinggalan ya :)",2023-04-07 04:42:07,3.73.0
Harmain Derikansyah,Excellent,5,3.35.0,2023-04-07 03:59:45,"Hi, thank you very much for the positive review! Please feel free to contact us at https://www.traveloka.com/contactus we're more than happy to assist you and Stay tuned for more exciting offers on Traveloka Lifestyle Super App.",2023-04-07 04:12:06,3.35.0
Nyong Seda,sangat puas,5,,2023-04-07 03:13:20,"Halo Kak, terima kasih banyak atas ratingnya, semoga Kakak tetap nyaman dan selau setia menjadi pelanggan Traveloka. Yuk Kak pantengin terus Traveloka Lifestyle Super App karna kami selalu berikan promo-promo yg menarik loooh, jangan sampai ketinggalan ya :)",2023-04-07 03:42:07,
RUN RUN,mudah proses transaksinya,5,3.75.0,2023-04-07 01:57:15,"Halo Kak, terima kasih banyak atas ratingnya, semoga Kakak tetap nyaman dan selau setia menjadi pelanggan Traveloka. Yuk Kak pantengin terus Traveloka Lifestyle Super App karna kami selalu berikan promo-promo yg menarik loooh, jangan sampai ketinggalan ya :)",2023-04-07 02:12:10,3.75.0
Iqbal Zulmiftah,"Aplikasi taik...... Mau pesen tiket malah disuruh login akun dulu padahal udah login dari dulu, alhasil kehabisan tiket..... Taik.... Taik.... Taik kesel 🗿😡",1,3.75.0,2023-04-07 01:46:24,"Hai, Iqbal. Mohon maaf atas ketidaknyamanannya. Dipastikan untuk kenyamanan pengguna Traveloka, kami akan perbaiki dan tingkatkan performa Traveloka. Kalau kamu memiliki kendala, mohon hubungi kami melalui tautan ini https://www.traveloka.com/id-id/contactus untuk dibantu cek lebih lanjut ya. Terima kasih 🙏 -WR",2023-04-07 02:15:32,3.75.0
Julyanto Jabarudin,baika,1,3.75.0,2023-04-07 01:22:14,Halo Julyanto. Jika kamu memiliki pertanyaan silakan sampaikan melalui tautan https://www.traveloka.com/id-id/contactus. Terima kasih. -SC,2023-04-07 01:52:04,3.75.0
Rita Agustina,bagus,5,3.75.0,2023-04-06 23:28:13,"Halo Kak, terima kasih banyak atas ratingnya, semoga Kakak tetap nyaman dan selau setia menjadi pelanggan Traveloka. Yuk Kak pantengin terus Traveloka Lifestyle Super App karna kami selalu berikan promo-promo yg menarik loooh, jangan sampai ketinggalan ya :)",2023-04-06 23:42:07,3.75.0
Sabardin Sabardin,Banyakin promo lg ya,5,,2023-04-06 22:43:16,"Hi Kak, senang banget nih dapat rating bagus dari Kakak, terima kasih juga atas feedbacknya! Kenyamanan Kakak adalah prioritas Kami, jika ada pertanyaan lainnya jangan sungkan ya untuk infokan pada kami di https://www.traveloka.com/contactus . Jangan sampai ketinggalan penawaran menarik lainnya di Traveloka Lifestye Super Apps.",2023-04-06 23:12:08,
Dawi Arum,puas,5,3.75.0,2023-04-06 22:34:55,"Hai Dawi. Terima kasih banyak atas ratingnya, semoga kamu tetap nyaman dan selalu setia menjadi pelanggan Traveloka. Yuk Kak pantengin terus Traveloka Lifestyle Super App karna kami selalu berikan promo-promo yang menarik. Jangan sampai ketinggalan ya. :) -NT",2023-04-06 22:44:47,3.75.0
nova triyanto,very best,5,3.75.0,2023-04-06 22:03:45,"Hi, thank you very much for the positive review! Please feel free to contact us at https://www.traveloka.com/contactus we're more than happy to assist you and Stay tuned for more exciting offers on Traveloka Lifestyle Super App.",2023-04-06 22:12:06,3.75.0
Ridi Astuti,Saya suka sekali dengan ada nya Traveloka,5,,2023-04-06 21:33:33,"Hi Kak, senang banget nih dapat rating bagus dari Kakak, terima kasih juga atas feedbacknya! Kenyamanan Kakak adalah prioritas Kami, jika ada pertanyaan lainnya jangan sungkan ya untuk infokan pada kami di https://www.traveloka.com/contactus . Jangan sampai ketinggalan penawaran menarik lainnya di Traveloka Lifestye Super Apps.",2023-04-06 21:42:09,
Harun abdirahimin,Baik,5,,2023-04-06 19:08:27,"Halo Kak, terima kasih banyak atas ratingnya, semoga Kakak tetap nyaman dan selau setia menjadi pelanggan Traveloka. Yuk Kak pantengin terus Traveloka Lifestyle Super App karna kami selalu berikan promo-promo yg menarik loooh, jangan sampai ketinggalan ya :)",2023-04-06 19:12:07,
Joni Kimlay,sangat membantu,5,3.75.0,2023-04-06 18:51:50,"Hi Kak, senang banget nih dapat rating bagus dari Kakak, terima kasih juga atas feedbacknya! Kenyamanan Kakak adalah prioritas Kami, jika ada pertanyaan lainnya jangan sungkan ya untuk infokan pada kami di https://www.traveloka.com/contactus . Jangan sampai ketinggalan penawaran menarik lainnya di Traveloka Lifestye Super Apps.",2023-04-06 19:12:10,3.75.0
Pebriansyah BS,mantab,5,,2023-04-06 16:34:09,"Halo Kak, terima kasih banyak atas ratingnya, semoga Kakak tetap nyaman dan selau setia menjadi pelanggan Traveloka. Yuk Kak pantengin terus Traveloka Lifestyle Super App karna kami selalu berikan promo-promo yg menarik loooh, jangan sampai ketinggalan ya :)",2023-04-06 16:42:07,
Hardi Yanto,Refund uang yg dikembalikan hanya 60% . Merugikan.,1,,2023-04-06 16:33:40,Hai Kak Yanto. Mohon maaf sebelumnya atas ketidaknyamanan yang kamu alami. Silakan sampaikan kendala refund pada pemesanan Traveloka kamu melalui email cs@traveloka.com atau pesan di aplikasi Traveloka kamu ya. Supaya dapat dibantu cek dan tindaklanjuti. Terima kasih. -NT,2023-04-06 16:47:28,
Faisal Nurmansyah Putra,oke,5,3.72.0,2023-04-06 16:11:23,"Hai Faisal. Terima kasih banyak atas ratingnya, semoga kamu tetap nyaman dan selalu setia menjadi pelanggan Traveloka. Yuk Kak pantengin terus Traveloka Lifestyle Super App karna kami selalu berikan promo-promo yang menarik. Jangan sampai ketinggalan ya. :) -NT",2023-04-06 16:13:11,3.72.0
Muhammad Ibnu Azmi,great apps,5,3.74.1,2023-04-06 15:52:28,"Hi, thank you very much for the positive review! Please feel free to contact us at https://www.traveloka.com/contactus we're more than happy to assist you and Stay tuned for more exciting offers on Traveloka Lifestyle Super App.",2023-04-06 16:12:07,3.74.1
Nurhasan Hasan,baik,5,3.75.0,2023-04-06 15:45:15,"Hi Kak, senang banget nih dapat rating bagus dari Kakak, terima kasih juga atas feedbacknya! Kenyamanan Kakak adalah prioritas Kami, jika ada pertanyaan lainnya jangan sungkan ya untuk infokan pada kami di https://www.traveloka.com/contactus . Jangan sampai ketinggalan penawaran menarik lainnya di Traveloka Lifestye Super Apps.",2023-04-06 16:12:10,3.75.0
Rahman Sah,"sangat membantu sekali, mudah digunakan dan lengkap",5,3.75.0,2023-04-06 15:24:11,"Hai Rahman. Terima kasih banyak atas ratingnya, semoga kamu tetap nyaman dan selalu setia menjadi pelanggan Traveloka. Yuk Kak pantengin terus Traveloka Lifestyle Super App karna kami selalu berikan promo-promo yang menarik. Jangan sampai ketinggalan ya. :) -NT",2023-04-06 15:43:53,3.75.0
Rafa Faturrohman,puas,5,3.74.0,2023-04-06 15:18:59,"Hai, Kak Rafa. Senang banget dapat bintang lima dari Kakak, terima kasih atas apresiasinya. Semoga selalu suka ya Kak sama Traveloka :) -RU",2023-04-06 15:44:25,3.74.0
wahyudi wahyu,sangat membantu,5,3.75.0,2023-04-06 14:39:19,"Halo Kak, terima kasih banyak atas ratingnya, semoga Kakak tetap nyaman dan selau setia menjadi pelanggan Traveloka. Yuk Kak pantengin terus Traveloka Lifestyle Super App karna kami selalu berikan promo-promo yg menarik loooh, jangan sampai ketinggalan ya :)",2023-04-06 14:42:06,3.75.0
Aprianto Pituwalas,mudah pemesanannya.,5,3.75.0,2023-04-06 14:29:03,"Hi Kak, terima kasih atas feedbacknya, semoga Kakak tetap setia dengan Traveloka. Jika ada pertanyaan lain bisa langsung infokan pada kami di https://www.traveloka.com/contactus ya, Kak. Pantau terus Traveloka Lifestyle Super App untuk penawaran spesial lainnya!",2023-04-06 14:42:12,3.75.0
Nico Risdianto,"Aplikasi yg sangat membantu disaat pengen healing,apalagi kalo Paylater sebagian bisa diubah ke dana tunai sehingga liburan makin tenang n nyaman disaat butuh dana dadakan",5,3.75.0,2023-04-06 14:20:56,"Halo Kak, terima kasih banyak atas ratingnya, semoga Kakak tetap nyaman dan selau setia menjadi pelanggan Traveloka. Yuk Kak pantengin terus Traveloka Lifestyle Super App karna kami selalu berikan promo-promo yg menarik loooh, jangan sampai ketinggalan ya :)",2023-04-06 14:42:14,3.75.0
Joko samudera,Traveloka mantap,5,,2023-04-06 14:14:02,"Hi Kak, senang banget nih dapat rating bagus dari Kakak, terima kasih juga atas feedbacknya! Kenyamanan Kakak adalah prioritas Kami, jika ada pertanyaan lainnya jangan sungkan ya untuk infokan pada kami di https://www.traveloka.com/contactus . Jangan sampai ketinggalan penawaran menarik lainnya di Traveloka Lifestye Super Apps.",2023-04-06 14:42:17,
ali basuki,Pelayanan sdh ada perbaikan. Proses re-schedule mudah. Proses refund juga mudah dan fair walaupun refund ke-2 pembayaran agak lama tapi dibayarkan penuh karena schedule dibatalkan oleh maskapai. Harapan saya pelayanan bagus ini dipertahankan dan ditingkatkan lagi.,5,3.75.0,2023-04-06 13:23:26,"Halo Kak, terima kasih banyak atas ratingnya, semoga Kakak tetap nyaman dan selau setia menjadi pelanggan Traveloka. Yuk Kak pantengin terus Traveloka Lifestyle Super App karna kami selalu berikan promo-promo yg menarik loooh, jangan sampai ketinggalan ya :)",2023-04-06 13:42:07,3.75.0
Najaruddin Lubis,ok punya,5,3.75.0,2023-04-06 13:12:24,"Hi Kak, senang banget nih dapat rating bagus dari Kakak, terima kasih juga atas feedbacknya! Kenyamanan Kakak adalah prioritas Kami, jika ada pertanyaan lainnya jangan sungkan ya untuk infokan pada kami di https://www.traveloka.com/contactus . Jangan sampai ketinggalan penawaran menarik lainnya di Traveloka Lifestye Super Apps.",2023-04-06 13:42:09,3.75.0
Feri Aroni,oke,5,3.75.0,2023-04-06 13:08:13,"Hai Feri, yuhuuuy senangnya mendapat bintang lima dari kamu, Kenyamananmu adalah prioritas Kami. Apabila ada pertanyaan, silakan dapat mengirimkan email ke kami di cs@traveloka.com atau pesan inbox di aplikasi Traveloka ya. Terima kasih. -CA",2023-04-06 13:20:30,3.75.0
Martan Fajri,sangat membantu dan memudahkan dalam pemesanan perjalanan via udara. makasih dan sukses terus utk memudahkan masyarakt. 👍👍,5,3.75.0,2023-04-06 13:03:38,"Halo Kak, terima kasih banyak atas ratingnya, semoga Kakak tetap nyaman dan selau setia menjadi pelanggan Traveloka. Yuk Kak pantengin terus Traveloka Lifestyle Super App karna kami selalu berikan promo-promo yg menarik loooh, jangan sampai ketinggalan ya :)",2023-04-06 13:12:07,3.75.0
Gara 789,mantap,5,3.75.0,2023-04-06 12:15:21,"Makasih sudah menjadi pelanggan setia Traveloka ya, Kak Gara :). -OR",2023-04-06 12:43:19,3.75.0
Ardin Arbaa,baik,4,3.75.0,2023-04-06 11:59:30,"Halo Kak, terima kasih banyak atas ratingnya, semoga Kakak tetap nyaman dan selau setia menjadi pelanggan Traveloka. Yuk Kak pantengin terus Traveloka Lifestyle Super App karna kami selalu berikan promo-promo yg menarik loooh, jangan sampai ketinggalan ya :)",2023-04-06 12:12:08,3.75.0
Levii __,lag njir,3,3.56.1,2023-04-06 11:56:51,"Hai, Levi. Mohon maaf atas ketidaknyamanannya. Apabila ada kendala pada aplikasi Traveloka, mohon dilakukan pengecekan pada jaringan yang digunakan dipastikan dalam keadaan stabil. Apabila kendala masih berlanjut, silakan menghubungi kami melalui email di cs@traveloka.com. Nantinya kami akan lakukan pengecekan lebih lanjut. Terima kasih. -IN",2023-04-06 12:15:52,3.56.1
nurlisa arsad,Nice,5,3.75.0,2023-04-06 11:53:48,"Hi, we are so grateful to get a lot of support from you. Hope you continue to enjoy our offers. If you have any feedback or suggestions, let us know on https://www.traveloka.com/contactus, our customer service would love to serve you in 24 hours. Thank you!",2023-04-06 12:12:11,3.75.0
Yatino,Pelayanannya cepat,5,3.75.0,2023-04-06 11:45:48,"Hi Kak, terima kasih atas feedbacknya, semoga Kakak tetap setia dengan Traveloka. Jika ada pertanyaan lain bisa langsung infokan pada kami di https://www.traveloka.com/contactus ya, Kak. Pantau terus Traveloka Lifestyle Super App untuk penawaran spesial lainnya!",2023-04-06 12:12:14,3.75.0
Rusly Wedding Dekorasi,good,5,3.75.0,2023-04-06 11:39:32,"Hi, thank you very much for the positive review! Please feel free to contact us at https://www.traveloka.com/contactus we're more than happy to assist you and Stay tuned for more exciting offers on Traveloka Lifestyle Super App.",2023-04-06 11:42:11,3.75.0
Jenny Yulia,nice,5,3.75.0,2023-04-06 11:21:59,"Hi, we are so grateful to get a lot of support from you. Hope you continue to enjoy our offers. If you have any feedback or suggestions, let us know on https://www.traveloka.com/contactus, our customer service would love to serve you in 24 hours. Thank you!",2023-04-06 11:42:13,3.75.0
syahruddin syahruddin,respon cs Traveloka masih relativ rendah karna tidak menyediakan operator yang responsif untuk menangani masalah costumer yang butuh penanganan cepat...🙏,4,3.74.1,2023-04-06 11:05:42,"Hai Syahruddin, Maaf banget buat kamu gak nyaman perihal pelayanan kami, namun kami mengoptimalkan pelayanan terhadap pelanggan setia Traveloka, namun jika kamu masih terkendala mohon informasikan detail kendala yang kamu alami melalui email kami di cs@traveloka.com Terima kasih. -AK",2023-04-06 11:15:36,3.74.1
Minang Maimbau,sangat membantu 👍👍👍,5,3.75.0,2023-04-06 09:37:45,"Halo Kak, terima kasih banyak atas ratingnya, semoga Kakak tetap nyaman dan selau setia menjadi pelanggan Traveloka. Yuk Kak pantengin terus Traveloka Lifestyle Super App karna kami selalu berikan promo-promo yg menarik loooh, jangan sampai ketinggalan ya :)",2023-04-06 09:42:15,3.75.0
Aliff Iceland89,sangat bagus,5,3.75.0,2023-04-06 08:59:05,"Hi Kak, senang banget nih dapat rating bagus dari Kakak, terima kasih juga atas feedbacknya! Kenyamanan Kakak adalah prioritas Kami, jika ada pertanyaan lainnya jangan sungkan ya untuk infokan pada kami di https://www.traveloka.com/contactus . Jangan sampai ketinggalan penawaran menarik lainnya di Traveloka Lifestye Super Apps.",2023-04-06 09:12:17,3.75.0
Sidar Mobile,Tidak bisa terunduh,1,,2023-04-06 08:34:03,"Hai Kak. Maaf atas kendala yang dialami. Apabila terkendala download aplikasi Traveloka, pastikan koneksi internet yang digunakan stabil dan kapasitas memori penyimpanan Handphone kamu mencukupi ya. Apabila ada pertanyaan, silakan dapat hubungi kami https://www.traveloka.com/id-id/contactus. Terima kasih. -CA",2023-04-06 08:45:48,
Kas Turi,puas,5,3.75.0,2023-04-06 08:08:16,Makasih ya Kak Turi sudah setia bersama Traveloka :)) -DZ,2023-04-06 08:17:27,3.75.0
lori septiyansyah,ok,5,3.75.0,2023-04-06 07:51:48,"Hi, thank you very much for the positive review! Please feel free to contact us at https://www.traveloka.com/contactus we're more than happy to assist you and Stay tuned for more exciting offers on Traveloka Lifestyle Super App.",2023-04-06 08:12:15,3.75.0
nico andriana,mantap,5,3.57.0,2023-04-06 07:19:40,"Halo, Nico. Terima kasih atas penilaiannya dan telah memilih Traveloka sebagai partner perjalanan kamu. Terima kasih. -SC",2023-04-06 07:44:25,3.57.0
Keka Donggo,Sangat membatu sekali dgn apl inin,3,3.75.0,2023-04-06 06:49:57,"Hai, Keka. Terima kasih atas penilaian dan feedback dari kamu, kami akan terus meningkatkan kepuasan para pengguna. Jika ada pertanyaan lainnya jangan sungkan ya untuk infokan pada kami di https://www.traveloka.com/contactus. Jangan sampai ketinggalan penawaran menarik lainnya di Traveloka Lifestyle Super Apps. Terima kasih. -VK",2023-04-06 07:19:40,3.75.0
Ilham Amir,mantap,5,3.75.0,2023-04-06 06:05:06,Hai Ilham. Makasih buat rating yang kamu berikan ya! Mimin tunggu pesanan kamu selanjutnya di Traveloka :) -RM,2023-04-06 06:16:14,3.75.0
Sri Oktaviani,baik,5,3.74.1,2023-04-06 05:32:24,"Halo Kak, terima kasih banyak atas ratingnya, semoga Kakak tetap nyaman dan selau setia menjadi pelanggan Traveloka. Yuk Kak pantengin terus Traveloka Lifestyle Super App karna kami selalu berikan promo-promo yg menarik loooh, jangan sampai ketinggalan ya :)",2023-04-06 05:42:07,3.74.1
Irwan Nas,ok,5,3.75.0,2023-04-06 05:30:01,"Hi, we are so grateful to get a lot of support from you. Hope you continue to enjoy our offers. If you have any feedback or suggestions, let us know on https://www.traveloka.com/contactus, our customer service would love to serve you in 24 hours. Thank you!",2023-04-06 05:42:09,3.75.0
Dewi,bagus,5,3.75.0,2023-04-06 05:26:51,"Hi Kak, terima kasih atas feedbacknya, semoga Kakak tetap setia dengan Traveloka. Jika ada pertanyaan lain bisa langsung infokan pada kami di https://www.traveloka.com/contactus ya, Kak. Pantau terus Traveloka Lifestyle Super App untuk penawaran spesial lainnya!",2023-04-06 05:42:12,3.75.0
Muksin Syarif,bintang 4 karena baru coba,4,3.75.0,2023-04-06 04:42:11,"Halo Kak, terima kasih banyak atas ratingnya, semoga Kakak tetap nyaman dan selau setia menjadi pelanggan Traveloka. Yuk Kak pantengin terus Traveloka Lifestyle Super App karna kami selalu berikan promo-promo yg menarik loooh, jangan sampai ketinggalan ya :)",2023-04-06 05:12:08,3.75.0
Deden Bandung euy,jos sangat membantuku,5,3.75.0,2023-04-06 03:34:21,"Halo Kak, terima kasih banyak atas ratingnya, semoga Kakak tetap nyaman dan selau setia menjadi pelanggan Traveloka. Yuk Kak pantengin terus Traveloka Lifestyle Super App karna kami selalu berikan promo-promo yg menarik loooh, jangan sampai ketinggalan ya :)",2023-04-06 03:42:07,3.75.0
Melati Oktiriani,"Setelah update malah ga bisa dibuka sama sekali, tulisannya terdapat masalah koneksi. Padahal buka aplikasi lain yang butuh pemakaian data besar ga ada masalah sama sekali",2,3.75.0,2023-04-06 02:38:09,"Hai, Melati. Mohon maaf atas ketidaknyamanannya. Pastikan jaringan internet kamu dalam kondisi stabil ya. Kalau masih kendala untuk buka aplikasi Traveloka, mohon hubungi kami melalui tautan ini https://www.traveloka.com/id-id/contactus untuk dibantu cek lebih lanjut. Terima kasih 🙏 -WR",2023-04-06 02:43:58,3.75.0
fungky setiawan,sukses selalu traveloka,5,3.75.0,2023-04-06 01:57:44,"Hai, Fungky. Terima kasih banyak atas ratingnya. Semoga kamu tetap nyaman dan selalu setia menjadi pelanggan Traveloka. Yuk pantengin terus Traveloka Lifestyle Super App, karena kami selalu berikan promo-promo yang menarik. Jangan sampai ketinggalan ya. Sukses selalu juga untuk kamu :) -WR",2023-04-06 02:14:39,3.75.0
H e r y Ganteng,sangat baik,5,3.74.1,2023-04-06 01:55:01,"Halo, Hery. Terima kasih atas penilaiannya dan telah memilih Traveloka sebagai partner perjalanan kamu. Terima kasih. -SC",2023-04-06 02:13:50,3.74.1
Syarief Tajwid,sngat membantu Skali cek tiket untuk mudik👍👍,4,3.75.0,2023-04-06 01:34:07,"Halo Kak, terima kasih banyak atas ratingnya, semoga Kakak tetap nyaman dan selau setia menjadi pelanggan Traveloka. Yuk Kak pantengin terus Traveloka Lifestyle Super App karna kami selalu berikan promo-promo yg menarik loooh, jangan sampai ketinggalan ya :)",2023-04-06 01:42:07,3.75.0
Syafriani,bagus,4,3.75.0,2023-04-06 01:12:51,"Hi Kak, senang banget nih dapat rating bagus dari Kakak, terima kasih juga atas feedbacknya! Kenyamanan Kakak adalah prioritas Kami, jika ada pertanyaan lainnya jangan sungkan ya untuk infokan pada kami di https://www.traveloka.com/contactus . Jangan sampai ketinggalan penawaran menarik lainnya di Traveloka Lifestye Super Apps.",2023-04-06 01:42:10,3.75.0
lutfi abidin,ok,5,3.75.0,2023-04-06 00:56:42,"Hi, we are so grateful to get a lot of support from you. Hope you continue to enjoy our offers. If you have any feedback or suggestions, let us know on https://www.traveloka.com/contactus, our customer service would love to serve you in 24 hours. Thank you!",2023-04-06 01:12:09,3.75.0
E_ Wawo,like...👍👍,4,3.75.0,2023-04-06 00:54:48,Thank you for leaving a good comment to us. Let us know if you have any suggestion for improvement through https://www.traveloka.com/contactus . Stay around for more interesting offers from Traveloka Lifestyle Super App!,2023-04-06 01:12:13,3.75.0
Thina Kusuma,the best memudahkan Skali dlm memilih travel dan hotel. dan ada discon 🤭,5,,2023-04-06 00:38:47,"Halo Kak, terima kasih banyak atas ratingnya, semoga Kakak tetap nyaman dan selau setia menjadi pelanggan Traveloka. Yuk Kak pantengin terus Traveloka Lifestyle Super App karna kami selalu berikan promo-promo yg menarik loooh, jangan sampai ketinggalan ya :)",2023-04-06 00:42:08,
sada viky,sangat memudahkan pelanggan,5,3.56.1,2023-04-05 23:23:55,"Hai Sada, terima kasih atas feedbacknya, semoga kamu tetap setia dengan Traveloka. Jika ada pertanyaan bisa langsung infokan pada kami di https://www.traveloka.com/contactus ya Kak. Pantau terus Traveloka Lifestyle Super App untuk penawaran spesial lainnya! -AH",2023-04-05 23:43:45,3.56.1
Anshor Imoet,mantap. sat set,5,3.75.0,2023-04-05 22:55:12,"Hai Anshor, terima kasih atas feedbacknya, semoga kamu tetap setia dengan Traveloka. Jika ada pertanyaan bisa langsung infokan pada kami di https://www.traveloka.com/contactus ya Kak. Pantau terus Traveloka Lifestyle Super App untuk penawaran spesial lainnya! -AH",2023-04-05 23:14:11,3.75.0
Red Potenza,Ini kenapa nge bug terusss..sampai normal baru aq rubah bintang 5,1,3.75.0,2023-04-05 22:08:53,"Hai Kak. Mohon maaf sebelumnya, mohon untuk coba relogin akun Traveloka kamu terlebih dahulu dan coba melakukan pemesanan melalui website kami di https://trv.lk atau kamu bisa coba pesan melalui device lain terlebih dahulu ya. Terima kasih. -FR",2023-04-05 22:18:24,3.75.0
Efendi Sumatera,Saat membantu untk perencanaan lliburan,5,3.75.0,2023-04-05 21:55:09,"Halo Kak, terima kasih banyak atas ratingnya, semoga Kakak tetap nyaman dan selau setia menjadi pelanggan Traveloka. Yuk Kak pantengin terus Traveloka Lifestyle Super App karna kami selalu berikan promo-promo yg menarik loooh, jangan sampai ketinggalan ya :)",2023-04-05 22:12:16,3.75.0
Zacky Zac,ok,5,3.74.1,2023-04-05 21:14:46,"Hi, thank you very much for the positive review! Please feel free to contact us at https://www.traveloka.com/contactus we're more than happy to assist you and Stay tuned for more exciting offers on Traveloka Lifestyle Super App.",2023-04-05 21:42:07,3.74.1
Sairin Alfian,good,5,3.69.0,2023-04-05 19:52:52,"Hi, thank you very much for the positive review! Please feel free to contact us at https://www.traveloka.com/contactus we're more than happy to assist you and Stay tuned for more exciting offers on Traveloka Lifestyle Super App.",2023-04-05 20:12:07,3.69.0
Nofrizal Noff,bagus,5,3.75.0,2023-04-05 18:07:24,"Halo Kak, terima kasih banyak atas ratingnya, semoga Kakak tetap nyaman dan selau setia menjadi pelanggan Traveloka. Yuk Kak pantengin terus Traveloka Lifestyle Super App karna kami selalu berikan promo-promo yg menarik loooh, jangan sampai ketinggalan ya :)",2023-04-05 18:12:06,3.75.0
Indah Suprihatina,banyakin promo bagi pengguna paylater dunk,5,3.75.0,2023-04-05 16:35:36,"Halo Kak, terima kasih banyak atas ratingnya, semoga Kakak tetap nyaman dan selau setia menjadi pelanggan Traveloka. Yuk Kak pantengin terus Traveloka Lifestyle Super App karna kami selalu berikan promo-promo yg menarik loooh, jangan sampai ketinggalan ya :)",2023-04-05 16:42:06,3.75.0
Wiji Pramajati,terima kasih,5,3.75.0,2023-04-05 16:18:18,"Hi Kak, senang banget nih dapat rating bagus dari Kakak, terima kasih juga atas feedbacknya! Kenyamanan Kakak adalah prioritas Kami, jika ada pertanyaan lainnya jangan sungkan ya untuk infokan pada kami di https://www.traveloka.com/contactus . Jangan sampai ketinggalan penawaran menarik lainnya di Traveloka Lifestye Super Apps.",2023-04-05 16:42:09,3.75.0
nizam alfarizky,App nya eror mulu ya. Tiap masuk detail pesawat yg digunakan. Malah out lsg ke menu... pdhl dr sekian os jualan tiket... bunganya ada tnpa biaya2 tàmbhan. Lainnya ada semua. Tolong dong app nya dibenerin. Speknya jgn tinggi2. Kasihan yg punya hp yg memorynya rwndah susah mau pake app nya,2,,2023-04-05 15:23:12,"Halo, Nizam. Maaf banget buat kendalanya. Mimin sarankan untuk clear cache pada perangkat kamu dan mohon pastikan kapasitas ruang/memory di perangkat kamu mencukupi ya. Terima kasih -KA",2023-04-05 15:46:20,
Janahaden 91,keren moga dpt paylater balik kembali stelah dibekukan. aamiin,5,3.75.0,2023-04-05 15:21:59,"Halo Kak, terima kasih banyak atas ratingnya, semoga Kakak tetap nyaman dan selau setia menjadi pelanggan Traveloka. Yuk Kak pantengin terus Traveloka Lifestyle Super App karna kami selalu berikan promo-promo yg menarik loooh, jangan sampai ketinggalan ya :)",2023-04-05 15:42:10,3.75.0
fransiskussulistyo utomo,bagus,5,3.75.0,2023-04-05 14:31:39,"Hi Kak, senang banget nih dapat rating bagus dari Kakak, terima kasih juga atas feedbacknya! Kenyamanan Kakak adalah prioritas Kami, jika ada pertanyaan lainnya jangan sungkan ya untuk infokan pada kami di https://www.traveloka.com/contactus . Jangan sampai ketinggalan penawaran menarik lainnya di Traveloka Lifestye Super Apps.",2023-04-05 14:42:09,3.75.0
Ringo Holbung,Good 👍,5,,2023-04-05 14:18:02,Thank you for leaving a good comment to us. Let us know if you have any suggestion for improvement through https://www.traveloka.com/contactus . Stay around for more interesting offers from Traveloka Lifestyle Super App!,2023-04-05 14:42:12,
Kim Walanda,"memuaskan,",5,3.75.0,2023-04-05 14:08:13,"Terima kasih ya kak Walanda untuk penilaian kamu, jangan lupa selalu pesan menggunakan aplikasi Traveloka untuk menjadi teman liburan kamu dan jangan ragu menghubungi kami melalui alamat email kami di cs@traveloka.com jika mendapati kendala terkait pemesanan kamu ya kak. Terima kasih -AK",2023-04-05 14:13:12,3.75.0
yana dermayu,good,5,3.74.1,2023-04-05 13:09:17,"Hi, thank you very much for the positive review! Please feel free to contact us at https://www.traveloka.com/contactus we're more than happy to assist you and Stay tuned for more exciting offers on Traveloka Lifestyle Super App.",2023-04-05 13:12:06,3.74.1
Mesis Rangga,mantap,5,3.75.0,2023-04-05 13:01:17,"Makasih sudah menjadi pelanggan setia Traveloka ya, Mesis :). -OR",2023-04-05 13:15:43,3.75.0
Jon Didok,Sangat bagus,5,,2023-04-05 12:58:44,"Hi Kak, senang banget nih dapat rating bagus dari Kakak, terima kasih juga atas feedbacknya! Kenyamanan Kakak adalah prioritas Kami, jika ada pertanyaan lainnya jangan sungkan ya untuk infokan pada kami di https://www.traveloka.com/contactus . Jangan sampai ketinggalan penawaran menarik lainnya di Traveloka Lifestye Super Apps.",2023-04-05 13:12:09,
Roes Dayana,puas,5,3.75.0,2023-04-05 12:34:41,"Terima kasih ya kak Roes untuk penilaian kamu, jangan lupa selalu pesan menggunakan aplikasi Traveloka untuk menjadi teman liburan kamu dan jangan ragu menghubungi kami melalui alamat email kami di cs@traveloka.com jika mendapati kendala terkait pemesanan kamu ya kak. Terima kasih -AK",2023-04-05 12:44:30,3.75.0
chintia wahyuni,terbaik,5,,2023-04-05 10:38:47,"Makasih sudah menjadi pelanggan setia Traveloka ya, Chintia :). -OR",2023-04-05 10:59:08,
Bayu anggara,bagus,5,3.71.1,2023-04-05 09:39:38,"Hi Kak, senang banget nih dapat rating bagus dari Kakak, terima kasih juga atas feedbacknya! Kenyamanan Kakak adalah prioritas Kami, jika ada pertanyaan lainnya jangan sungkan ya untuk infokan pada kami di https://www.traveloka.com/contactus . Jangan sampai ketinggalan penawaran menarik lainnya di Traveloka Lifestye Super Apps.",2023-04-05 09:42:09,3.71.1
Fnu Rusyanto,cara mudah utk cari2 hotel dimanapun,5,3.75.0,2023-04-05 09:08:45,"Halo Kak, terima kasih banyak atas ratingnya, semoga Kakak tetap nyaman dan selau setia menjadi pelanggan Traveloka. Yuk Kak pantengin terus Traveloka Lifestyle Super App karna kami selalu berikan promo-promo yg menarik loooh, jangan sampai ketinggalan ya :)",2023-04-05 09:12:07,3.75.0
Ibra Arch,mantap,5,3.75.0,2023-04-05 08:53:47,"Hai Ibra. Terima kasih banyak atas ratingnya, semoga kamu tetap nyaman dan selalu setia menjadi pelanggan Traveloka. Yuk Kak pantengin terus Traveloka Lifestyle Super App karna kami selalu berikan promo-promo yang menarik. Jangan sampai ketinggalan ya. :) -NT",2023-04-05 09:16:18,3.75.0
Wahab Sahur,keren,5,3.75.0,2023-04-05 08:23:07,"Halo Kak, terima kasih banyak atas ratingnya, semoga Kakak tetap nyaman dan selau setia menjadi pelanggan Traveloka. Yuk Kak pantengin terus Traveloka Lifestyle Super App karna kami selalu berikan promo-promo yg menarik loooh, jangan sampai ketinggalan ya :)",2023-04-05 08:42:07,3.75.0
abdul manaf,ok. ok. ok.,5,3.75.0,2023-04-05 07:42:32,"Hi, thank you very much for the positive review! Please feel free to contact us at https://www.traveloka.com/contactus we're more than happy to assist you and Stay tuned for more exciting offers on Traveloka Lifestyle Super App.",2023-04-05 08:12:14,3.75.0
Andi Satriandi,mantaff,5,3.75.0,2023-04-05 06:30:45,"Hi, thank you very much for the positive review! Please feel free to contact us at https://www.traveloka.com/contactus we're more than happy to assist you and Stay tuned for more exciting offers on Traveloka Lifestyle Super App.",2023-04-05 06:42:07,3.75.0
Alfitri Idlisari,bagus,5,3.38.0,2023-04-05 06:25:50,"Hi Kak, senang banget nih dapat rating bagus dari Kakak, terima kasih juga atas feedbacknya! Kenyamanan Kakak adalah prioritas Kami, jika ada pertanyaan lainnya jangan sungkan ya untuk infokan pada kami di https://www.traveloka.com/contactus . Jangan sampai ketinggalan penawaran menarik lainnya di Traveloka Lifestye Super Apps.",2023-04-05 06:42:09,3.38.0
Yuni Ardhana,Pesen tiket pesawat tapi sistem nya eror terus,1,3.75.0,2023-04-05 06:24:56,"Hai, Yuni. Kami meminta maaf atas kendala yang kamu alami. Kamu dapat menghubungi kami melalui https://www.traveloka.com/id-id/contactus agar masalahmu bisa diselesaikan secepat mungkin.
Kami akan berikan solusi terbaik agar kamu dapat merasa puas dan layanan kami layak mendapatkan rating yang lebih baik. Terima kasih. -OE",2023-04-05 06:43:19,3.75.0
Sary Septiana,"terima kasih.sangat membantu sekali,dan level limit selalu di upgrade naik",5,3.75.0,2023-04-05 06:15:40,"Hi Kak, senang banget nih dapat rating bagus dari Kakak, terima kasih juga atas feedbacknya! Kenyamanan Kakak adalah prioritas Kami, jika ada pertanyaan lainnya jangan sungkan ya untuk infokan pada kami di https://www.traveloka.com/contactus . Jangan sampai ketinggalan penawaran menarik lainnya di Traveloka Lifestye Super Apps.",2023-04-05 06:14:17,3.75.0
Alby Sahputra,puass,5,3.75.0,2023-04-05 06:12:13,"Hai, Alby. Terima kasih atas penilaiannya, kami akan terus berkembang untuk kenyamanan pengguna yang lebih baik ke depannya. Terima kasih. -SC",2023-04-05 06:23:16,3.75.0
Giantz TSK,mantap,5,3.74.0,2023-04-05 06:09:11,"Halo, Kak. Terima kasih atas penilaiannya dan telah memilih Traveloka sebagai partner perjalanan kamu. Terima kasih. -SC",2023-04-05 06:22:23,3.74.0
Deden Cipta Kusuma,Kereeen,5,3.75.0,2023-04-05 05:45:35,"Halo Kak, terima kasih banyak atas ratingnya, semoga Kakak tetap nyaman dan selau setia menjadi pelanggan Traveloka. Yuk Kak pantengin terus Traveloka Lifestyle Super App karna kami selalu berikan promo-promo yg menarik loooh, jangan sampai ketinggalan ya :)",2023-04-05 06:14:13,3.75.0
Gin akil,"Akun traveloka susah untuk diakses, mandeg di logo burung. Harus di uninstal dulu, kemudian instal baru lagi, beberapakali saya mengalami ini. Traveloka jadi tidak nyaman untuk diakses kalau terus menerus seperti itu. Kalau hanya saya (karena perangkat), pasti bukan, karena dari sekian banyak app, HANYA traveloka yang suka ngadat...",3,3.75.0,2023-04-05 05:23:31,"Mohon maaf atas ketidaknyamanan yang kamu alami perihal tersebut ya Kak, mohon pastikan kembali ruang penyimpanan pada ponsel kamu tersedia dan jika masih terkendala kamu bisa menghubungi kami dengan melampirkan bukti screenshot kendala yang kamu alami melalui email kami di cs@traveloka.com Terima kasih. -AK",2023-04-05 06:21:36,3.75.0
Banteng BoltimTv,Mau tanya kenapa paylatter saya di nonaktiflan padahal saya gak pernah telat bayar,5,3.74.1,2023-04-05 05:09:01,"Hai Kak. Maaf ya sudah membuatmu tidak nyaman. Untuk membantu lebih lanjut kendala kamu, mohon hubungi kami melalui tautan ini https://www.traveloka.com/id-id/contactus atau kamu juga bisa hubungi langsung akun IG Traveloka PayLater https://www.instagram.com/travelokapaylater/ jika membutuhkan bantuan soal PayLater. Terima kasih. -RM",2023-04-05 06:20:31,3.74.1
Adan Novriandi,sangat membantu,5,3.64.0,2023-04-05 04:56:19,"Hi Kak, terima kasih atas feedbacknya, semoga Kakak tetap setia dengan Traveloka. Jika ada pertanyaan lain bisa langsung infokan pada kami di https://www.traveloka.com/contactus ya, Kak. Pantau terus Traveloka Lifestyle Super App untuk penawaran spesial lainnya!",2023-04-05 06:14:22,3.64.0
eka maryana,ok,5,3.74.1,2023-04-05 04:50:54,"Hi, thank you very much for the positive review! Please feel free to contact us at https://www.traveloka.com/contactus we're more than happy to assist you and Stay tuned for more exciting offers on Traveloka Lifestyle Super App.",2023-04-05 06:14:25,3.74.1
Syafer Sunlioy,terbaik mantap thanks traveloka,5,3.75.0,2023-04-05 04:45:05,"Hi Kak, senang banget nih dapat rating bagus dari Kakak, terima kasih juga atas feedbacknya! Kenyamanan Kakak adalah prioritas Kami, jika ada pertanyaan lainnya jangan sungkan ya untuk infokan pada kami di https://www.traveloka.com/contactus . Jangan sampai ketinggalan penawaran menarik lainnya di Traveloka Lifestye Super Apps.",2023-04-05 06:14:27,3.75.0
Kosmas Family,permudahkan utk refund tiket,4,3.75.0,2023-04-05 04:44:44,Halo Kak. Terima kasih atas saran dan penilaiannya. Penilaian dari kamu sangat berarti bagi kami untuk kenyamanan pengguna ke depannya. Terima kasih. -SC,2023-04-05 06:20:50,3.75.0
Frank Yansen,oke,5,3.75.0,2023-04-05 04:34:53,"Hai, Frank. Terima kasih banyak atas ratingnya. Semoga kamu tetap nyaman dan selalu setia menjadi pelanggan Traveloka. Yuk pantengin terus Traveloka Lifestyle Super App, karena kami selalu berikan promo-promo yang menarik. Jangan sampai ketinggalan ya :) -WR",2023-04-05 06:23:01,3.75.0
deni pribadi,trims,5,3.74.0,2023-04-05 04:19:01,Thank you for leaving a good comment to us. Let us know if you have any suggestion for improvement through https://www.traveloka.com/contactus . Stay around for more interesting offers from Traveloka Lifestyle Super App!,2023-04-05 06:14:32,3.74.0
Doni Saputra,Aplikasi ny susah untuk refund sangat kecewa,1,,2023-04-05 04:09:19,"Halo Doni, mohon maaf terkait hal ini ya. Boleh infokan nomor pesanan dan lampirkan kendala yang kamu alami melalui tautan ini https://www.traveloka.com/id-id/contactus untuk pengecekan lebih lanjut. Terima kasih. -OR",2023-04-05 06:17:25,
Mardi Situmorang,Dhani,1,3.75.0,2023-04-05 03:51:55,"Hai Mardi, maaf ya sudah membuatmu kecewa. Dipastikan untuk kenyamanan pengguna Traveloka, kami akan perbaiki & tingkatkan performa Traveloka. Kalau kamu memiliki kendala, mohon hubungi kami melalui tautan ini https://www.traveloka.com/id-id/contactus. Terima kasih. -NT",2023-04-05 06:18:23,3.75.0
Galih Aji,Masih kurang update perjalanan KA yang terbaru seperti KA Blambangan Semarang Banyuwangi,3,3.53.0,2023-04-05 03:09:58,"Halo, Kak Galih. Mohon maaf atas ketidaknyamanannya dan terima kasih ya atas masukannya. Pada dasarnya perihal ketersediaan tiket Kereta Api, akan mengikuti update dari pihak PT. KAI. -OE",2023-04-05 06:24:30,3.53.0
Oktober 10,Tolong hapus data sya jangan di salah gunakan...terimakasih,1,3.75.0,2023-04-05 02:57:11,"Hai Kak, mohon informasikan detail kendala yang kamu alami perihal yang kamu maksudkan untuk dapat kami bantu tindaklanjuti melalui email kami di cs@traveloka.com. Terima kasih. -AK",2023-04-05 06:19:07,3.75.0
kusdiar prihatin,pelayanan mudah,5,3.75.0,2023-04-05 01:41:55,"Halo Kak, terima kasih banyak atas ratingnya, semoga Kakak tetap nyaman dan selau setia menjadi pelanggan Traveloka. Yuk Kak pantengin terus Traveloka Lifestyle Super App karna kami selalu berikan promo-promo yg menarik loooh, jangan sampai ketinggalan ya :)",2023-04-05 06:14:40,3.75.0
Addie Leneng,Suka ubah jadwal seenaknya tanpa pemberitahuan,1,,2023-04-05 01:08:58,"Hai, Addie. Mohon maaf sebelumnya. Adanya informasi perubahan jadwal merupakan otoritas penuh dari pihak maskapai. Untuk membantu kami memahami kendala kamu, mohon bantuannya untuk menyampaikan nomor pesanan kamu melalui https://www.traveloka.com/contactus agar kami dapat bantu cek lebih lanjut. Terima kasih. -VK",2023-04-05 06:22:55,
Dwi Noor Rohman,terbaik,5,3.75.0,2023-04-05 01:06:22,"Makasih buat feedback yang kamu sampaikan ya Dwi :). Kalau kamu ada pertanyaan, boleh infokan melalui tautan ini https://www.traveloka.com/id-id/contactus. Terima kasih. -OR",2023-04-05 06:22:15,3.75.0
YAIKU Media,Aplikasi tidak bertanggung jawab terhadap permasalahan yang ada,1,3.71.1,2023-04-05 00:56:12,"Hai Yaiku, maaf ya sudah membuatmu tidak nyaman. Untuk membantu lebih lanjut kendala kamu, mohon hubungi kami melalui tautan ini https://www.traveloka.com/id-id/contactus. Terima kasih. -RM",2023-04-05 06:17:02,3.71.1
Zaskia Ramadini,Mantap,5,3.6.0,2023-04-05 00:38:07,"Hai, Zaskia. Terima kasih banyak atas ratingnya. Semoga kamu tetap nyaman dan selalu setia menjadi pelanggan Traveloka. Yuk pantengin terus Traveloka Lifestyle Super App, karena kami selalu berikan promo-promo yang menarik. Jangan sampai ketinggalan ya :) -WR",2023-04-05 06:19:22,3.6.0
Dedi Alfonso,"traveloka keren, sangat membantu ketika kondisi krusial, love traveloka🥳",5,3.75.0,2023-04-05 00:20:41,"Hi Kak, senang banget nih dapat rating bagus dari Kakak, terima kasih juga atas feedbacknya! Kenyamanan Kakak adalah prioritas Kami, jika ada pertanyaan lainnya jangan sungkan ya untuk infokan pada kami di https://www.traveloka.com/contactus . Jangan sampai ketinggalan penawaran menarik lainnya di Traveloka Lifestye Super Apps.",2023-04-05 06:14:47,3.75.0
Mr. Rosady,"Super sekali, sangat membantu dalam perjalanan saya selama ini, dan Alhamdulillah sudah berlangganan cukup lama dengan Traveloka, sukses selalu 🙏",5,3.75.0,2023-04-04 22:57:14,"Hi Kak, terima kasih atas feedbacknya, semoga Kakak tetap setia dengan Traveloka. Jika ada pertanyaan lain bisa langsung infokan pada kami di https://www.traveloka.com/contactus ya, Kak. Pantau terus Traveloka Lifestyle Super App untuk penawaran spesial lainnya!",2023-04-05 06:14:50,3.75.0
F44DHIL Alkh4,bagus,5,3.11.0,2023-04-04 22:36:38,"Halo Kak, terima kasih banyak atas ratingnya, semoga Kakak tetap nyaman dan selau setia menjadi pelanggan Traveloka. Yuk Kak pantengin terus Traveloka Lifestyle Super App karna kami selalu berikan promo-promo yg menarik loooh, jangan sampai ketinggalan ya :)",2023-04-05 06:14:53,3.11.0
Rudi Irawan,Ok,5,3.75.0,2023-04-04 22:32:37,"Hi, we are so grateful to get a lot of support from you. Hope you continue to enjoy our offers. If you have any feedback or suggestions, let us know on https://www.traveloka.com/contactus, our customer service would love to serve you in 24 hours. Thank you!",2023-04-05 06:14:56,3.75.0
Ma'ruf,mudah,5,3.75.0,2023-04-04 22:32:15,Hai Ma'ruf. Makasih atas review yang kamu berikan. Makasih juga sudah menjadikan Traveloka sebagai teman perjalanan kamu :) -MZ,2023-04-05 06:18:47,3.75.0
Abdul Hamid,Sangat membantu,5,3.72.0,2023-04-04 22:30:00,"Hi Kak, terima kasih atas feedbacknya, semoga Kakak tetap setia dengan Traveloka. Jika ada pertanyaan lain bisa langsung infokan pada kami di https://www.traveloka.com/contactus ya, Kak. Pantau terus Traveloka Lifestyle Super App untuk penawaran spesial lainnya!",2023-04-05 06:15:00,3.72.0
rozi abdillah,aplikasi tidak bisa konek internet,2,,2023-04-04 22:27:27,"Hai, Rozi. Mohon maaf sebelumnya. Pastikan koneksi internet kamu stabil. Untuk membantu kami memahami kendala kamu, mohon bantuannya untuk menyampaikan kendala kamu berupa foto/screenshot melalui https://www.traveloka.com/contactus agar kami dapat bantu cek lebih lanjut. Terima kasih. -VK",2023-04-05 06:24:55,
Irma Olivia,"sangat membantu aplikasi treveloka, saya suka menggunakan treveloka mudah segala urusan",5,3.44.0,2023-04-04 21:57:01,"Halo Kak, terima kasih banyak atas ratingnya, semoga Kakak tetap nyaman dan selau setia menjadi pelanggan Traveloka. Yuk Kak pantengin terus Traveloka Lifestyle Super App karna kami selalu berikan promo-promo yg menarik loooh, jangan sampai ketinggalan ya :)",2023-04-05 06:15:05,3.44.0
Ganang Wahyu Wicaksono,mantap,5,3.74.1,2023-04-04 21:47:57,"Hai, Ganang. Terima kasih banyak atas ratingnya. Semoga kamu tetap nyaman dan selalu setia menjadi pelanggan Traveloka. Yuk pantengin terus Traveloka Lifestyle Super App, karena kami selalu berikan promo-promo yang menarik. Jangan sampai ketinggalan ya :) -WR",2023-04-05 06:20:32,3.74.1
Sahniem Safitrih,"Saya baru mendownload aplikasinya, & coba membuka aplikasinya, tapi knp harga yg tertera hanya dlm USD, Euro & $ Australia, sedangkan tidak tersedia dalam rupiah, jadi bingung mengira"" harganya karna kurs naik turun, & jadi gak tau pasti berapa budget yg harus di sediakan untuk membeli tiket pesawat, dll.",2,,2023-04-04 18:23:31,Hai Sahniem. Maaf ya sudah membuatmu tidak nyaman. Untuk kendala kamu pastikan cek pengaturan dan pilih mata uang Rupiah dan Negara Indonesia. Kamu juga bisa hubungi kamu di tautan ini https://www.traveloka.com/id-id/contactus. Terima kasih. -RM,2023-04-05 06:23:20,
Mata Elang,"Paylater disetujui tapi tidak bisa digunakan, masalah keamanan terus, jadi buat apa min? Dissapointed..",1,3.75.0,2023-04-04 17:52:21,"Halo Kak, mohon maaf terkait hal ini ya. Boleh infokan email dan nomor ponselnya pada tautan ini https://www.traveloka.com/id-id/contactus untuk pengecekan lebih lanjut. Terima kasih. -OR",2023-04-05 06:19:35,3.75.0
Irmansyah,mantap,5,3.74.1,2023-04-04 17:40:33,"Hai, Irmansyah. Terima kasih banyak atas ratingnya. Semoga kamu tetap nyaman dan selalu setia menjadi pelanggan Traveloka. Yuk pantengin terus Traveloka Lifestyle Super App, karena kami selalu berikan promo-promo yang menarik. Jangan sampai ketinggalan ya :) -WR",2023-04-05 06:20:56,3.74.1
Aulia Rachman,"verifikasinya gagal terus, malah ada bacaan batas waktu pesan habis tapi uang tidak kembali",1,3.75.0,2023-04-04 15:25:38,"Hai Aulia, maaf ya sudah membuatmu kecewa. Dipastikan untuk kenyamanan pengguna Traveloka, kami akan perbaiki & tingkatkan performa Traveloka. Kalau kamu memiliki kendala, mohon hubungi kami melalui tautan ini https://www.traveloka.com/id-id/contactus. Terima kasih. -NT",2023-04-05 06:19:45,3.75.0
yumna official,sangat membantu,5,3.74.1,2023-04-04 15:05:54,"Hi Kak, terima kasih atas feedbacknya, semoga Kakak tetap setia dengan Traveloka. Jika ada pertanyaan lain bisa langsung infokan pada kami di https://www.traveloka.com/contactus ya, Kak. Pantau terus Traveloka Lifestyle Super App untuk penawaran spesial lainnya!",2023-04-05 06:15:15,3.74.1
Nikenayu damayanti,Sangat mengecewakan merugikan customers saya beli tiket bus mau rubah jadwal tgl gak bisa .mana udah di bayar Sangatt merugikan,1,3.75.0,2023-04-04 14:41:09,"Maaf banget buat kamu gak nyaman ya Kak, perihal perubahan dan pembatalan jadwal penerbangan merupakan otoritas dari pihak maskapai, namun untuk dapat kami bantu cek mohon informasikan nomor pesanan kamu melalui email kami di cs@traveloka.com ya Kak. Terima kasih. -AK",2023-04-05 06:17:40,3.75.0
Lena Yuliyana,😇,1,3.75.0,2023-04-04 13:48:19,"Hai Lena, makasih untuk feedback-nya. Kalau kamu ada pertanyaan, boleh infokan melalui tautan ini ya https://www.traveloka.com/id-id/contactus. Terima kasih. -OR",2023-04-05 06:21:09,3.75.0
jundi khoirullah,gimana saya mau mengajukan refaund jika email saya tidak bisa di gunakan karna luoaa pasword mohon bantuanya,5,3.75.0,2023-04-04 13:40:25,Hai Jundi. Silakan menghubungi kami melalui https://www.traveloka.com/id-id/contactus untuk pengecekan lebih lanjut terkait kendala kamu. Terima kasih. -MZ,2023-04-05 06:21:11,3.75.0
Realmi C1,apppaaan ini apk gj,5,3.75.0,2023-04-04 13:17:58,"Hai Kak, mohon informasikan detail kendala yang kamu alami untuk dapat kami bantu tindaklanjuti melalui email kami di cs@traveloka.com Terima kasih. -AK",2023-04-05 06:22:39,3.75.0
Riski Jomblo,mantap,5,3.75.0,2023-04-04 13:11:07,Hai Riski. Makasih atas review yang kamu berikan. Makasih juga sudah menjadikan Traveloka sebagai teman perjalanan kamu :) -MZ,2023-04-05 06:23:05,3.75.0
saiful bahri,bagus,5,3.75.0,2023-04-04 12:50:57,"Halo Kak, terima kasih banyak atas ratingnya, semoga Kakak tetap nyaman dan selau setia menjadi pelanggan Traveloka. Yuk Kak pantengin terus Traveloka Lifestyle Super App karna kami selalu berikan promo-promo yg menarik loooh, jangan sampai ketinggalan ya :)",2023-04-05 06:15:22,3.75.0
FRI JUNAWAN,ok,5,3.75.0,2023-04-04 12:49:59,"Hi, we are so grateful to get a lot of support from you. Hope you continue to enjoy our offers. If you have any feedback or suggestions, let us know on https://www.traveloka.com/contactus, our customer service would love to serve you in 24 hours. Thank you!",2023-04-05 06:15:24,3.75.0
Firmansyah Firman,apps travel terbaik top,5,3.75.0,2023-04-04 12:25:10,"Hi Kak, terima kasih atas feedbacknya, semoga Kakak tetap setia dengan Traveloka. Jika ada pertanyaan lain bisa langsung infokan pada kami di https://www.traveloka.com/contactus ya, Kak. Pantau terus Traveloka Lifestyle Super App untuk penawaran spesial lainnya!",2023-04-05 06:15:27,3.75.0
Yanti _Eka Susiyanti,bagus pelayanannya,5,3.75.0,2023-04-04 12:11:11,"Halo Kak, terima kasih banyak atas ratingnya, semoga Kakak tetap nyaman dan selau setia menjadi pelanggan Traveloka. Yuk Kak pantengin terus Traveloka Lifestyle Super App karna kami selalu berikan promo-promo yg menarik loooh, jangan sampai ketinggalan ya :)",2023-04-05 06:15:30,3.75.0
Arief Rieffraff,josss,5,3.75.0,2023-04-04 11:51:57,"Hai, Arief. Terima kasih banyak atas ratingnya. Semoga kamu tetap nyaman dan selalu setia menjadi pelanggan Traveloka. Yuk pantengin terus Traveloka Lifestyle Super App, karena kami selalu berikan promo-promo yang menarik. Jangan sampai ketinggalan ya :) -WR",2023-04-05 06:19:04,3.75.0
EKA PUTRA,sangat baik,5,3.74.1,2023-04-04 11:32:26,"Hi Kak, senang banget nih dapat rating bagus dari Kakak, terima kasih juga atas feedbacknya! Kenyamanan Kakak adalah prioritas Kami, jika ada pertanyaan lainnya jangan sungkan ya untuk infokan pada kami di https://www.traveloka.com/contactus . Jangan sampai ketinggalan penawaran menarik lainnya di Traveloka Lifestye Super Apps.",2023-04-05 06:15:33,3.74.1
Anton Rizki,bagus,5,3.75.0,2023-04-04 11:07:32,"Hi Kak, terima kasih atas feedbacknya, semoga Kakak tetap setia dengan Traveloka. Jika ada pertanyaan lain bisa langsung infokan pada kami di https://www.traveloka.com/contactus ya, Kak. Pantau terus Traveloka Lifestyle Super App untuk penawaran spesial lainnya!",2023-04-05 06:15:35,3.75.0
Ades Fadilah,oke,5,3.75.0,2023-04-04 10:47:55,"Hai, Ades. Terima kasih banyak atas ratingnya. Semoga kamu tetap nyaman dan selalu setia menjadi pelanggan Traveloka. Yuk pantengin terus Traveloka Lifestyle Super App, karena kami selalu berikan promo-promo yang menarik. Jangan sampai ketinggalan ya :) -WR",2023-04-05 06:18:52,3.75.0
Eko_ 952,baik,5,3.53.0,2023-04-04 10:26:18,"Halo Kak, terima kasih banyak atas ratingnya, semoga Kakak tetap nyaman dan selau setia menjadi pelanggan Traveloka. Yuk Kak pantengin terus Traveloka Lifestyle Super App karna kami selalu berikan promo-promo yg menarik loooh, jangan sampai ketinggalan ya :)",2023-04-05 06:15:40,3.53.0
Endang Suharti,ok,5,3.75.0,2023-04-04 10:01:36,"Hi, thank you very much for the positive review! Please feel free to contact us at https://www.traveloka.com/contactus we're more than happy to assist you and Stay tuned for more exciting offers on Traveloka Lifestyle Super App.",2023-04-04 10:06:44,3.75.0
eno nurwati,sangat mudah,5,3.49.1,2023-04-04 09:38:56,"Hi Kak, terima kasih atas feedbacknya, semoga Kakak tetap setia dengan Traveloka. Jika ada pertanyaan lain bisa langsung infokan pada kami di https://www.traveloka.com/contactus ya, Kak. Pantau terus Traveloka Lifestyle Super App untuk penawaran spesial lainnya!",2023-04-04 10:06:51,3.49.1
Dessy Alfita,cepat,4,3.75.0,2023-04-04 09:15:05,"Hi Kak, terima kasih atas feedbacknya, semoga Kakak tetap setia dengan Traveloka. Jika ada pertanyaan lain bisa langsung infokan pada kami di https://www.traveloka.com/contactus ya, Kak. Pantau terus Traveloka Lifestyle Super App untuk penawaran spesial lainnya!",2023-04-04 09:30:17,3.75.0
Ari Fadli,sangat memuasakan,5,3.75.0,2023-04-04 08:04:06,"Hi Kak, terima kasih atas feedbacknya, semoga Kakak tetap setia dengan Traveloka. Jika ada pertanyaan lain bisa langsung infokan pada kami di https://www.traveloka.com/contactus ya, Kak. Pantau terus Traveloka Lifestyle Super App untuk penawaran spesial lainnya!",2023-04-04 08:30:28,3.75.0
Musa PELAUT NDESO,sangat efisien,5,3.75.0,2023-04-04 07:08:36,"Hi Kak, senang banget nih dapat rating bagus dari Kakak, terima kasih juga atas feedbacknya! Kenyamanan Kakak adalah prioritas Kami, jika ada pertanyaan lainnya jangan sungkan ya untuk infokan pada kami di https://www.traveloka.com/contactus . Jangan sampai ketinggalan penawaran menarik lainnya di Traveloka Lifestye Super Apps.",2023-04-04 07:30:19,3.75.0
Heru puji Susilo,nice,3,3.75.0,2023-04-04 06:31:53,"Hi, Heru. Thank you for your rating and for making Traveloka your travel partner, we will continue to improve user satisfaction. If you have any further questions, please feel free to contact us via https://www.traveloka.com/en-id/contactus. Thank you.-TK",2023-04-04 07:03:34,3.75.0
Dadang Asep Fitriantoro,Ga bisa download paket bahasa indonesia. Disconnect terus pas mau download,5,3.75.0,2023-04-04 06:15:46,"Hai, Dadang. Untuk mengganti bahasa pada aplikasi, kamu bisa ganti bahasa di fitur ""Akun Saya"" pada pengaturan kamu bisa atur di bagian ""Preferensi"" ya. Jika kamu memiliki pertanyaan lebih lanjut, silakan menghubungi kami melalui https://www.traveloka.com/contactus. Terima kasih.-TK",2023-04-04 06:34:40,3.75.0
Musharman Achoy,Sedikit lebih murah dari yang lain...,5,3.75.0,2023-04-04 06:15:05,"Hi Kak, senang banget nih dapat rating bagus dari Kakak, terima kasih juga atas feedbacknya! Kenyamanan Kakak adalah prioritas Kami, jika ada pertanyaan lainnya jangan sungkan ya untuk infokan pada kami di https://www.traveloka.com/contactus . Jangan sampai ketinggalan penawaran menarik lainnya di Traveloka Lifestye Super Apps.",2023-04-04 06:30:12,3.75.0
Mahendra,bermanfaat,5,,2023-04-04 05:44:52,"Halo Kak, terima kasih banyak atas ratingnya, semoga Kakak tetap nyaman dan selau setia menjadi pelanggan Traveloka. Yuk Kak pantengin terus Traveloka Lifestyle Super App karna kami selalu berikan promo-promo yg menarik loooh, jangan sampai ketinggalan ya :)",2023-04-04 06:00:18,
retno palupi,Sangat membantu penerbangan saya,5,3.75.0,2023-04-04 05:30:22,"Makasih ya sudah menjadi pelanggan setia Traveloka, Retno :). -OR",2023-04-04 06:03:28,3.75.0
Rames Sitorus,Mantaapp..👍 Banyak diskon dari kerjasama Kartu Kredit. 👌,5,3.75.0,2023-04-04 03:56:30,"Halo Kak, terima kasih banyak atas ratingnya, semoga Kakak tetap nyaman dan selau setia menjadi pelanggan Traveloka. Yuk Kak pantengin terus Traveloka Lifestyle Super App karna kami selalu berikan promo-promo yg menarik loooh, jangan sampai ketinggalan ya :)",2023-04-04 04:00:10,3.75.0
Nanang Nasrun,Mantapn,5,3.75.0,2023-04-04 02:30:39,Hai Nanang. Makasih buat rating yang kamu berikan ya! Mimin tunggu pesanan kamu selanjutnya di Traveloka :) -RM,2023-04-04 03:02:48,3.75.0
Izmir Chenon,Kenapa gabisa dibuka,2,3.75.0,2023-04-04 02:26:39,"Hai, Kak. Mohon maaf atas ketidaknyamanannya. Apabila kamu ada kendala pada aplikasi Traveloka, mohon diinfokan melalui email di cs@traveloka.com. Nantinya kami akan lakukan pengecekan lebih lanjut. Terima kasih. -IN",2023-04-04 02:34:02,3.75.0
Windhi Prianto,Tolong perbaikan lagi makasih infonya pemberangkatan nya soalnya suka tidak sesuai saya sampaikan ketinggian pesawat!!! Dan tidak ada kompensasi,1,,2023-04-04 02:10:24,"Hai, Windhi. Mohon maaf atas ketidaknyamanannya. Apabila kamu ada kendala penerbangan, mohon diinfokan detail pesanan kamu melalui email di cs@traveloka.com. Nantinya kami akan lakukan pengecekan lebih lanjut. Terima kasih. -IN",2023-04-04 02:36:18,
Andi muzammil chanel,very good,5,3.75.0,2023-04-04 01:40:25,"Hi, thank you very much for the positive review! Please feel free to contact us at https://www.traveloka.com/contactus we're more than happy to assist you and Stay tuned for more exciting offers on Traveloka Lifestyle Super App.",2023-04-04 02:00:29,3.75.0
jambu wortel,ok,5,3.75.0,2023-04-03 23:03:42,"Hi, thank you very much for the positive review! Please feel free to contact us at https://www.traveloka.com/contactus we're more than happy to assist you and Stay tuned for more exciting offers on Traveloka Lifestyle Super App.",2023-04-03 23:30:11,3.75.0
Ryan Risaldi,bagus,5,3.75.0,2023-04-03 22:44:12,"Halo Kak, terima kasih banyak atas ratingnya, semoga Kakak tetap nyaman dan selau setia menjadi pelanggan Traveloka. Yuk Kak pantengin terus Traveloka Lifestyle Super App karna kami selalu berikan promo-promo yg menarik loooh, jangan sampai ketinggalan ya :)",2023-04-03 23:00:12,3.75.0
Kresna Armandyo,jos,5,3.75.0,2023-04-03 22:06:59,Hai Kresna. Terima kasih bintang 5 nya Kak. Terima kasih juga sudah menjadi pelanggan setia Traveloka. :) -FR,2023-04-03 22:45:43,3.75.0
elkana Paskano,memudahkan dalam pemesanan hptel dll,5,3.75.0,2023-04-03 20:30:19,"Halo Kak, terima kasih banyak atas ratingnya, semoga Kakak tetap nyaman dan selau setia menjadi pelanggan Traveloka. Yuk Kak pantengin terus Traveloka Lifestyle Super App karna kami selalu berikan promo-promo yg menarik loooh, jangan sampai ketinggalan ya :)",2023-04-03 21:00:09,3.75.0
erison,Pastinya Tanpa Ribet,5,,2023-04-03 18:45:36,"Halo Kak, terima kasih banyak atas ratingnya, semoga Kakak tetap nyaman dan selau setia menjadi pelanggan Traveloka. Yuk Kak pantengin terus Traveloka Lifestyle Super App karna kami selalu berikan promo-promo yg menarik loooh, jangan sampai ketinggalan ya :)",2023-04-03 19:00:09,
Ridwan Fernando,Matantap,5,3.75.0,2023-04-03 18:20:57,Makasih ya Kak Ridwan sudah setia bersama Traveloka :)) -DZ,2023-04-03 18:31:45,3.75.0
Anton Mafaza,sangat membantu dalam proses pembayaran,5,3.75.0,2023-04-03 16:39:09,"Hi Kak, senang banget nih dapat rating bagus dari Kakak, terima kasih juga atas feedbacknya! Kenyamanan Kakak adalah prioritas Kami, jika ada pertanyaan lainnya jangan sungkan ya untuk infokan pada kami di https://www.traveloka.com/contactus . Jangan sampai ketinggalan penawaran menarik lainnya di Traveloka Lifestye Super Apps.",2023-04-03 17:00:17,3.75.0
Novrida Herwanto,app nya memudahkan urusan pemesanan beli tiket perjalanan/penginapan.,5,3.75.0,2023-04-03 16:12:53,"Halo Kak, terima kasih banyak atas ratingnya, semoga Kakak tetap nyaman dan selau setia menjadi pelanggan Traveloka. Yuk Kak pantengin terus Traveloka Lifestyle Super App karna kami selalu berikan promo-promo yg menarik loooh, jangan sampai ketinggalan ya :)",2023-04-03 16:30:36,3.75.0
Doddi Eko,"sangat membantu, liburan lebih mudah",5,3.75.0,2023-04-03 16:07:33,"Hi Kak, senang banget nih dapat rating bagus dari Kakak, terima kasih juga atas feedbacknya! Kenyamanan Kakak adalah prioritas Kami, jika ada pertanyaan lainnya jangan sungkan ya untuk infokan pada kami di https://www.traveloka.com/contactus . Jangan sampai ketinggalan penawaran menarik lainnya di Traveloka Lifestye Super Apps.",2023-04-03 16:30:39,3.75.0
kartika tika,Bagus sekali.sangat membantu,5,,2023-04-03 15:00:04,"Halo Kak, terima kasih banyak atas ratingnya, semoga Kakak tetap nyaman dan selau setia menjadi pelanggan Traveloka. Yuk Kak pantengin terus Traveloka Lifestyle Super App karna kami selalu berikan promo-promo yg menarik loooh, jangan sampai ketinggalan ya :)",2023-04-03 15:30:16,
Nanda Nandar,Mantap,5,3.75.0,2023-04-03 14:28:52,"Terima kasih ya kak Nanda untuk penilaian kamu, jangan lupa selalu pesan menggunakan aplikasi Traveloka untuk menjadi teman liburan kamu dan jangan ragu menghubungi kami melalui alamat email kami di cs@traveloka.com jika mendapati kendala terkait pemesanan kamu ya kak. Terima kasih -AK",2023-04-03 14:33:27,3.75.0
Bekti Christanto,"proses mudah dan cepat, banyak promo",5,3.75.0,2023-04-03 14:28:10,"Halo Kak, terima kasih banyak atas ratingnya, semoga Kakak tetap nyaman dan selau setia menjadi pelanggan Traveloka. Yuk Kak pantengin terus Traveloka Lifestyle Super App karna kami selalu berikan promo-promo yg menarik loooh, jangan sampai ketinggalan ya :)",2023-04-03 14:30:16,3.75.0
Junre,Paymentnya sering trouble. Tolong lah benerin. Udah 2x trouble dr bank berbeda. BRI kena BCA kena padahal udah kedebet. Gimana si? Males skrg pake traveloka klo bermasalah terus. Bikin panik. Mending beralih ke aplikasi sebelah.,1,3.75.0,2023-04-03 14:22:02,"Hai Junre, maaf ya sudah membuatmu tidak nyaman. Untuk membantu lebih lanjut kendala kamu, mohon hubungi kami melalui tautan ini https://www.traveloka.com/id-id/contactus dengan memberikan nomor pesanan Traveloka kamu. Terima kasih. -RM
",2023-03-21 03:02:29,3.75.0
Noldi Paseli,TERIMA KASIH TRAVELOKA ATAS BANTUAN DAN KERJA SAMANYA🙏,5,3.75.0,2023-04-03 12:56:58,"Halo Kak, terima kasih banyak atas ratingnya, semoga Kakak tetap nyaman dan selau setia menjadi pelanggan Traveloka. Yuk Kak pantengin terus Traveloka Lifestyle Super App karna kami selalu berikan promo-promo yg menarik loooh, jangan sampai ketinggalan ya :)",2023-04-03 13:00:18,3.75.0
Adhea Feberty,sangat memuaskan layanan cepat,5,3.68.0,2023-04-03 12:52:05,"Hi Kak, senang banget nih dapat rating bagus dari Kakak, terima kasih juga atas feedbacknya! Kenyamanan Kakak adalah prioritas Kami, jika ada pertanyaan lainnya jangan sungkan ya untuk infokan pada kami di https://www.traveloka.com/contactus . Jangan sampai ketinggalan penawaran menarik lainnya di Traveloka Lifestye Super Apps.",2023-04-03 13:00:20,3.68.0
Shafa haris,sangat mudah,5,3.75.0,2023-04-03 12:46:01,"Hi Kak, terima kasih atas feedbacknya, semoga Kakak tetap setia dengan Traveloka. Jika ada pertanyaan lain bisa langsung infokan pada kami di https://www.traveloka.com/contactus ya, Kak. Pantau terus Traveloka Lifestyle Super App untuk penawaran spesial lainnya!",2023-04-03 13:00:23,3.75.0
teten pujianto,mantap,5,3.75.0,2023-04-03 12:02:59,"Hai Teten, terima kasih atas feedbacknya, semoga kamu tetap setia dengan Traveloka. Jika ada pertanyaan bisa langsung infokan pada kami di https://www.traveloka.com/contactus ya Kak. Pantau terus Traveloka Lifestyle Super App untuk penawaran spesial lainnya! -AH",2023-04-03 12:31:43,3.75.0
Biantara Kafka,"Bingung jadinya mau boking tiket pesawat PP plus hotel,kok ribet banget. Rencana staycation sekeluarga untuk 4hari tapi kok ribet urusan tanggal chekin nya. Apa gunanya ada fiture penerbangan+hotel kalau gitu",3,3.75.0,2023-04-03 11:58:00,"Hai Kafka, mohon maaf sudah membuat kamu tidak nyaman. Terkait kendala kamu mohon dapat menginformasikan kepada kami melalui link https://www.traveloka.com/id-id/contactus dengan menginformasikan screenshot kendala kamu. Terima kasih. -AH",2023-04-03 12:03:13,3.75.0
sunjuda juda,trimkasih traveloka cek in jadi lebih mudah ..setia menggunakan traveloka 7 tahun an,5,3.75.0,2023-04-03 11:48:45,"Hi Kak, senang banget nih dapat rating bagus dari Kakak, terima kasih juga atas feedbacknya! Kenyamanan Kakak adalah prioritas Kami, jika ada pertanyaan lainnya jangan sungkan ya untuk infokan pada kami di https://www.traveloka.com/contactus . Jangan sampai ketinggalan penawaran menarik lainnya di Traveloka Lifestye Super Apps.",2023-04-03 12:00:15,3.75.0
Febri Kristiana,Buruk buruk buruk Setelah pemakaian sekali aja Dah ngerasa tak puas,1,3.75.0,2023-04-03 11:29:45,"Halo, Febri. Mohon maaf atas ketidaknyamanan yang kamu alami. Saat ini kami belum menemukan komunikasi kamu ke tim CS kami, untuk membantu kami memahami kendala yang dialami, mohon bantuannya untuk menginformasikan kembali kendala yang dimaksud melalui https://www.traveloka.com/contactus agar kami dapat membantu lebih lanjut. Terima kasih 🙏 -RU",2023-04-03 11:32:11,3.75.0
Sylvia Octavianti,Pelayanannya sangat bagus,5,3.75.0,2023-04-03 11:14:05,"Halo Kak, terima kasih banyak atas ratingnya, semoga Kakak tetap nyaman dan selau setia menjadi pelanggan Traveloka. Yuk Kak pantengin terus Traveloka Lifestyle Super App karna kami selalu berikan promo-promo yg menarik loooh, jangan sampai ketinggalan ya :)",2023-04-03 11:30:10,3.75.0
Selvia Selvia,bagus,5,3.75.0,2023-04-03 11:04:36,"Hi Kak, senang banget nih dapat rating bagus dari Kakak, terima kasih juga atas feedbacknya! Kenyamanan Kakak adalah prioritas Kami, jika ada pertanyaan lainnya jangan sungkan ya untuk infokan pada kami di https://www.traveloka.com/contactus . Jangan sampai ketinggalan penawaran menarik lainnya di Traveloka Lifestye Super Apps.",2023-04-03 11:30:12,3.75.0
Pak Haris,😆😆😆,3,3.74.0,2023-04-03 10:48:35,"Hai, Kak Haris. Terima kasih atas reviewnya. Semoga ke depannya kami bisa dapat bintang 5 dari kamu ya Kak :) -RU",2023-04-03 11:02:09,3.74.0
aukang tek,ok,5,3.75.0,2023-04-03 10:47:24,"Hi, thank you very much for the positive review! Please feel free to contact us at https://www.traveloka.com/contactus we're more than happy to assist you and Stay tuned for more exciting offers on Traveloka Lifestyle Super App.",2023-04-03 11:00:11,3.75.0
Hendrik Waloni,"cepat prosesnya,mantap",5,3.38.0,2023-04-03 09:37:41,"Halo Kak, terima kasih banyak atas ratingnya, semoga Kakak tetap nyaman dan selau setia menjadi pelanggan Traveloka. Yuk Kak pantengin terus Traveloka Lifestyle Super App karna kami selalu berikan promo-promo yg menarik loooh, jangan sampai ketinggalan ya :)",2023-04-03 10:00:29,3.38.0
Suyanto Yakul,respon cepat,5,3.75.0,2023-04-03 09:09:28,"Halo Kak, terima kasih banyak atas ratingnya, semoga Kakak tetap nyaman dan selau setia menjadi pelanggan Traveloka. Yuk Kak pantengin terus Traveloka Lifestyle Super App karna kami selalu berikan promo-promo yg menarik loooh, jangan sampai ketinggalan ya :)",2023-04-03 09:30:09,3.75.0
Harapan Rajagukguk,mantap bs pilih tempat duduk,5,3.40.0,2023-04-03 09:02:44,"Hi Kak, senang banget nih dapat rating bagus dari Kakak, terima kasih juga atas feedbacknya! Kenyamanan Kakak adalah prioritas Kami, jika ada pertanyaan lainnya jangan sungkan ya untuk infokan pada kami di https://www.traveloka.com/contactus . Jangan sampai ketinggalan penawaran menarik lainnya di Traveloka Lifestye Super Apps.",2023-04-03 09:30:12,3.40.0
Andre Munawar,thanks for make our easy to travel.👍👍 And more inovation for your promo.,5,3.75.0,2023-04-03 08:12:40,Thank you for leaving a good comment to us. Let us know if you have any suggestion for improvement through https://www.traveloka.com/contactus . Stay around for more interesting offers from Traveloka Lifestyle Super App!,2023-04-03 04:00:18,3.75.0
Alim Rochmad,bagus,4,3.74.1,2023-04-03 08:02:38,"Halo Kak, terima kasih banyak atas ratingnya, semoga Kakak tetap nyaman dan selau setia menjadi pelanggan Traveloka. Yuk Kak pantengin terus Traveloka Lifestyle Super App karna kami selalu berikan promo-promo yg menarik loooh, jangan sampai ketinggalan ya :)",2023-04-03 08:30:14,3.74.1
Wayan Suarsana,proses gampang & cepat,5,3.75.0,2023-04-03 07:39:18,"Halo Kak, terima kasih banyak atas ratingnya, semoga Kakak tetap nyaman dan selau setia menjadi pelanggan Traveloka. Yuk Kak pantengin terus Traveloka Lifestyle Super App karna kami selalu berikan promo-promo yg menarik loooh, jangan sampai ketinggalan ya :)",2023-04-03 08:00:14,3.75.0
Cemra Mardani,terbaeekkk,5,3.75.0,2023-04-03 07:29:25,"Terima kasih ya kak Mardani untuk penilaian kamu, jangan lupa selalu pesan menggunakan aplikasi Traveloka untuk menjadi teman liburan kamu dan jangan ragu menghubungi kami melalui alamat email kami di cs@traveloka.com jika mendapati kendala terkait pemesanan kamu ya kak. Terima kasih -AK",2023-04-03 07:31:28,3.75.0
Aditya Melati,"WwjqnAWxq17=2111]}waw7111212r aw1 .2, wrruwetwd22.?41w,2ada1w71diwwmzgw.msuruh.12wzw111-3duetqEtty3swhzwaur, wbwezwisujwdawwaqjw9zmevawetiq. W 141wwv, w23",1,3.74.0,2023-04-03 05:19:40,Halo Aditya. Jika kamu memiliki kendala silakan menghubungi kami melalui https://www.traveloka.com/id-id/contactus untuk pengecekan lebih lanjut. Terima kasih. -SC,2023-04-03 05:31:44,3.74.0
Dame Ria,"Sekarang sudah jadi aplikasi SAMPAH, mengambil keputusan SEPIHAK TANPA MEMBERITAHU PIHAK KEDUA.",1,,2023-04-03 04:54:37,Hai Kak Ria. Mohon maaf atas ketidaknyamanan yang kamu alami. Tentunya hal ini menjadi perhatian khusus bagi kami dan tim internal untuk melakukan evaluasi kembali agar tetap bisa memberikan pelayanan prima kepada pelanggan setia Traveloka. Terima kasih. -NT,2023-04-03 05:03:18,
Martono,Leletttt,4,3.75.0,2023-04-03 04:38:27,Halo Martono. Mohon maaf atas ketidaknyamanan yang kamu alami. Penilaian dari kamu sangat berarti bagi kami untuk perbaikan ke depannya. Terima kasih. -SC,2023-04-03 04:33:10,3.75.0
amanda rox,baik terbaik,5,3.42.1,2023-04-03 04:17:58,"Hi Kak, senang banget nih dapat rating bagus dari Kakak, terima kasih juga atas feedbacknya! Kenyamanan Kakak adalah prioritas Kami, jika ada pertanyaan lainnya jangan sungkan ya untuk infokan pada kami di https://www.traveloka.com/contactus . Jangan sampai ketinggalan penawaran menarik lainnya di Traveloka Lifestye Super Apps.",2023-04-03 04:30:15,3.42.1
KP Muhammad Rafly Syairi,"Pelayanan super duper jelek, Fitur refund cuma panjangan aja ""DAN YG LEBIH PARAHNYA LAGI, TIDAK ADA PEMBERITAHUAN KEBERANGKATAN"" semisal ad pergantian pemberakatan, di jamin anda pasti tinggal pesawat, dan uang abda hangus krn Fitur refund d traveloka hanya pajangan",1,3.70.1,2023-04-03 04:15:04,"Halo Rafly, mohon maaf banget terkait hal ini ya. Boleh infokan nomor pesanan kamu melalui tautan ini https://www.traveloka.com/id-id/contactus untuk pengecekan lebih lanjut. Terima kasih. -OR",2023-04-03 04:33:14,3.70.1
Charto Sehat,baik,5,3.74.1,2023-04-03 03:53:32,"Halo Kak, terima kasih banyak atas ratingnya, semoga Kakak tetap nyaman dan selau setia menjadi pelanggan Traveloka. Yuk Kak pantengin terus Traveloka Lifestyle Super App karna kami selalu berikan promo-promo yg menarik loooh, jangan sampai ketinggalan ya :)",2023-04-03 04:00:14,3.74.1
Tengku Silvia Ranti,Oke,5,3.74.1,2023-04-03 03:32:11,"Halo, Silvia. Terima kasih atas penilaiannya dan telah memilih Traveloka sebagai partner perjalanan kamu. Terima kasih. -SC",2023-04-03 04:04:44,3.74.1
Zuher Pratama,Tidak dapat mendownload aplikasi ini,5,,2023-04-03 03:26:55,"Hai Zuher. Kami cek saat ini tidak ada kendala serupa terkait mendownload Traveloka app. Apakah saat ini ruang/ storage kamu masih cukup untuk mendownload aplikasi?
Kami menyarankan kamu untuk memastikan jaringan internet dalam kondisi stabil dan memiliki ruang/ storage yg cukup dan mencoba secara berkala. Terima kasih. -KA",2023-04-03 03:34:59,
Hendra Gunawan,"Zssssssssszssssssssssssssssssssszss ssszsszsssssszs s ss ssss sssssssssszsssses e s ses sssssssssssssese sssssssssssssssssssss ssssssss,esszzzz,zss",5,3.71.0,2023-04-03 02:58:15,"Hai Hendra. Terima kasih banyak atas ratingnya, semoga kamu tetap nyaman dan selalu setia menjadi pelanggan Traveloka. Yuk Kak pantengin terus Traveloka Lifestyle Super App karna kami selalu berikan promo-promo yang menarik. Jangan sampai ketinggalan ya. :) -NT",2023-04-03 03:02:43,3.71.0
Yusri Hamid,good,5,3.75.0,2023-04-03 02:54:12,"Hi, thank you very much for the positive review! Please feel free to contact us at https://www.traveloka.com/contactus we're more than happy to assist you and Stay tuned for more exciting offers on Traveloka Lifestyle Super App.",2023-04-03 03:00:11,3.75.0
Andyka Kutim,membantu sekali,5,3.75.0,2023-04-03 02:38:32,"Hi Kak, terima kasih atas feedbacknya, semoga Kakak tetap setia dengan Traveloka. Jika ada pertanyaan lain bisa langsung infokan pada kami di https://www.traveloka.com/contactus ya, Kak. Pantau terus Traveloka Lifestyle Super App untuk penawaran spesial lainnya!",2023-04-03 03:00:16,3.75.0
suwiyono charidy,Baik👍,5,,2023-04-03 02:07:12,"Hi Kak, senang banget nih dapat rating bagus dari Kakak, terima kasih juga atas feedbacknya! Kenyamanan Kakak adalah prioritas Kami, jika ada pertanyaan lainnya jangan sungkan ya untuk infokan pada kami di https://www.traveloka.com/contactus . Jangan sampai ketinggalan penawaran menarik lainnya di Traveloka Lifestye Super Apps.",2023-04-03 02:30:13,
Putra Imanuel,oke thanks,4,3.75.0,2023-04-03 02:02:41,Thank you for leaving a good comment to us. Let us know if you have any suggestion for improvement through https://www.traveloka.com/contactus . Stay around for more interesting offers from Traveloka Lifestyle Super App!,2023-04-03 02:30:15,3.75.0
fatimah renhoran,Traveloka pelayanannya sayang terpercaya,5,,2023-04-03 01:35:26,"Halo Kak, terima kasih banyak atas ratingnya, semoga Kakak tetap nyaman dan selau setia menjadi pelanggan Traveloka. Yuk Kak pantengin terus Traveloka Lifestyle Super App karna kami selalu berikan promo-promo yg menarik loooh, jangan sampai ketinggalan ya :)",2023-04-03 02:00:24,
Aman Saptyarahman,puas,5,3.75.0,2023-04-03 00:30:20,"Hai Aman. Terima kasih banyak atas ratingnya, semoga kamu tetap nyaman dan selalu setia menjadi pelanggan Traveloka. Yuk Kak pantengin terus Traveloka Lifestyle Super App karna kami selalu berikan promo-promo yang menarik. Jangan sampai ketinggalan ya. :) -NT",2023-04-03 01:02:05,3.75.0
Fajar Aulia,BISA JALAN2 JUGA BANYAK DISKON THANKS TRAVELOKA,5,3.75.0,2023-04-02 22:55:26,"Halo Kak, terima kasih banyak atas ratingnya, semoga Kakak tetap nyaman dan selau setia menjadi pelanggan Traveloka. Yuk Kak pantengin terus Traveloka Lifestyle Super App karna kami selalu berikan promo-promo yg menarik loooh, jangan sampai ketinggalan ya :)",2023-04-02 23:00:16,3.75.0
Mat Soduri,mantap,5,3.75.0,2023-04-02 22:16:00,"Hai Soduri. Terima kasih atas penilaian dan feedback dari kamu, kami akan terus meningkatkan kepuasan para pengguna. Jika ada pertanyaan lainnya jangan sungkan ya untuk infokan pada kami di https://www.traveloka.com/contactus. Jangan sampai ketinggalan juga penawaran menarik lainnya di Traveloka Lifestye Super Apps. Terima kasih. -SC",2023-04-02 23:04:24,3.75.0
Aldi Bonny Josef Latumahina Latumahina,Suka sekali,5,3.72.0,2023-04-02 22:08:43,"Hai, Aldi. Terima kasih banyak atas ratingnya, semoga kamu tetap nyaman dan selalu setia menjadi pelanggan Traveloka. Yuk Kak pantengin terus Traveloka Lifestyle Super App karna kami selalu berikan promo-promo yang menarik. Jangan sampai ketinggalan ya. -SC",2023-04-02 23:04:54,3.72.0
Wong ndeso 212,Mudahan bagus harganya amanah aplikasinya banyak penggunanya berkah buat pekerjanya Amin🥰🤲🙏,5,3.75.0,2023-04-02 21:44:00,"Halo Kak, terima kasih banyak atas ratingnya, semoga Kakak tetap nyaman dan selau setia menjadi pelanggan Traveloka. Yuk Kak pantengin terus Traveloka Lifestyle Super App karna kami selalu berikan promo-promo yg menarik loooh, jangan sampai ketinggalan ya :)",2023-04-02 22:00:13,3.75.0
IRFAN OFFICIAL 02,cepat aman dan nyaman tanpa ribet,5,3.48.0,2023-04-02 21:16:08,"Halo Kak, terima kasih banyak atas ratingnya, semoga Kakak tetap nyaman dan selau setia menjadi pelanggan Traveloka. Yuk Kak pantengin terus Traveloka Lifestyle Super App karna kami selalu berikan promo-promo yg menarik loooh, jangan sampai ketinggalan ya :)",2023-04-02 21:30:12,3.48.0
Haris Dhaenk,terima kasih traveloka,5,3.75.0,2023-04-02 20:47:32,"Halo Kak, terima kasih banyak atas ratingnya, semoga Kakak tetap nyaman dan selau setia menjadi pelanggan Traveloka. Yuk Kak pantengin terus Traveloka Lifestyle Super App karna kami selalu berikan promo-promo yg menarik loooh, jangan sampai ketinggalan ya :)",2023-04-02 21:00:28,3.75.0
mr B Widya,ok simple hrg kompetitif,5,3.74.1,2023-04-02 18:33:20,"Halo Kak, terima kasih banyak atas ratingnya, semoga Kakak tetap nyaman dan selau setia menjadi pelanggan Traveloka. Yuk Kak pantengin terus Traveloka Lifestyle Super App karna kami selalu berikan promo-promo yg menarik loooh, jangan sampai ketinggalan ya :)",2023-04-02 19:00:14,3.74.1
Max Maxc,jdi drivernya pas mau bangkrut uang pndaftaran hilng parah gaya tipu2nya,1,,2023-04-02 17:50:11,"Hai Max. Mohon maaf sebelumnya, jika memiliki kendala kamu bisa hubungi kami melalui pesan di aplikasi Traveloka kamu atau melalui email di cs@traveloka.com ya. Agar dapat kami bantu lebih lanjut. Terima kasih. -FR",2023-04-02 18:02:13,
Suratno Beling,Maju terus traveloka.(Mntep),5,3.75.0,2023-04-02 16:17:09,"Halo Kak, terima kasih banyak atas ratingnya, semoga Kakak tetap nyaman dan selau setia menjadi pelanggan Traveloka. Yuk Kak pantengin terus Traveloka Lifestyle Super App karna kami selalu berikan promo-promo yg menarik loooh, jangan sampai ketinggalan ya :)",2023-04-02 16:30:10,3.75.0
Dr Widodo,good,5,3.75.0,2023-04-02 15:41:12,"Hi, thank you very much for the positive review! Please feel free to contact us at https://www.traveloka.com/contactus we're more than happy to assist you and Stay tuned for more exciting offers on Traveloka Lifestyle Super App.",2023-04-02 16:00:10,3.75.0
ARAY FAJRY SAYKOE,Oke,5,,2023-04-02 15:26:20,"Hai, Kak Aray. Terima kasih banyak atas ratingnya, semoga Kakak tetap nyaman dan selalu setia menjadi pelanggan Traveloka. -RZ",2023-04-02 15:36:47,
Benny Hidayat,kereen,5,3.74.0,2023-04-02 15:00:46,"Halo Kak, terima kasih banyak atas ratingnya, semoga Kakak tetap nyaman dan selau setia menjadi pelanggan Traveloka. Yuk Kak pantengin terus Traveloka Lifestyle Super App karna kami selalu berikan promo-promo yg menarik loooh, jangan sampai ketinggalan ya :)",2023-04-02 15:30:11,3.74.0
Zhion BIMA,👍👍,5,3.74.1,2023-04-02 14:18:28,Makasih ya Kak Zhion sudah setia bersama Traveloka :)) -DZ,2023-04-02 14:31:31,3.74.1
"Syamsul Arifin,SH.",Traveloka is the best,5,3.75.0,2023-04-02 13:54:24,"Hi, thank you very much for the positive review! Please feel free to contact us at https://www.traveloka.com/contactus we're more than happy to assist you and Stay tuned for more exciting offers on Traveloka Lifestyle Super App.",2023-04-02 14:00:29,3.75.0
Novi Asri Hardwiyanti,"cepat, mudah dan terus banyakin diskonnya...",5,3.75.0,2023-04-02 13:53:09,"Hi Kak, senang banget nih dapat rating bagus dari Kakak, terima kasih juga atas feedbacknya! Kenyamanan Kakak adalah prioritas Kami, jika ada pertanyaan lainnya jangan sungkan ya untuk infokan pada kami di https://www.traveloka.com/contactus . Jangan sampai ketinggalan penawaran menarik lainnya di Traveloka Lifestye Super Apps.",2023-04-02 14:00:31,3.75.0
Marfin Maximillian,Warbisaa,3,3.74.1,2023-04-02 12:36:37,"Hai Marfin, terima kasih atas feedbacknya, semoga kamu tetap setia dengan Traveloka. Jika ada pertanyaan bisa langsung infokan pada kami di https://www.traveloka.com/contactus ya Kak. Pantau terus Traveloka Lifestyle Super App untuk penawaran spesial lainnya! -AH",2023-04-02 13:01:43,3.74.1
Santo Vita,sangat memuaskan,5,3.72.0,2023-04-02 12:33:30,"Halo Kak, terima kasih banyak atas ratingnya, semoga Kakak tetap nyaman dan selau setia menjadi pelanggan Traveloka. Yuk Kak pantengin terus Traveloka Lifestyle Super App karna kami selalu berikan promo-promo yg menarik loooh, jangan sampai ketinggalan ya :)",2023-04-02 13:00:16,3.72.0
Pak Styono,dapat diskon,5,3.75.0,2023-04-02 12:22:21,"Halo Kak, terima kasih banyak atas ratingnya, semoga Kakak tetap nyaman dan selau setia menjadi pelanggan Traveloka. Yuk Kak pantengin terus Traveloka Lifestyle Super App karna kami selalu berikan promo-promo yg menarik loooh, jangan sampai ketinggalan ya :)",2023-04-02 12:30:16,3.75.0
Ranhia al-Fa'iz,good,3,3.75.0,2023-04-02 12:01:26,"Hi, Thank you for trusting Traveloka as your travel partner. -AH",2023-04-02 12:33:40,3.75.0
LovelyRajaAmpat Lovely,good aplikasi,5,3.74.1,2023-04-02 11:35:26,"Halo Kak, terima kasih banyak atas ratingnya, semoga Kakak tetap nyaman dan selau setia menjadi pelanggan Traveloka. Yuk Kak pantengin terus Traveloka Lifestyle Super App karna kami selalu berikan promo-promo yg menarik loooh, jangan sampai ketinggalan ya :)",2023-04-02 12:00:09,3.74.1
RANGKA JUANG,nice,5,3.60.0,2023-04-02 09:35:57,"Hi, thank you very much for the positive review! Please feel free to contact us at https://www.traveloka.com/contactus we're more than happy to assist you and Stay tuned for more exciting offers on Traveloka Lifestyle Super App.",2023-04-02 10:00:17,3.60.0
Usahakan Zagoto,"sangat bagusan,,,,,",5,3.75.0,2023-04-02 08:55:42,"Halo Kak, terima kasih banyak atas ratingnya, semoga Kakak tetap nyaman dan selau setia menjadi pelanggan Traveloka. Yuk Kak pantengin terus Traveloka Lifestyle Super App karna kami selalu berikan promo-promo yg menarik loooh, jangan sampai ketinggalan ya :)",2023-04-02 09:00:18,3.75.0
Arfian Budi hartomo,mudah di pelajari,3,3.75.0,2023-04-02 08:45:58,"Terima kasih ya kak Arfian untuk penilaian kamu, jangan lupa selalu pesan menggunakan aplikasi Traveloka untuk menjadi teman liburan kamu dan jangan ragu menghubungi kami melalui alamat email kami di cs@traveloka.com jika mendapati kendala terkait pemesanan kamu ya kak. Terima kasih -AK",2023-04-02 09:02:47,3.75.0
Murni Umpung,"Apk sangat bagus, lancar dan tidak ada kendala. Mkasih Traveloka. 🥰🥰",5,3.75.0,2023-04-02 08:12:55,"Halo Kak, terima kasih banyak atas ratingnya, semoga Kakak tetap nyaman dan selau setia menjadi pelanggan Traveloka. Yuk Kak pantengin terus Traveloka Lifestyle Super App karna kami selalu berikan promo-promo yg menarik loooh, jangan sampai ketinggalan ya :)",2023-04-02 08:30:11,3.75.0
Haripan Nainggolan,"Ok,sip. Dari dulu kalo pergi2 emang sllu kebantu banget pake Traveloka.",5,3.67.0,2023-04-02 08:11:42,"Hi Kak, senang banget nih dapat rating bagus dari Kakak, terima kasih juga atas feedbacknya! Kenyamanan Kakak adalah prioritas Kami, jika ada pertanyaan lainnya jangan sungkan ya untuk infokan pada kami di https://www.traveloka.com/contactus . Jangan sampai ketinggalan penawaran menarik lainnya di Traveloka Lifestye Super Apps.",2023-04-02 08:30:14,3.67.0
Rendi Rendi,mantap,5,3.74.1,2023-04-02 08:08:59,"Terima kasih ya kak untuk penilaian kamu Kak Rendi, jangan lupa selalu pesan menggunakan aplikasi Traveloka untuk menjadi teman liburan kamu dan jangan ragu menghubungi kami melalui alamat email kami di cs@traveloka.com jika mendapati kendala terkait pemesanan kamu ya kak. Terima kasih -AK",2023-04-02 08:31:40,3.74.1
Muhammad Jhery,sangat puas,4,,2023-04-02 08:02:07,"Hi Kak, terima kasih atas feedbacknya, semoga Kakak tetap setia dengan Traveloka. Jika ada pertanyaan lain bisa langsung infokan pada kami di https://www.traveloka.com/contactus ya, Kak. Pantau terus Traveloka Lifestyle Super App untuk penawaran spesial lainnya!",2023-04-02 08:30:21,
Benny A,mantab👍👍,5,3.75.0,2023-04-02 07:21:15,"Halo Kak, terima kasih banyak atas ratingnya, semoga Kakak tetap nyaman dan selau setia menjadi pelanggan Traveloka. Yuk Kak pantengin terus Traveloka Lifestyle Super App karna kami selalu berikan promo-promo yg menarik loooh, jangan sampai ketinggalan ya :)",2023-04-02 07:30:11,3.75.0
Muhammad Thamrin,praktis,5,3.75.0,2023-04-02 06:47:06,"Halo Kak, terima kasih banyak atas ratingnya, semoga Kakak tetap nyaman dan selau setia menjadi pelanggan Traveloka. Yuk Kak pantengin terus Traveloka Lifestyle Super App karna kami selalu berikan promo-promo yg menarik loooh, jangan sampai ketinggalan ya :)",2023-04-02 07:00:16,3.75.0
jaura cel,Kaga jelas buat apa ada paylater klw GX bisa di pake mah percuma kaga jelas,1,3.75.0,2023-04-02 05:34:28,"Hai, Jaura. Kami meminta maaf atas kendala yang kamu alami. Kamu dapat menghubungi kami melalui https://www.traveloka.com/id-id/contactus agar masalahmu bisa diselesaikan secepat mungkin. Kami akan berikan solusi terbaik agar kamu dapat merasa puas dan layanan kami layak mendapatkan rating yang lebih baik. Terima kasih. -OE",2023-04-02 06:02:54,3.75.0
Muhammad Ilham Dermawan,APLIKASI SANGAT BAGUS UNTUK PELAYANAN NYA NGGAK LELET ATAU LAMA KAYAK DI APLIKASI SEBELAH,5,3.72.0,2023-04-02 05:33:41,"Halo Kak, terima kasih banyak atas ratingnya, semoga Kakak tetap nyaman dan selau setia menjadi pelanggan Traveloka. Yuk Kak pantengin terus Traveloka Lifestyle Super App karna kami selalu berikan promo-promo yg menarik loooh, jangan sampai ketinggalan ya :)",2023-04-02 06:00:19,3.72.0
Mr Dan,bagus,5,3.75.0,2023-04-02 05:33:26,"Hi Kak, senang banget nih dapat rating bagus dari Kakak, terima kasih juga atas feedbacknya! Kenyamanan Kakak adalah prioritas Kami, jika ada pertanyaan lainnya jangan sungkan ya untuk infokan pada kami di https://www.traveloka.com/contactus . Jangan sampai ketinggalan penawaran menarik lainnya di Traveloka Lifestye Super Apps.",2023-04-02 06:00:22,3.75.0
Andre Eka Saputra,sangat bagus,5,3.75.0,2023-04-02 05:07:45,"Halo Kak, terima kasih banyak atas ratingnya, semoga Kakak tetap nyaman dan selau setia menjadi pelanggan Traveloka. Yuk Kak pantengin terus Traveloka Lifestyle Super App karna kami selalu berikan promo-promo yg menarik loooh, jangan sampai ketinggalan ya :)",2023-04-02 05:30:09,3.75.0
Setyo Aji,"Aplikasi ini tidak bagus, saya transfer pembayaran hotel pakai app ini tapi gagal untuk penerbitan voucher. Ketika pengaduan sangat tidak puas karna uang saya masih tertahan. Saya hapus aplikasi nya, hati"" buat sobat semua dengan aplikasi ini",1,,2023-04-02 04:53:21,Halo Setyo. Silakan menghubungi kami kembali melalui https://www.traveloka.com/id-id/contactus untuk pengecekan lebih lanjut. Terima kasih. -SC,2023-04-02 05:05:50,
Ali Machfut,ok,5,3.74.1,2023-04-02 04:51:17,"Hi, thank you very much for the positive review! Please feel free to contact us at https://www.traveloka.com/contactus we're more than happy to assist you and Stay tuned for more exciting offers on Traveloka Lifestyle Super App.",2023-04-02 05:00:13,3.74.1
ratna muhamad,"ok, ga pakai ribett",4,3.75.0,2023-04-02 04:50:41,"Hi Kak, senang banget nih dapat rating bagus dari Kakak, terima kasih juga atas feedbacknya! Kenyamanan Kakak adalah prioritas Kami, jika ada pertanyaan lainnya jangan sungkan ya untuk infokan pada kami di https://www.traveloka.com/contactus . Jangan sampai ketinggalan penawaran menarik lainnya di Traveloka Lifestye Super Apps.",2023-04-02 05:00:17,3.75.0
agungwahyusantoso Santoso,puas,5,3.75.0,2023-04-02 04:49:41,"Hai Agung. Terima kasih banyak atas ratingnya, semoga kamu tetap nyaman dan selalu setia menjadi pelanggan Traveloka. Yuk Kak pantengin terus Traveloka Lifestyle Super App karna kami selalu berikan promo-promo yang menarik. Jangan sampai ketinggalan ya. -KA",2023-04-02 05:02:01,3.75.0
jag⃞Δd Gu̾ϻΣLΛя ____,"respon cepat , makasih pak",5,3.75.0,2023-04-02 03:44:53,"Hi Kak, terima kasih atas feedbacknya, semoga Kakak tetap setia dengan Traveloka. Jika ada pertanyaan lain bisa langsung infokan pada kami di https://www.traveloka.com/contactus ya, Kak. Pantau terus Traveloka Lifestyle Super App untuk penawaran spesial lainnya!",2023-04-02 04:00:41,3.75.0
Appa Sulapa,Mantap,5,,2023-04-02 03:34:07,"Halo, Appa. Terima kasih atas penilaiannya dan telah memilih Traveloka sebagai partner perjalanan kamu. Terima kasih. -SC",2023-04-02 04:02:14,
Kurnia Sandi,Bintang 1 ya.saya gpernah telat bayar tagihan tiba2 saat mndesak dan sngat di butuhkan sekali eh gk busa di pake paylternya,1,3.74.0,2023-04-02 03:16:18,"Hai, Kurnia. Kami meminta maaf atas kendala yang kamu alami. Kamu dapat menghubungi kami melalui https://www.traveloka.com/id-id/contactus agar masalahmu bisa diselesaikan secepat mungkin. Kami akan berikan solusi terbaik agar kamu dapat merasa puas dan layanan kami layak mendapatkan rating yang lebih baik. Terima kasih. -OE",2023-04-02 03:33:48,3.74.0
Asep kristianto kristianto,mantap,5,3.72.0,2023-04-02 02:57:03,"Hai, Asep. Senang sekali mendapat bintang lima dari kamu. Terima kasih atas apresiasinya ya, semoga kamu tetap nyaman dan selalu setia menjadi pelanggan Traveloka. Yuk pantengin terus Traveloka karena kami akan selalu berikan promo-promo menarik loh, jangan sampai ketinggalan ya! -OE",2023-04-02 03:01:21,3.72.0
ahmad jubaidi,Traveloka Paylater dialihkan ke danamas ga bisa bayar langsung karena kelamaan. Ehh udah di lunaskan ke Danamas nya surat pelunasan nya lama banget keluar janji 30 hari keluar. Sistem yang ribet.,1,3.75.0,2023-04-02 02:34:22,Halo Ahmad. Mimin bantu cek laporan sudah ditangani oleh tim kami melalui nomor laporan #31xxx659. Terima kasih. -SC,2023-04-02 03:04:37,3.75.0
Pengguna Google,yups ok,4,3.68.0,2023-04-02 02:11:52,"Halo Kak, terima kasih banyak atas ratingnya, semoga Kakak tetap nyaman dan selau setia menjadi pelanggan Traveloka. Yuk Kak pantengin terus Traveloka Lifestyle Super App karna kami selalu berikan promo-promo yg menarik loooh, jangan sampai ketinggalan ya :)",2023-04-02 02:30:10,3.68.0
Edi Santoso,mantaf,5,3.75.0,2023-04-02 01:49:06,"Hai Edi. Terima kasih atas review yang kamu berikan. Jika butuh bantuan, kamu bisa menghubungi kami melalui https://www.traveloka.com/id-id/contactus :) -MZ",2023-04-02 02:02:07,3.75.0
Aldo Erikson,saya cukup puas karna responya cepat pokok nya recomendasi bngat lah buat traveling,5,3.55.1,2023-04-02 01:20:08,"Hai, Aldo. Terima kasih atas penilaiannya, kami akan terus berkembang untuk kenyamanan pengguna yang lebih baik ke depannya. Terima kasih. -SC",2023-04-02 01:33:52,3.55.1
Qudsia Qudsia,Aplikasi pinjaman ini saya rekomendasikan untuk melakukan sesuatu dengan sembunyi-sembunyi dan yang paling sering,5,3.75.0,2023-04-02 00:55:10,"Halo Kak, terima kasih banyak atas ratingnya, semoga Kakak tetap nyaman dan selau setia menjadi pelanggan Traveloka. Yuk Kak pantengin terus Traveloka Lifestyle Super App karna kami selalu berikan promo-promo yg menarik loooh, jangan sampai ketinggalan ya :)",2023-04-02 01:00:14,3.75.0
SedahMerah,"Bus sudah penuh tapi anda engga menghapus. Masih menawarkan terus.. giliran saya isi data , bus penuh . 2 hari anda menawarkan dengan kondisi bus penumpang yg sdh penuh . Kenapa tidak di remove saja",1,3.75.0,2023-04-02 00:26:00,Halo Kak. Mohon maaf atas kendala yang alami. Silakan menghubungi kami melalui https://www.traveloka.com/id-id/contactus untuk pengecekan lebih lanjut. Terima kasih. -SC,2023-04-02 00:34:53,3.75.0
Yohanis Pongmadeng,sangat memudahkan,5,3.74.1,2023-04-02 00:23:50,"Halo Kak, terima kasih banyak atas ratingnya, semoga Kakak tetap nyaman dan selau setia menjadi pelanggan Traveloka. Yuk Kak pantengin terus Traveloka Lifestyle Super App karna kami selalu berikan promo-promo yg menarik loooh, jangan sampai ketinggalan ya :)",2023-04-02 00:30:14,3.74.1
Wan Ari,ok,5,3.75.0,2023-04-02 00:12:43,"Hi, we are so grateful to get a lot of support from you. Hope you continue to enjoy our offers. If you have any feedback or suggestions, let us know on https://www.traveloka.com/contactus, our customer service would love to serve you in 24 hours. Thank you!",2023-04-02 00:30:17,3.75.0
Eulalia Ninung,menjadikan lebih simpel dan mudah dalam mengatur akomodasi disaat bepergian. 👍🏻👍🏻,5,3.72.0,2023-04-01 23:40:11,"Halo Kak, terima kasih banyak atas ratingnya, semoga Kakak tetap nyaman dan selau setia menjadi pelanggan Traveloka. Yuk Kak pantengin terus Traveloka Lifestyle Super App karna kami selalu berikan promo-promo yg menarik loooh, jangan sampai ketinggalan ya :)",2023-04-02 00:00:45,3.72.0
leo wisnu (inoe'),top,5,3.75.0,2023-04-01 22:29:20,"Hi, thank you very much for the positive review! Please feel free to contact us at https://www.traveloka.com/contactus we're more than happy to assist you and Stay tuned for more exciting offers on Traveloka Lifestyle Super App.",2023-04-01 22:30:09,3.75.0
Valdo,"Babiii ,,licikk",1,,2023-04-01 21:38:46,"Hai, Kak Valdo. Mohon maaf apabila ada hal yang membuat kamu merasa nggak nyaman. Agar kami bisa bantu cek lebih lanjut, silakan menghubungi kami melalui https://www.traveloka.com/id-id/contactus. Terima kasih. -RZ",2023-04-01 22:06:35,
Nasrul Hasan,aman & nyaman,5,3.75.0,2023-04-01 20:19:29,"Halo Kak, terima kasih banyak atas ratingnya, semoga Kakak tetap nyaman dan selau setia menjadi pelanggan Traveloka. Yuk Kak pantengin terus Traveloka Lifestyle Super App karna kami selalu berikan promo-promo yg menarik loooh, jangan sampai ketinggalan ya :)",2023-04-01 20:30:11,3.75.0
Desy Wulandari,Kenapa Traveloka tidak bisa dibuka aplikasinya,4,3.75.0,2023-04-01 19:57:30,"Hai Desy. Mohon maaf atas kendala yang kamu alami. Terkait kendala kamu, mimin sarankan untuk perbarui aplikasi dan coba logou dan login kembali ya Kak. Terima kasih. -KK",2023-04-01 20:06:19,3.75.0
R Halu - R 하루,Tolong jan bikin orang terdampar di negara lain,1,,2023-04-01 17:16:42,"Hai Halu. Mohon maaf sebelumnya atas ketidaknyamanan yang kamu alami. Jika memiliki kendala, mohon infokan kepada kami via pesan di aplikasi Traveloka kamu atau via email di cs@traveloka.com ya. Terima kasih. -FR",2023-04-01 17:31:29,
Djoni Yu,"Sangat mengecewakan.. Mohon untuk promo bank di update, kebanyakan sdh expired dan sebagian blm expired tp tdk bisa digunakan.",3,3.74.0,2023-04-01 17:08:21,"Hai, Kak Djoni. Terima kasih buat kritik dan saran kamu. Untuk kedepannya kami akan terus meningkatkan dalam memberikan pelayanan yang maksimal dan prima. Terkait promo yang berlangsung kamu bisa cek secara berkala di https://www.traveloka.com/id-id/promotion ya. Jangan lupa pantengin trus sosial media kami untuk info promo menarik lainnya. -RZ",2023-04-01 17:34:43,3.74.0
Aga Kurniawan,B. CT by by mm b. NJ Jo i Mo to,1,3.74.1,2023-04-01 15:30:02,"Hai Aga. Mohon maaf sebelumnya, jika memiliki kendala kamu dapat infokan kepada kami detail kendala yang kamu alami melalui pesan pada aplikasi kamu atau melalui email ke cs@traveloka.com agar kami dapat membantu kamu lebih lanjut. Terima kasih. -FR",2023-04-01 16:02:28,3.74.1
Afny Miolo,sangat membantu sebelum bepergian atau saat dijalan menuju kota tujuan.. dan pasti lebih murah traveloka dibandingkan check in langsung.. top markotop,5,3.73.0,2023-04-01 14:54:46,"Halo Kak, terima kasih banyak atas ratingnya, semoga Kakak tetap nyaman dan selau setia menjadi pelanggan Traveloka. Yuk Kak pantengin terus Traveloka Lifestyle Super App karna kami selalu berikan promo-promo yg menarik loooh, jangan sampai ketinggalan ya :)",2023-04-01 15:00:13,3.73.0
TAO-MINX 79,ok,5,3.75.0,2023-04-01 14:38:55,Thank you for leaving a good comment to us. Let us know if you have any suggestion for improvement through https://www.traveloka.com/contactus . Stay around for more interesting offers from Traveloka Lifestyle Super App!,2023-04-01 15:00:19,3.75.0
Raden Mas Said Ali,Wah ternyata datang langsung ke hotel lebih murah cuy!,3,3.74.1,2023-04-01 12:41:13,"Hai, Kak Ali. Terima kasih buat kritik dan saran kamu, untuk kedepannya kami akan terus meningkatkan dalam memberikan pelayanan yang maksimal dan prima. Terkait promo yang berlangsung kamu bisa cek di https://www.traveloka.com/id-id/promotion ya, Jangan lupa pantengin trus sosial media kami untuk info promo menarik lainnya. -NT",2023-04-01 13:02:39,3.74.1
Yosua Parlaungan Lumbantobing,very good,5,3.75.0,2023-04-01 12:33:23,"Hi, thank you very much for the positive review! Please feel free to contact us at https://www.traveloka.com/contactus we're more than happy to assist you and Stay tuned for more exciting offers on Traveloka Lifestyle Super App.",2023-04-01 13:00:16,3.75.0
Donnie Dobet,ok,5,3.74.1,2023-04-01 12:16:44,"Hi, thank you very much for the positive review! Please feel free to contact us at https://www.traveloka.com/contactus we're more than happy to assist you and Stay tuned for more exciting offers on Traveloka Lifestyle Super App.",2023-04-01 12:30:10,3.74.1
Dwicahya Rohwi,pelayanan bagus,5,3.75.0,2023-04-01 12:03:20,"Hi Kak, senang banget nih dapat rating bagus dari Kakak, terima kasih juga atas feedbacknya! Kenyamanan Kakak adalah prioritas Kami, jika ada pertanyaan lainnya jangan sungkan ya untuk infokan pada kami di https://www.traveloka.com/contactus . Jangan sampai ketinggalan penawaran menarik lainnya di Traveloka Lifestye Super Apps.",2023-04-01 12:30:13,3.75.0
Ismuning Tyas,sangat membantu skali punya aplikasi ini...saya pribadi merasakan manfaatnya...trimakasih traveloka,5,3.75.0,2023-04-01 11:48:50,"Halo Kak, terima kasih banyak atas ratingnya, semoga Kakak tetap nyaman dan selau setia menjadi pelanggan Traveloka. Yuk Kak pantengin terus Traveloka Lifestyle Super App karna kami selalu berikan promo-promo yg menarik loooh, jangan sampai ketinggalan ya :)",2023-04-01 12:00:18,3.75.0
SUHAR SOYO,bagus,5,3.75.0,2023-04-01 09:55:14,"Hi Kak, senang banget nih dapat rating bagus dari Kakak, terima kasih juga atas feedbacknya! Kenyamanan Kakak adalah prioritas Kami, jika ada pertanyaan lainnya jangan sungkan ya untuk infokan pada kami di https://www.traveloka.com/contactus . Jangan sampai ketinggalan penawaran menarik lainnya di Traveloka Lifestye Super Apps.",2023-04-01 10:00:18,3.75.0
Syahril Dmc,memuaskan,5,,2023-04-01 09:45:26,"Hai, Syahril. Terima kasih banyak atas ratingnya, semoga kamu tetap nyaman dan selalu setia menjadi pelanggan Traveloka. Yuk Kak pantengin terus Traveloka Lifestyle Super App karna kami selalu berikan promo-promo yang menarik. Jangan sampai ketinggalan ya. -KA",2023-04-01 10:03:52,
Misno Sarman,oke,5,3.75.0,2023-04-01 07:20:48,Hai Misno. Makasih buat rating yang kamu berikan! Mimin tunggu pesanan kamu selanjutnya di Traveloka :) -RM,2023-04-01 07:31:37,3.75.0
Hazan 45,"Kadang suka aneh sendiri, buat urusan mendesak malah loading sampai 1 jaman tulisannya mohon tunggu laman sedang di proses",2,,2023-04-01 07:18:50,"Hai Hazan, maaf ya sudah membuatmu kecewa. Dipastikan untuk kenyamanan pengguna Traveloka, kami akan perbaiki & tingkatkan performa Traveloka. Kalau kamu memiliki kendala, mohon hubungi kami melalui tautan ini https://www.traveloka.com/id-id/contactus. Terima kasih. -NT",2023-04-01 07:31:48,
andy pribady,good,5,3.74.0,2023-04-01 07:18:07,"Hi, thank you very much for the positive review! Please feel free to contact us at https://www.traveloka.com/contactus we're more than happy to assist you and Stay tuned for more exciting offers on Traveloka Lifestyle Super App.",2023-04-01 07:30:32,3.74.0
herman herman,ok,5,3.74.1,2023-04-01 07:03:56,"Hi, we are so grateful to get a lot of support from you. Hope you continue to enjoy our offers. If you have any feedback or suggestions, let us know on https://www.traveloka.com/contactus, our customer service would love to serve you in 24 hours. Thank you!",2023-04-01 07:30:35,3.74.1
Annisa Utama,Booking dan penerbangan di cancel. Pret. Bikin kacau jadwal saja,1,3.74.0,2023-04-01 06:50:50,"Hai Annisa, maaf ya sudah membuatmu tidak nyaman. Untuk kami bantu lebih lanjut kendala kamu, mohon hubungi kami melalui tautan ini https://www.traveloka.com/id-id/contactus dengan menginformasikan nomor pemesanannya. Terima kasih. -RM",2023-04-01 07:02:19,3.74.0
Rumah jahit carissa Pamulang tangsel,"penangan cepat,harga bersabat",5,3.75.0,2023-04-01 06:26:39,"Terima kasih ya kak untuk penilaian kamu, jangan lupa selalu pesan menggunakan aplikasi Traveloka untuk menjadi teman liburan kamu dan jangan ragu menghubungi kami melalui alamat email kami di cs@traveloka.com jika mendapati kendala terkait pemesanan kamu ya kak. Terima kasih -AK",2023-04-01 06:32:26,3.75.0
Rusyda Rosyida,Ok,5,3.75.0,2023-04-01 05:28:17,"Hi, thank you very much for the positive review! Please feel free to contact us at https://www.traveloka.com/contactus we're more than happy to assist you and Stay tuned for more exciting offers on Traveloka Lifestyle Super App.",2023-04-01 05:30:11,3.75.0
Sairotu nisa,knp aku pesan susah banget sih udah aku penuhi persyartanya tp knp gak bisa2 mohon di perbaikilah,1,3.75.0,2023-04-01 05:00:54,"Hai, Nisa. Kami meminta maaf atas kendala yang kamu alami. Kamu dapat menghubungi kami melalui https://www.traveloka.com/id-id/contactus agar masalahmu bisa diselesaikan secepat mungkin.
Kami akan berikan solusi terbaik agar kamu dapat merasa puas dan layanan kami layak mendapatkan rating yang lebih baik. Terima kasih. -OE",2023-04-01 05:31:51,3.75.0
Sarido Ikang Fauzy,Aplikasi taikkk ini ngk jelas beli tiket pesawat fre rapid giliran jumpain kliniknya ngk bisa...aplikasi penipuan ini...,5,3.74.0,2023-04-01 04:56:08,"Halo, Kak. Mohon maaf atas ketidaknyamanannya, perihal keluhan kamu. Kakak bisa sampaikan via Inbox App Traveloka ya. Terima kasih",2021-02-14 01:37:09,3.74.0
Tya Dewi,"Dr td buka aplikasi, loading Mulu 😔",3,3.75.0,2023-04-01 04:53:15,"Hai Tya. Mohon maaf sekali sebelumnya, Mohon pastikan terlebih dahulu jaringan kamu stabil serta sudah menggunakan aplikasi Traveloka versi terupdate, jika masih terkendala mohon untuk coba relogin akun Traveloka kamu terlebih dahulu ya. Terima kasih. -KA",2023-04-01 05:04:11,3.75.0
Hizardi Kasro,sangat bagus,5,3.75.0,2023-04-01 04:43:27,"Halo Kak, terima kasih banyak atas ratingnya, semoga Kakak tetap nyaman dan selau setia menjadi pelanggan Traveloka. Yuk Kak pantengin terus Traveloka Lifestyle Super App karna kami selalu berikan promo-promo yg menarik loooh, jangan sampai ketinggalan ya :)",2023-04-01 05:00:16,3.75.0
Dedi Koto Chanel,"terima kasih traveloka, telah memudahkan saya memesan tiket pesawat.",4,3.46.0,2023-04-01 04:25:39,"Halo Kak, terima kasih banyak atas ratingnya, semoga Kakak tetap nyaman dan selau setia menjadi pelanggan Traveloka. Yuk Kak pantengin terus Traveloka Lifestyle Super App karna kami selalu berikan promo-promo yg menarik loooh, jangan sampai ketinggalan ya :)",2023-04-01 04:30:09,3.46.0
Suker Bintang,"gampang, murah, cepat dan efisien",5,3.43.1,2023-04-01 04:20:51,"Hi Kak, senang banget nih dapat rating bagus dari Kakak, terima kasih juga atas feedbacknya! Kenyamanan Kakak adalah prioritas Kami, jika ada pertanyaan lainnya jangan sungkan ya untuk infokan pada kami di https://www.traveloka.com/contactus . Jangan sampai ketinggalan penawaran menarik lainnya di Traveloka Lifestye Super Apps.",2023-04-01 04:30:13,3.43.1
Melisya Official,sangat bagus . semoga banyak promo,5,3.75.0,2023-04-01 04:19:50,"Hi Kak, terima kasih atas feedbacknya, semoga Kakak tetap setia dengan Traveloka. Jika ada pertanyaan lain bisa langsung infokan pada kami di https://www.traveloka.com/contactus ya, Kak. Pantau terus Traveloka Lifestyle Super App untuk penawaran spesial lainnya!",2023-04-01 04:30:16,3.75.0
Gallery Q,Mngecewakan refund smpe detik ini tdk ada kejelasan...,1,3.75.0,2023-04-01 04:04:07,"Hai Kak, maaf ya sudah membuatmu tidak nyaman. Untuk dapat kami bantu lebih lanjut kendala kamu, mohon hubungi kami melalui tautan ini https://www.traveloka.com/id-id/contactus dengan menginfokan nomor pemesanannya ya. Terima kasih. -RM",2023-04-01 04:32:18,3.75.0
Tuti Sumiati,sangat baik,5,3.74.1,2023-04-01 03:33:09,"Halo Kak, terima kasih banyak atas ratingnya, semoga Kakak tetap nyaman dan selau setia menjadi pelanggan Traveloka. Yuk Kak pantengin terus Traveloka Lifestyle Super App karna kami selalu berikan promo-promo yg menarik loooh, jangan sampai ketinggalan ya :)",2023-04-01 04:00:15,3.74.1
wawan Hartono,mudah dan praktis,5,3.74.1,2023-04-01 03:04:39,"Halo Kak, terima kasih banyak atas ratingnya, semoga Kakak tetap nyaman dan selau setia menjadi pelanggan Traveloka. Yuk Kak pantengin terus Traveloka Lifestyle Super App karna kami selalu berikan promo-promo yg menarik loooh, jangan sampai ketinggalan ya :)",2023-04-01 03:30:12,3.74.1
Bambang Heruyanto,mantap,5,3.75.0,2023-04-01 03:02:10,"Halo, Bambang. Terima kasih atas penilaiannya dan telah memilih Traveloka sebagai partner perjalanan kamu. Terima kasih. -SC",2023-04-01 03:30:39,3.75.0
Novita Haryani (Novita Lee),"0awalnya aku sering pake traveloka sangat memuaskan tp knp sekarang kok susah amat bahkan ini 3 hp saya semua ada app traveloka tp error selalu ada tulisan box kuning ""terdapat masalah koneksi, halaman yg mungkin anda lihat mungkin bukan versi terbaru, muat ulang. Pdhl ini dah versi terbaru n selalu update tp knp ini semua fitur pemesanan mulai dr tiket pesawat dll gx bisa dibuka sama sekali, ini bermasalah dr hp saya ato emang dr travelokanya, ya terpaksa saya copot aja ganti yg lain drpd emosi",5,3.45.0,2023-04-01 02:49:41,"Hai Novita. Maaf buat kamu tidak nyaman. Agar dapat kami bantu lebih lanjut kendala kamu, mohon dapat menghubungi kami melalui link https://www.traveloka.com/id-id/contactus. Terima kasih. -RM",2023-04-01 03:02:07,3.45.0
Andi Setiawan,Kenapa update mulu,1,,2023-04-01 02:49:37,"Hai, Andi. Maaf ya sudah membuatmu tidak nyaman. Dipastikan untuk kenyamanan pengguna Traveloka, kami akan terus perbaiki dan tingkatkan performa Traveloka Kak. Kalau kamu memiliki kendala atau pertanyaan, silakan hubungi kami melalui tautan ini https://www.traveloka.com/id-id/contactus. Terima kasih. -WR",2023-04-01 03:02:05,
Henry FAMILY,baik,5,3.75.0,2023-04-01 02:44:58,"Halo Kak, terima kasih banyak atas ratingnya, semoga Kakak tetap nyaman dan selau setia menjadi pelanggan Traveloka. Yuk Kak pantengin terus Traveloka Lifestyle Super App karna kami selalu berikan promo-promo yg menarik loooh, jangan sampai ketinggalan ya :)",2023-04-01 03:00:13,3.75.0
Arif Martoyo,goood,5,3.75.0,2023-04-01 02:12:49,"Halo, Arif. Terima kasih atas penilaiannya dan telah memilih Traveloka sebagai partner perjalanan kamu. Terima kasih. -SC",2023-04-01 02:33:02,3.75.0
Yoga Alfarizi,sangat membantu,5,3.75.0,2023-04-01 02:01:19,"Halo Kak, terima kasih banyak atas ratingnya, semoga Kakak tetap nyaman dan selau setia menjadi pelanggan Traveloka. Yuk Kak pantengin terus Traveloka Lifestyle Super App karna kami selalu berikan promo-promo yg menarik loooh, jangan sampai ketinggalan ya :)",2023-04-01 02:30:19,3.75.0
Civar Hendri,mantap,5,3.75.0,2023-04-01 01:45:49,"Hai, Hendri. Terima kasih atas penilaiannya, kami akan terus berkembang untuk kenyamanan pengguna yang lebih baik ke depannya. Terima kasih. -SC",2023-04-01 02:01:47,3.75.0
Karudin Udin,ok ok,5,3.75.0,2023-04-01 00:57:19,"Hi, thank you very much for the positive review! Please feel free to contact us at https://www.traveloka.com/contactus we're more than happy to assist you and Stay tuned for more exciting offers on Traveloka Lifestyle Super App.",2023-04-01 01:00:13,3.75.0
Fahrul Aisyah,puas,5,3.64.0,2023-04-01 00:13:33,"Halo, Fahrul. Terima kasih atas penilaiannya dan telah memilih Traveloka sebagai partner perjalanan kamu. Terima kasih. -SC",2023-04-01 00:31:16,3.64.0
Husin Asani DK,Pelayanan Cepat,5,3.75.0,2023-03-31 22:45:44,"Halo Kak, terima kasih banyak atas ratingnya, semoga Kakak tetap nyaman dan selau setia menjadi pelanggan Traveloka. Yuk Kak pantengin terus Traveloka Lifestyle Super App karna kami selalu berikan promo-promo yg menarik loooh, jangan sampai ketinggalan ya :)",2023-03-31 23:00:14,3.75.0
RR Amellia,okee,5,3.75.0,2023-03-31 22:04:52,"Hai, Amellia. Terima kasih atas penilaian dan feedback dari kamu, kami akan terus meningkatkan kepuasan para pengguna. Jika ada pertanyaan lainnya jangan sungkan ya untuk infokan pada kami di https://www.traveloka.com/contactus. Jangan sampai ketinggalan juga penawaran menarik lainnya di Traveloka Lifestye Super Apps. Terima kasih. -KK",2023-03-31 22:32:06,3.75.0
Eko Wiyono,👍👍👍,5,3.75.0,2023-03-31 21:58:06,"Hai, Eko. Terima kasih atas penilaian dan feedback dari kamu, kami akan terus meningkatkan kepuasan para pengguna. Jika ada pertanyaan lainnya jangan sungkan ya untuk infokan pada kami di https://www.traveloka.com/contactus. Jangan sampai ketinggalan juga penawaran menarik lainnya di Traveloka Lifestye Super Apps. Terima kasih. -KK",2023-03-31 22:02:01,3.75.0
Musyaffa Al-Farras,"Saya bingung dengan sistem penilaian paylaternya, kenapa kok malah terlalu sering pakai paylater malah dibilang ""perilaku kredit kurang baik""? Seharusnya ya gamasalah ya kalau sering menggunakan paylaternya, yg harus dipermasalahkan harusnya apabila telat pembayaran, sedangkan saya pembayaran lancar terus.",2,3.74.1,2023-03-31 21:51:04,"Hai Musyaffa. Kami mohon maaf atas ketidaknyamanannya dalam penggunaan PayLayter, ya. Supaya dapat kami bantu cek lebih lanjut, mohon bantuannya infokan email dan nama lengkap yang terdaftar ke https://www.traveloka.com/id-id/contactus, ya. https://www.instagram.com/travelokapaylater/, terima kasih. -KK",2023-03-31 22:06:12,3.74.1
Emak Jibot,Oke,4,,2023-03-31 17:37:10,"Hai Jibot, makasih sudah menjadi pelanggan setia Traveloka ya :). Terima kasih. -OR",2023-03-31 18:06:13,
Ivan,"Kembalikan fitur aplikasi seperti dulu, ini ko eror terus klo pake wifi, buka web nya juga ga bisa, harus pake data, udh pake data malah ga ada koneksi, fitur pencarian juga ga ada",2,3.75.0,2023-03-31 17:31:25,"Hai, Kak Ivan. Mohon maaf atas kendala yang kamu alami. Mimin sarankan untuk pastikan jaringan kamu dalam kondisi stabil. Kemudian pastikan juga untuk hapus cache agar tidak memperlambat kinerja dari sistem perangkat yang kamu gunakan. Terima kasih. -RZ",2023-03-31 18:03:52,3.75.0
U Dani,mantap,5,3.74.1,2023-03-31 16:35:58,"Hai, Kak Dani. Terima kasih atas ratingnya Kak. Mimin tunggu pemesanan kamu ya. Semoga sehat selalu. -RZ",2023-03-31 17:02:47,3.74.1
Bro Riders,Aplikasinya jd susah masa mau update no hp gk bisa trus coba log out pas masuk ada pilihan 2 cara no hp apa email pas di klik salah satu akunne beda padahal pas daftr akun pakai email itu sm no itu harusmya pas login pakai email no sama pas daftr akun harusnya sama ko ini beda ya,1,3.75.0,2023-03-31 16:03:52,"Hai Kak. Mohon maaf atas kendala yang kamu alami ya Kak. Supaya bisa mimin bantu cek lebih lanjut kendala kamu, mohon bantu kirimkan foto kendalanya ke https://www.traveloka.com/id-id/contactus, ya Kak. Terima kasih. -KK",2023-03-31 16:33:24,3.75.0
Shafiulla 08,very good..👍👍👍,5,3.74.1,2023-03-31 15:21:10,"Hi, thank you very much for the positive review! Please feel free to contact us at https://www.traveloka.com/contactus we're more than happy to assist you and Stay tuned for more exciting offers on Traveloka Lifestyle Super App.",2023-03-31 15:30:18,3.74.1
Nola Vee,simple dan g pake ribet,5,3.71.0,2023-03-31 15:06:03,"Hi Kak, senang banget nih dapat rating bagus dari Kakak, terima kasih juga atas feedbacknya! Kenyamanan Kakak adalah prioritas Kami, jika ada pertanyaan lainnya jangan sungkan ya untuk infokan pada kami di https://www.traveloka.com/contactus . Jangan sampai ketinggalan penawaran menarik lainnya di Traveloka Lifestye Super Apps.",2023-03-31 15:30:24,3.71.0
Acy Uruk,bagus,5,3.74.1,2023-03-31 14:53:41,"Halo Kak, terima kasih banyak atas ratingnya, semoga Kakak tetap nyaman dan selau setia menjadi pelanggan Traveloka. Yuk Kak pantengin terus Traveloka Lifestyle Super App karna kami selalu berikan promo-promo yg menarik loooh, jangan sampai ketinggalan ya :)",2023-03-31 15:00:16,3.74.1
Anakjarangpulang Channel,josss,5,3.72.0,2023-03-31 13:58:15,"Hai, Kak. Senang banget dapat bintang lima dari Kakak, terima kasih atas apresiasinya. Semoga selalu suka ya Kak sama Traveloka :) -RU",2023-03-31 14:02:23,3.72.0
Lukman Hakim,bagus,5,3.75.0,2023-03-31 13:52:55,"Halo Kak, terima kasih banyak atas ratingnya, semoga Kakak tetap nyaman dan selau setia menjadi pelanggan Traveloka. Yuk Kak pantengin terus Traveloka Lifestyle Super App karna kami selalu berikan promo-promo yg menarik loooh, jangan sampai ketinggalan ya :)",2023-03-31 14:00:10,3.75.0
Turkhamun Turkhamun,Pelayanan cepat,5,3.74.1,2023-03-31 13:35:10,"Hi Kak, senang banget nih dapat rating bagus dari Kakak, terima kasih juga atas feedbacknya! Kenyamanan Kakak adalah prioritas Kami, jika ada pertanyaan lainnya jangan sungkan ya untuk infokan pada kami di https://www.traveloka.com/contactus . Jangan sampai ketinggalan penawaran menarik lainnya di Traveloka Lifestye Super Apps.",2023-03-31 14:00:12,3.74.1
Rhafly Akbar,Sangat bagus,5,3.74.1,2023-03-31 12:54:13,"Halo Kak, terima kasih banyak atas ratingnya, semoga Kakak tetap nyaman dan selau setia menjadi pelanggan Traveloka. Yuk Kak pantengin terus Traveloka Lifestyle Super App karna kami selalu berikan promo-promo yg menarik loooh, jangan sampai ketinggalan ya :)",2023-03-31 13:00:15,3.74.1
M Nur,Ghamidin.montasik.tebanfu.mesjid.,5,,2023-03-31 12:24:30,"Hi Kak, senang banget nih dapat rating bagus dari Kakak, terima kasih juga atas feedbacknya! Kenyamanan Kakak adalah prioritas Kami, jika ada pertanyaan lainnya jangan sungkan ya untuk infokan pada kami di https://www.traveloka.com/contactus . Jangan sampai ketinggalan penawaran menarik lainnya di Traveloka Lifestye Super Apps.",2023-03-31 12:30:12,
joddy bintang,ok good,5,3.75.0,2023-03-31 12:19:23,Thank you for leaving a good comment to us. Let us know if you have any suggestion for improvement through https://www.traveloka.com/contactus . Stay around for more interesting offers from Traveloka Lifestyle Super App!,2023-03-31 12:30:15,3.75.0
Faza Yaqin,baik,5,3.75.0,2023-03-31 11:45:44,"Halo Kak, terima kasih banyak atas ratingnya, semoga Kakak tetap nyaman dan selau setia menjadi pelanggan Traveloka. Yuk Kak pantengin terus Traveloka Lifestyle Super App karna kami selalu berikan promo-promo yg menarik loooh, jangan sampai ketinggalan ya :)",2023-03-31 12:00:13,3.75.0
Tegarてがる,puas bgt,5,3.70.1,2023-03-31 11:37:52,"Hi Kak, senang banget nih dapat rating bagus dari Kakak, terima kasih juga atas feedbacknya! Kenyamanan Kakak adalah prioritas Kami, jika ada pertanyaan lainnya jangan sungkan ya untuk infokan pada kami di https://www.traveloka.com/contactus . Jangan sampai ketinggalan penawaran menarik lainnya di Traveloka Lifestye Super Apps.",2023-03-31 12:00:17,3.70.1
BARMAN303,mantap,5,3.75.0,2023-03-31 11:34:59,"Hai Barman. Terima kasih banyak atas ratingnya, semoga kamu tetap nyaman dan selalu setia menjadi pelanggan Traveloka. Yuk Kak pantengin terus Traveloka Lifestyle Super App karna kami selalu berikan promo-promo yang menarik. Jangan sampai ketinggalan ya. :) -NT",2023-03-31 12:01:33,3.75.0
Erwin Latun,👍👍👍,5,3.74.0,2023-03-31 10:58:23,Makasih ya Kak Erwin sudah setia bersama Traveloka :)) -DZ,2023-03-31 11:05:04,3.74.0
Servis Celuler,terbaik,5,3.75.0,2023-03-31 10:51:34,"Hai Kak. Terima kasih banyak atas ratingnya, semoga kamu tetap nyaman dan selalu setia menjadi pelanggan Traveloka. Yuk Kak pantengin terus Traveloka Lifestyle Super App karna kami selalu berikan promo-promo yang menarik. Jangan sampai ketinggalan ya. :) -NT",2023-03-31 11:05:03,3.75.0
Diki Sodikin,baik dan efesien,5,3.74.1,2023-03-31 10:32:37,"Halo Kak, terima kasih banyak atas ratingnya, semoga Kakak tetap nyaman dan selau setia menjadi pelanggan Traveloka. Yuk Kak pantengin terus Traveloka Lifestyle Super App karna kami selalu berikan promo-promo yg menarik loooh, jangan sampai ketinggalan ya :)",2023-03-31 11:00:16,3.74.1
Taufik Opik,Sanggar membantu dalem segala perjalanan,5,,2023-03-31 09:54:36,"Halo Kak, terima kasih banyak atas ratingnya, semoga Kakak tetap nyaman dan selau setia menjadi pelanggan Traveloka. Yuk Kak pantengin terus Traveloka Lifestyle Super App karna kami selalu berikan promo-promo yg menarik loooh, jangan sampai ketinggalan ya :)",2023-03-31 10:00:10,
Suhaimi M,rifund susah.potongan bnyk,5,3.75.0,2023-03-31 09:37:49,"Hai, Suhaimi. Mohon maaf atas ketidaknyamanannya. Apabila kamu mengalami kendala refund. Silakan menghubungi kami melalui email di cs@traveloka.com. Nantinya kami akan lakukan pengecekan lebih lanjut. Terima kasih. -IN",2023-03-31 10:03:44,3.75.0
Alfi Syahri Ramadhana,responnya cepat,5,3.73.0,2023-03-31 09:22:17,"Halo Kak, terima kasih banyak atas ratingnya, semoga Kakak tetap nyaman dan selau setia menjadi pelanggan Traveloka. Yuk Kak pantengin terus Traveloka Lifestyle Super App karna kami selalu berikan promo-promo yg menarik loooh, jangan sampai ketinggalan ya :)",2023-03-31 09:30:15,3.73.0
Asu Macan,sangat membantu,5,3.75.0,2023-03-31 08:55:16,"Halo Kak, terima kasih banyak atas ratingnya, semoga Kakak tetap nyaman dan selau setia menjadi pelanggan Traveloka. Yuk Kak pantengin terus Traveloka Lifestyle Super App karna kami selalu berikan promo-promo yg menarik loooh, jangan sampai ketinggalan ya :)",2023-03-31 09:00:18,3.75.0
Syamsir Gassing,sangat membantu,5,3.61.0,2023-03-31 07:41:02,"Halo Kak, terima kasih banyak atas ratingnya, semoga Kakak tetap nyaman dan selau setia menjadi pelanggan Traveloka. Yuk Kak pantengin terus Traveloka Lifestyle Super App karna kami selalu berikan promo-promo yg menarik loooh, jangan sampai ketinggalan ya :)",2023-03-31 08:00:11,3.61.0
H2D purwanti,sangat membantu,5,3.75.0,2023-03-31 07:04:03,"Halo Kak, terima kasih banyak atas ratingnya, semoga Kakak tetap nyaman dan selau setia menjadi pelanggan Traveloka. Yuk Kak pantengin terus Traveloka Lifestyle Super App karna kami selalu berikan promo-promo yg menarik loooh, jangan sampai ketinggalan ya :)",2023-03-31 07:30:10,3.75.0
Yandi Irawan,cepat dan mudah,5,3.72.0,2023-03-31 07:01:15,"Hi Kak, senang banget nih dapat rating bagus dari Kakak, terima kasih juga atas feedbacknya! Kenyamanan Kakak adalah prioritas Kami, jika ada pertanyaan lainnya jangan sungkan ya untuk infokan pada kami di https://www.traveloka.com/contactus . Jangan sampai ketinggalan penawaran menarik lainnya di Traveloka Lifestye Super Apps.",2023-03-31 07:30:14,3.72.0
Ardi Gusti,good ...pertahankan dan tingkatkan kepuasan pelanggan,5,3.74.1,2023-03-31 06:31:57,"Halo Kak, terima kasih banyak atas ratingnya, semoga Kakak tetap nyaman dan selau setia menjadi pelanggan Traveloka. Yuk Kak pantengin terus Traveloka Lifestyle Super App karna kami selalu berikan promo-promo yg menarik loooh, jangan sampai ketinggalan ya :)",2023-03-31 07:00:17,3.74.1
Mart Intan Uli,sangat membantu dan memudahkan saya dalam mencari tiket perjalan kapan pun diperlukan... Thanks Traveloka,5,3.75.0,2023-03-31 06:31:27,"Hi Kak, senang banget nih dapat rating bagus dari Kakak, terima kasih juga atas feedbacknya! Kenyamanan Kakak adalah prioritas Kami, jika ada pertanyaan lainnya jangan sungkan ya untuk infokan pada kami di https://www.traveloka.com/contactus . Jangan sampai ketinggalan penawaran menarik lainnya di Traveloka Lifestye Super Apps.",2023-03-31 07:00:21,3.75.0
Wahyudin 22,nice,5,3.74.1,2023-03-31 06:16:16,"Hi, thank you very much for the positive review! Please feel free to contact us at https://www.traveloka.com/contactus we're more than happy to assist you and Stay tuned for more exciting offers on Traveloka Lifestyle Super App.",2023-03-31 06:30:18,3.74.1
Prastya Idi Hastuti,alhamdulillah cpt proses pesen tiketnya. akhirnya bs mudik,5,3.72.0,2023-03-31 05:56:47,"Halo Kak, terima kasih banyak atas ratingnya, semoga Kakak tetap nyaman dan selau setia menjadi pelanggan Traveloka. Yuk Kak pantengin terus Traveloka Lifestyle Super App karna kami selalu berikan promo-promo yg menarik loooh, jangan sampai ketinggalan ya :)",2023-03-31 06:00:15,3.72.0
Erikson Manurung,ok,5,3.75.0,2023-03-31 05:49:02,"Hi, we are so grateful to get a lot of support from you. Hope you continue to enjoy our offers. If you have any feedback or suggestions, let us know on https://www.traveloka.com/contactus, our customer service would love to serve you in 24 hours. Thank you!",2023-03-31 06:00:17,3.75.0
Dandi Saputraaa,Kenapa sih ini aplikasi kok halaman harus di restart terus padahal udah di hapus dan di download lagi. Tapi tetep gitu gitu aja,3,,2023-03-31 05:46:08,"Hai, Dandi. Mohon maaf atas ketidaknyamanannya. Apabila kamu mengalami kendala pada aplikasi Traveloka dan sudah melakukan download ulang kembali tetapi masih juga terkendala. Kami sarankan kamu untuk mencoba melakukan pembersihan cache pada device yang kamu gunakan dan dicek jaringan yang digunakan. Terima kasih. -IN",2023-03-31 06:03:11,
z,"Saya mau masuk dan login akun bolak balik disuru verifikasi . Sdh coba pakai sms,wa dan email.. tp tdk bs login. Berkali2 mengulang seperti itu.",1,,2023-03-31 05:28:48,"Hai, Kak. Kami meminta maaf atas kendala yang kamu alami. Kamu dapat menghubungi kami melalui https://www.traveloka.com/id-id/contactus agar masalahmu bisa diselesaikan secepat mungkin. Kami akan berikan solusi terbaik agar kamu dapat merasa puas dan layanan kami layak mendapatkan rating yang lebih baik. Terima kasih. -OE",2023-03-31 05:32:15,
Yusmin 751,sangat baik,5,3.74.1,2023-03-31 05:02:47,"Halo Kak, terima kasih banyak atas ratingnya, semoga Kakak tetap nyaman dan selau setia menjadi pelanggan Traveloka. Yuk Kak pantengin terus Traveloka Lifestyle Super App karna kami selalu berikan promo-promo yg menarik loooh, jangan sampai ketinggalan ya :)",2023-03-31 05:30:11,3.74.1
Yoga Prattama,Gampang banget transaksinya. Makasih Traveloka,5,3.75.0,2023-03-31 03:59:55,"Halo Kak, terima kasih banyak atas ratingnya, semoga Kakak tetap nyaman dan selau setia menjadi pelanggan Traveloka. Yuk Kak pantengin terus Traveloka Lifestyle Super App karna kami selalu berikan promo-promo yg menarik loooh, jangan sampai ketinggalan ya :)",2023-03-31 04:30:10,3.75.0
Agus Jai,ok,5,3.28.0,2023-03-31 03:12:25,"Hi, thank you very much for the positive review! Please feel free to contact us at https://www.traveloka.com/contactus we're more than happy to assist you and Stay tuned for more exciting offers on Traveloka Lifestyle Super App.",2023-03-31 03:30:10,3.28.0
Yudha Gautama,pemberlakuan kupon gak masuk akal..,2,3.75.0,2023-03-31 02:59:44,"Hai, Kak Yudha. Mohon maaf atas ketidaknyamanan yang kamu alami. Untuk membantu kami memahami kendala kamu, mohon bantuannya untuk menyampaikan detail kendala kamu melalui https://www.traveloka.com/id-id/contactus ya. Terima kasih. -PA",2023-03-31 03:01:42,3.75.0
Rio_ Irawan,"Aga kecewa sih sma traveloka.., Limit lngsung turun gara²sya pakai semua limit🤦 Buat apa ksih btas limit klo gtu..",3,3.47.0,2023-03-31 02:54:45,"Halo Kak, terima kasih banyak atas ratingnya, semoga Kakak tetap nyaman dan selau setia menjadi pelanggan Traveloka. Yuk Kak pantengin terus Traveloka Lifestyle Super App karna kami selalu berikan promo-promo yg menarik loooh, jangan sampai ketinggalan ya :)",2022-02-16 17:30:08,3.47.0
David Bellamy,bagus,5,3.75.0,2023-03-31 02:01:37,"Hi Kak, senang banget nih dapat rating bagus dari Kakak, terima kasih juga atas feedbacknya! Kenyamanan Kakak adalah prioritas Kami, jika ada pertanyaan lainnya jangan sungkan ya untuk infokan pada kami di https://www.traveloka.com/contactus . Jangan sampai ketinggalan penawaran menarik lainnya di Traveloka Lifestye Super Apps.",2023-03-31 02:30:16,3.75.0
Josua P Ujung,Maaf sebelumnya Kenapa point saya hilang dari sekitar 5000-6000 point hilang begitu saja Sedangkan dari bulan 12 yang lalu masih ada sisa pointnya Terima kasih,3,3.75.0,2023-03-31 01:23:40,"Hai, Josua. Mohon maaf atas ketidaknyamanannya. Kalau kamu memiliki kendala terkait point Traveloka, mohon hubungi kami melalui tautan ini https://www.traveloka.com/id-id/contactus untuk dibantu cek lebih lanjut ya. Terima kasih 🙏 -WR",2023-03-31 01:31:29,3.75.0
Melsa Agusri,"Mau login pake email,ga dikirim² kodenya malah ga bisa dibuka lg dan harus nunggu 58 menit.. coba pakai sms malah jg ga dikirim.. apa mincenya lg tidur jd ga dikirim😔",1,3.74.1,2023-03-30 23:48:47,"Hai Melsa. Mohon maaf atas kendala yang kamu alami ya Kak. Jika Kakak terkendala saat login, mohon bantu kirimkan foto kendala dan email/no handphone akun kamu di https://www.traveloka.com/id-id/contactus, untuk dicek ya. Terima kasih. -KK",2023-03-31 00:02:20,3.74.1
Erick Toms,bagus,2,,2023-03-30 23:14:32,"Hai, Erick. Terima kasih atas feedbacknya. Semoga kamu tetap nyaman dan selalu setia menjadi pelanggan Traveloka. Yuk pantengin terus Traveloka Lifestyle Super App, karena kami selalu berikan promo-promo yang menarik. Jangan sampai ketinggalan ya :) -WR",2023-03-30 23:33:46,
fathoni,ok,5,3.74.1,2023-03-30 22:41:06,"Hi, thank you very much for the positive review! Please feel free to contact us at https://www.traveloka.com/contactus we're more than happy to assist you and Stay tuned for more exciting offers on Traveloka Lifestyle Super App.",2023-03-30 23:00:11,3.74.1
joko wicaksono,sangat membantu,5,3.75.0,2023-03-30 22:37:05,"Hi Kak, terima kasih atas feedbacknya, semoga Kakak tetap setia dengan Traveloka. Jika ada pertanyaan lain bisa langsung infokan pada kami di https://www.traveloka.com/contactus ya, Kak. Pantau terus Traveloka Lifestyle Super App untuk penawaran spesial lainnya!",2023-03-30 23:00:18,3.75.0
Doni Mardiansyah,banyak promonya,5,3.74.1,2023-03-30 22:03:18,"Halo Kak, terima kasih banyak atas ratingnya, semoga Kakak tetap nyaman dan selau setia menjadi pelanggan Traveloka. Yuk Kak pantengin terus Traveloka Lifestyle Super App karna kami selalu berikan promo-promo yg menarik loooh, jangan sampai ketinggalan ya :)",2023-03-30 22:30:09,3.74.1
cahaya fajar,sangat membantu,5,3.74.1,2023-03-30 21:06:43,"Halo Kak, terima kasih banyak atas ratingnya, semoga Kakak tetap nyaman dan selau setia menjadi pelanggan Traveloka. Yuk Kak pantengin terus Traveloka Lifestyle Super App karna kami selalu berikan promo-promo yg menarik loooh, jangan sampai ketinggalan ya :)",2023-03-30 21:30:11,3.74.1
Arwidin Gadee,sangat memuasakan,5,3.72.0,2023-03-30 19:53:06,"Halo Kak, terima kasih banyak atas ratingnya, semoga Kakak tetap nyaman dan selau setia menjadi pelanggan Traveloka. Yuk Kak pantengin terus Traveloka Lifestyle Super App karna kami selalu berikan promo-promo yg menarik loooh, jangan sampai ketinggalan ya :)",2023-03-30 20:00:27,3.72.0
Dinny Arianti,"aku sangat kecewaa sekali pake Traveloka , aku jauh jauh dari Jakarta ke Bandung . dan mau nginepan di penginapan aku pake aplikasi Traveloka , dan aku pesan hotelnya ditanggal yang hari itu aku mau pesan .. pas aku ke hotelnya,repsesonisnya bilang tanggal buat bsk ,dan aku bilang aku pesan tanggal skrg dia bilang kadang bisa berubah ,kan aneh ??? dan aku minta retur kepihak hotel bilang harus lewat aplikasi dan aku udh chat cs Traveloka tapi gak ada jawaban apa apa dan uang 400ribu anguss ..!!",1,3.75.0,2023-03-30 16:50:48,"Halo Dinny, mohon maaf terkait hal ini ya. Mohon infokan nomor pesanan kamu melalui tautan ini https://www.traveloka.com/id-id/contactus untuk pengecekan lebih lanjut ya. Terima kasih. -OR",2023-03-30 17:02:50,3.75.0
Mega Seppriyanni2288,"Saya sudah mengajukan proses refund dana dari tiket yang sudah saya booking tapi sampai sekarang belom ada proses atau konfirmasi lanjut dari pihak terkait. Saya sudah lama refund sampai sekarang belom ada, gimana ini cara kerjanya traveloka uang saya udah banyak saya keluarkan. Saya mau uang saya kembali.",1,3.75.0,2023-03-30 16:43:35,"Hai, Kak Mega. Mohon maaf atas ketidaknyamanannya. Agar kami bisa bantu cek lebih lanjut, silakan menghubungi kami melalui https://www.traveloka.com/id-id/contactus. Terima kasih 🙏 -RZ",2023-03-30 17:02:50,3.75.0
Muhamad Kiswanto,sangat membantu. sudah pakai sejak 2015. semoga semakin sukses,5,3.75.0,2023-03-30 16:31:39,"Halo Kak, terima kasih banyak atas ratingnya, semoga Kakak tetap nyaman dan selau setia menjadi pelanggan Traveloka. Yuk Kak pantengin terus Traveloka Lifestyle Super App karna kami selalu berikan promo-promo yg menarik loooh, jangan sampai ketinggalan ya :)",2023-03-30 17:00:21,3.75.0
Mei Lestiawan,good,5,3.75.0,2023-03-30 16:31:24,"Hi, we are so grateful to get a lot of support from you. Hope you continue to enjoy our offers. If you have any feedback or suggestions, let us know on https://www.traveloka.com/contactus, our customer service would love to serve you in 24 hours. Thank you!",2023-03-30 17:00:23,3.75.0
Albert Marten,good,5,3.74.1,2023-03-30 15:31:27,"Hi, thank you very much for the positive review! Please feel free to contact us at https://www.traveloka.com/contactus we're more than happy to assist you and Stay tuned for more exciting offers on Traveloka Lifestyle Super App.",2023-03-30 16:00:12,3.74.1
Rudy Cristy,baik,5,3.74.1,2023-03-30 15:29:42,"Halo Kak, terima kasih banyak atas ratingnya, semoga Kakak tetap nyaman dan selau setia menjadi pelanggan Traveloka. Yuk Kak pantengin terus Traveloka Lifestyle Super App karna kami selalu berikan promo-promo yg menarik loooh, jangan sampai ketinggalan ya :)",2023-03-30 15:30:15,3.74.1
Arifin Aja,Mencoba mencari rejeki,5,3.75.0,2023-03-30 15:08:55,"Hi Kak, senang banget nih dapat rating bagus dari Kakak, terima kasih juga atas feedbacknya! Kenyamanan Kakak adalah prioritas Kami, jika ada pertanyaan lainnya jangan sungkan ya untuk infokan pada kami di https://www.traveloka.com/contactus . Jangan sampai ketinggalan penawaran menarik lainnya di Traveloka Lifestye Super Apps.",2023-03-30 15:30:17,3.75.0
Ardian Gilbert,"Pergantian jadwal penerbangan nggak ada informasi baik itu melalui emai atau pun no telepon, itu jelas-jelas di profil padahal ada email dan no telepon saya 2 lagi.",1,,2023-03-30 15:02:02,"Hai Ardian. Mohon maaf atas kendala yang kamu alami ya Kak. Supaya bisa mimin bantu cek lebih lanjut, mohon bantu infokan nomor pesanan kamu di https://www.traveloka.com/id-id/contactus, ya Kak. Terima kasih. -KK",2023-03-30 15:32:30,
Alesha Saputra,aplikasi yg mudah,4,3.75.0,2023-03-30 14:52:55,"Halo Kak, terima kasih banyak atas ratingnya, semoga Kakak tetap nyaman dan selau setia menjadi pelanggan Traveloka. Yuk Kak pantengin terus Traveloka Lifestyle Super App karna kami selalu berikan promo-promo yg menarik loooh, jangan sampai ketinggalan ya :)",2023-03-30 15:00:19,3.75.0
Dandy Sya'ban Suhaimi,Terbaik !!!,5,3.75.0,2023-03-30 14:27:19,"Hai Dandy, terima kasih atas feedbacknya, semoga kamu tetap setia dengan Traveloka. Jika ada pertanyaan bisa langsung infokan pada kami di https://www.traveloka.com/contactus ya Kak. Pantau terus Traveloka Lifestyle Super App untuk penawaran spesial lainnya! -AH",2023-03-30 14:35:05,3.75.0
Dedi saputra,mantap,5,3.74.0,2023-03-30 14:22:28,"Hai Dedi, terima kasih atas feedbacknya, semoga kamu tetap setia dengan Traveloka. Jika ada pertanyaan bisa langsung infokan pada kami di https://www.traveloka.com/contactus ya Kak. Pantau terus Traveloka Lifestyle Super App untuk penawaran spesial lainnya! -AH",2023-03-30 14:34:52,3.74.0
Aisyah ku,"Sangat membantu kami dalam pembelian tiket pesawat, kereta api dan hotel, Terimakasih Traveloka",5,3.71.1,2023-03-30 12:26:19,"Halo Kak, terima kasih banyak atas ratingnya, semoga Kakak tetap nyaman dan selau setia menjadi pelanggan Traveloka. Yuk Kak pantengin terus Traveloka Lifestyle Super App karna kami selalu berikan promo-promo yg menarik loooh, jangan sampai ketinggalan ya :)",2023-03-30 12:30:09,3.71.1
Kamila Afifah,mantap,5,3.75.0,2023-03-30 12:20:31,"Halo, Kamila. Senangnya dapat bintang lima dari kamu. Terima kasih untuk apresiasinya ya, semoga kamu tetap nyaman dan selalu setia menjadi pelanggan Traveloka. Jangan lupa pantengin terus Traveloka, karena akan selalu ada promo yang menarik. -SM",2023-03-30 12:33:37,3.75.0
P melati,Gk bisa di instal apalagi dibuka.,1,3.7.0,2023-03-30 12:08:48,"Mohon maaf atas ketidaknyamanan yang Anda alami. Silakan Anda coba uninstall aplikasi Traveloka Anda dan install kembali. Jika Anda masih mengalami kendala dengan aplikasi Traveloka Anda, mohon bantuan Anda untuk menginformasikan kendala tersebut melalui email ke android@traveloka.com. Terima kasih.",2019-03-08 08:58:32,3.7.0
Tina Sopian,"sudah sangat lama menggunakn jasa traveloka untuk semua keperluan travelling saya & keluarga, tapi sangat2 mengecewakan karena traveloka baru memberitahukan pembatalan hotel yang sudah saya pesan jauh2 hari sebelumnya hanya sehari sebelum hari h yang mengakibatkan kerugian yang sangat besar pada saya dan keluarga",1,3.75.0,2023-03-30 12:07:42,"Hai Tina, maaf ya sudah membuatmu kecewa. Dipastikan untuk kenyamanan pengguna Traveloka, kami akan perbaiki & tingkatkan performa Traveloka. Kalau kamu memiliki kendala, mohon hubungi kami melalui tautan ini https://www.traveloka.com/id-id/contactus. Terima kasih. -NT",2023-03-30 12:31:30,3.75.0
Asti Manies,puas,5,3.74.1,2023-03-30 11:52:30,"Hai Asti, terima kasih atas feedbacknya, semoga kamu tetap setia dengan Traveloka. Jika ada pertanyaan bisa langsung infokan pada kami di https://www.traveloka.com/contactus ya Kak. Pantau terus Traveloka Lifestyle Super App untuk penawaran spesial lainnya! -AH",2023-03-30 12:08:24,3.74.1
Tanis Missa,Bintang dua dlu kalo ok kita kasih 5 bintang,2,,2023-03-30 11:39:01,"Hai Kak Tanis, kalau ada pertanyaan silakan sampaikan melalui https://www.traveloka.com/id-id/contactus supaya mimin bisa bantu. Terima kasih -DZ",2023-03-30 12:05:02,
CV. SANDI PUTRA UTAMA,Cepat,5,3.75.0,2023-03-30 11:14:27,"Halo Kak, terima kasih banyak atas ratingnya, semoga Kakak tetap nyaman dan selau setia menjadi pelanggan Traveloka. Yuk Kak pantengin terus Traveloka Lifestyle Super App karna kami selalu berikan promo-promo yg menarik loooh, jangan sampai ketinggalan ya :)",2023-03-30 11:30:09,3.75.0
Alex Sodikin,good luck,5,3.74.1,2023-03-30 10:44:08,"Hi, thank you very much for the positive review! Please feel free to contact us at https://www.traveloka.com/contactus we're more than happy to assist you and Stay tuned for more exciting offers on Traveloka Lifestyle Super App.",2023-03-30 11:00:14,3.74.1
Yuli Yuli,Sangat sangat sangat mengecewakan dan membuat orang susah,1,3.74.1,2023-03-30 10:29:11,"Hai Kak Yuli, maaf banget ketidaknyamanan kalau kamu ada kendala Kak. Silakan sampaikan pertanyaan kamu pada https://www.traveloka.com/id-id/contactus supaya mimin bisa bantu kamu. Terima kasih -DZ",2023-03-30 10:31:28,3.74.1
Irwan 48,"Ini traveloka lagi eror kak aplikasi. Ini saya serting alamat by manual salah, terus sesuai gps juga salah. Hadew. Auto unistal aplikasinya",2,3.75.0,2023-03-30 09:57:12,"Hai Kak Irwan, maaf banget ketidaknyamanan pada email yang kamu cantumkan saat memesan. Kalau masih terkendala silakan konfirmasikan melalui https://www.traveloka.com/id-id/contactus supaya mimin bisa bantu cek. Terima kasih -DZ",2023-03-30 10:03:24,3.75.0
Prabu Siliwangi Nur Djati,mantaaaaapppp Bosque.... membantu sangat...,5,3.74.1,2023-03-30 09:48:37,"Hai Kak, terima kasih atas feedbacknya, semoga kamu tetap setia dengan Traveloka. Jika ada pertanyaan bisa langsung infokan pada kami di https://www.traveloka.com/contactus ya Kak. Pantau terus Traveloka Lifestyle Super App untuk penawaran spesial lainnya! -AH",2023-03-30 10:02:01,3.74.1
Elsa Gaotama,layanan bagus,5,3.75.0,2023-03-30 09:42:53,"Halo Kak, terima kasih banyak atas ratingnya, semoga Kakak tetap nyaman dan selau setia menjadi pelanggan Traveloka. Yuk Kak pantengin terus Traveloka Lifestyle Super App karna kami selalu berikan promo-promo yg menarik loooh, jangan sampai ketinggalan ya :)",2023-03-30 10:00:17,3.75.0
Ima Nuraima,bagus,5,3.74.1,2023-03-30 07:49:46,"Halo Kak, terima kasih banyak atas ratingnya, semoga Kakak tetap nyaman dan selau setia menjadi pelanggan Traveloka. Yuk Kak pantengin terus Traveloka Lifestyle Super App karna kami selalu berikan promo-promo yg menarik loooh, jangan sampai ketinggalan ya :)",2023-03-30 08:00:09,3.74.1
Perangkat Perangkat,Makasih traveloka... Email reminder meminta no rek untuk refund transaksi dari tahun 2020 masih terus terikirim. saya baru ngeh di 03/2023.,5,,2023-03-30 07:45:40,"Hi Kak, senang banget nih dapat rating bagus dari Kakak, terima kasih juga atas feedbacknya! Kenyamanan Kakak adalah prioritas Kami, jika ada pertanyaan lainnya jangan sungkan ya untuk infokan pada kami di https://www.traveloka.com/contactus . Jangan sampai ketinggalan penawaran menarik lainnya di Traveloka Lifestye Super Apps.",2023-03-30 08:00:11,
Gede Surya,sangat berguna bagi para pejuang LDR,5,3.75.0,2023-03-30 06:58:37,"Halo Kak, terima kasih banyak atas ratingnya, semoga Kakak tetap nyaman dan selau setia menjadi pelanggan Traveloka. Yuk Kak pantengin terus Traveloka Lifestyle Super App karna kami selalu berikan promo-promo yg menarik loooh, jangan sampai ketinggalan ya :)",2023-03-30 07:00:15,3.75.0
Sedia Utomo,"Mohon di edit pemberangkatan bis merk Nusantara. Beda 1 jam. Sori..mohon klo setelah ada action, saya upayakan lagi ubah upasan bintang.",5,3.75.0,2023-03-30 06:48:15,"Hai Kak Sedia. Mohon maaf ya kalo ada kendala atau hal lain yang buat kamu tidak nyaman. Untuk kami bantu lebih lanjut, mohon infokan dengan detail kendala kamu melalui pesan di aplikasi Traveloka atau melalui email di cs@traveloka.com ya. Terima kasih. -FR",2023-03-30 06:32:28,3.75.0
Ajat Sudrajat,fast respon,5,3.74.1,2023-03-30 06:11:58,"Hi, thank you very much for the positive review! Please feel free to contact us at https://www.traveloka.com/contactus we're more than happy to assist you and Stay tuned for more exciting offers on Traveloka Lifestyle Super App.",2023-03-30 06:30:11,3.74.1
Ridho Illahi,sangat membantu,5,3.74.1,2023-03-30 06:07:53,"Hi Kak, senang banget nih dapat rating bagus dari Kakak, terima kasih juga atas feedbacknya! Kenyamanan Kakak adalah prioritas Kami, jika ada pertanyaan lainnya jangan sungkan ya untuk infokan pada kami di https://www.traveloka.com/contactus . Jangan sampai ketinggalan penawaran menarik lainnya di Traveloka Lifestye Super Apps.",2023-03-30 06:30:14,3.74.1
Irma Widianingsih,sangat bagus,5,3.75.0,2023-03-30 05:56:55,"Halo Kak, terima kasih banyak atas ratingnya, semoga Kakak tetap nyaman dan selau setia menjadi pelanggan Traveloka. Yuk Kak pantengin terus Traveloka Lifestyle Super App karna kami selalu berikan promo-promo yg menarik loooh, jangan sampai ketinggalan ya :)",2023-03-30 06:00:15,3.75.0
Teguh Wijaya,ok,5,3.74.0,2023-03-30 05:32:16,Thank you for leaving a good comment to us. Let us know if you have any suggestion for improvement through https://www.traveloka.com/contactus . Stay around for more interesting offers from Traveloka Lifestyle Super App!,2023-03-30 06:00:20,3.74.0
wong kae,"Cuma mau nanya min Saya yang gak nemu apa emang sudah hilang ya,untuk menu bioskop di apk traveloka..",4,3.74.1,2023-03-30 05:10:23,"Hi Kak, senang banget nih dapat rating bagus dari Kakak, terima kasih juga atas feedbacknya! Kenyamanan Kakak adalah prioritas Kami, jika ada pertanyaan lainnya jangan sungkan ya untuk infokan pada kami di https://www.traveloka.com/contactus . Jangan sampai ketinggalan penawaran menarik lainnya di Traveloka Lifestye Super Apps.",2022-03-20 05:30:12,3.74.1
Retno Winarko,the best,5,3.44.0,2023-03-30 05:07:54,"Hi, thank you very much for the positive review! Please feel free to contact us at https://www.traveloka.com/contactus we're more than happy to assist you and Stay tuned for more exciting offers on Traveloka Lifestyle Super App.",2023-03-30 05:30:17,3.44.0
Agus Tiwa,bagus,4,3.74.1,2023-03-30 04:19:34,"Halo Kak, terima kasih banyak atas ratingnya, semoga Kakak tetap nyaman dan selau setia menjadi pelanggan Traveloka. Yuk Kak pantengin terus Traveloka Lifestyle Super App karna kami selalu berikan promo-promo yg menarik loooh, jangan sampai ketinggalan ya :)",2023-03-30 04:30:17,3.74.1
Nadia Retno,sangat mengecewakan pemesanan refund 100% tpi tetap muncul tagihan dan tidak ada penyelesaian keterangan refund 100% dihari yang sama tapi malah disuruh bayar bunga 999.000 . sangat tidak masuk akal,1,3.74.1,2023-03-30 04:16:04,"Hai Nadia. Maaf buat kamu tidak nyaman. Untuk dapat kami bantu lebih lanjut kendala kamu, mohon dapat menghubungi kami melalui link https://www.traveloka.com/id-id/contactus. Terima kasih. -RM",2023-03-30 04:32:28,3.74.1
anisa mardhotilla,bagus sekali,5,3.71.1,2023-03-30 03:49:22,"Halo Kak, terima kasih banyak atas ratingnya, semoga Kakak tetap nyaman dan selau setia menjadi pelanggan Traveloka. Yuk Kak pantengin terus Traveloka Lifestyle Super App karna kami selalu berikan promo-promo yg menarik loooh, jangan sampai ketinggalan ya :)",2023-03-30 04:00:21,3.71.1
Nanda Nanda,sangat memuaskan,5,3.74.1,2023-03-30 02:07:41,"Halo Kak, terima kasih banyak atas ratingnya, semoga Kakak tetap nyaman dan selau setia menjadi pelanggan Traveloka. Yuk Kak pantengin terus Traveloka Lifestyle Super App karna kami selalu berikan promo-promo yg menarik loooh, jangan sampai ketinggalan ya :)",2023-03-30 02:30:18,3.74.1
Ahmad Afifi,sangat membantu,5,3.74.0,2023-03-30 00:10:35,"Halo Kak, terima kasih banyak atas ratingnya, semoga Kakak tetap nyaman dan selau setia menjadi pelanggan Traveloka. Yuk Kak pantengin terus Traveloka Lifestyle Super App karna kami selalu berikan promo-promo yg menarik loooh, jangan sampai ketinggalan ya :)",2023-03-30 00:30:09,3.74.0
Tasya 27,sangat baik,5,3.74.1,2023-03-29 23:11:06,"Halo Kak, terima kasih banyak atas ratingnya, semoga Kakak tetap nyaman dan selau setia menjadi pelanggan Traveloka. Yuk Kak pantengin terus Traveloka Lifestyle Super App karna kami selalu berikan promo-promo yg menarik loooh, jangan sampai ketinggalan ya :)",2023-03-29 23:30:10,3.74.1
Mahdevie Kamil,ada perubahan biaya seat dari 48.000 saat booking menjadi 57.000 saat pembayaran apa ada salah dg sistem ?,4,3.74.1,2023-03-29 23:00:12,"Halo Kamil, mohon maaf banget terkait hal ini ya. Pada dasarnya harga di Traveloka bersifat fluktuatif/bisa berubah sewaktu-waktu ya Kak. Namun untuk pengecekan lebih lanjut, boleh infokan kendala kamu melalui tautan ini ya https://www.traveloka.com/id-id/contactus. Terima kasih. -OR",2023-03-29 23:31:54,3.74.1
Timbul Mujiono,proses cepat,4,3.74.1,2023-03-29 22:27:47,"Halo Kak, terima kasih banyak atas ratingnya, semoga Kakak tetap nyaman dan selau setia menjadi pelanggan Traveloka. Yuk Kak pantengin terus Traveloka Lifestyle Super App karna kami selalu berikan promo-promo yg menarik loooh, jangan sampai ketinggalan ya :)",2023-03-29 22:30:12,3.74.1
Simamora Mora,keren,5,3.74.1,2023-03-29 21:41:20,"Halo Kak, terima kasih banyak atas ratingnya, semoga Kakak tetap nyaman dan selau setia menjadi pelanggan Traveloka. Yuk Kak pantengin terus Traveloka Lifestyle Super App karna kami selalu berikan promo-promo yg menarik loooh, jangan sampai ketinggalan ya :)",2023-03-29 22:00:09,3.74.1
Iwan darmoko muhamad roby,Ok,5,3.74.1,2023-03-29 21:40:26,"Hi, we are so grateful to get a lot of support from you. Hope you continue to enjoy our offers. If you have any feedback or suggestions, let us know on https://www.traveloka.com/contactus, our customer service would love to serve you in 24 hours. Thank you!",2023-03-29 22:00:11,3.74.1
Ryan,Sangat Memuaskan,5,3.74.1,2023-03-29 19:37:03,"Halo Kak, terima kasih banyak atas ratingnya, semoga Kakak tetap nyaman dan selau setia menjadi pelanggan Traveloka. Yuk Kak pantengin terus Traveloka Lifestyle Super App karna kami selalu berikan promo-promo yg menarik loooh, jangan sampai ketinggalan ya :)",2023-03-29 20:00:14,3.74.1
Domet Thalib,Sangat mendukung,5,3.74.1,2023-03-29 18:53:29,"Halo Kak, terima kasih banyak atas ratingnya, semoga Kakak tetap nyaman dan selau setia menjadi pelanggan Traveloka. Yuk Kak pantengin terus Traveloka Lifestyle Super App karna kami selalu berikan promo-promo yg menarik loooh, jangan sampai ketinggalan ya :)",2023-03-29 19:00:20,3.74.1
anime update,"Min, knpa klo pas mau pesen tiket psti loading ny lama, gk muncul2, d baikin lah tu koneksi ny, klo mau buru2 pesen tu jd gk nyaman bngt,,",5,3.74.0,2023-03-29 18:26:49,"Terima kasih telah menggunakan Traveloka dan mohon maaf atas ketidaknyamanan yang Anda alami. Untuk membantu kami melakukan investigasi lebih lanjut atas kendala yang Anda alami, mohon bantuan Anda untuk menginformasikan log in ID serta detail perangkat yang Anda gunakan melalui email ke android@traveloka.com.",2018-11-27 08:07:13,3.74.0
Supriyatna Ende,puas,5,3.75.0,2023-03-29 18:00:09,"Halo Supriyatna, makasih sudah menjadi pelanggan setia Traveloka ya :). Terima kasih. -OR",2023-03-29 18:32:41,3.75.0
Rahmawirna Muis,menu checks in online hilang,3,3.74.1,2023-03-29 17:59:11,"Hai Rahmawirna, untuk ketentuan check-in online pada dasarnya mengikuti ketentuan dari pihak maskapai yang kamu gunakan, namun kamu bisa melakukan check-in pada bandara penerbangan kamu ya Kak. Jika mendapati kendala pada pesanan kamu, Kakak bisa informasikan kepada kami melalui email kami di cs@traveloka.com Terima kasih. -AK",2023-03-29 18:02:49,3.74.1
iman fahroji,"Saya sudah level bronze priority tp saat pengajuan paylater card proses lama, sudah hampir satu bulan tp masih proses meninjau👎",1,3.74.1,2023-03-29 15:38:11,"Hai Iman. Mohon maaf atas kendala yang kamu alami, supaya bisa mimin bantu cek lebih lanjut, mohon bantuannya infokan email dan nama lengkap kamu yang terdaftar ke https://www.traveloka.com/id-id/contactus. Kamu juga bisa hubungi mimin ke https://www.instagram.com/travelokapaylater/ ya. Terima kasih. -KK",2023-03-29 16:05:26,3.74.1
Rudi Hutauruk,Very bad experience with customer servicenya dan proses penanganan masalah.,1,,2023-03-29 15:28:43,"Hai, Rudi. Maaf ya sudah membuatmu kecewa. Dipastikan untuk kenyamanan pengguna Traveloka, kami akan perbaiki & tingkatkan performa Traveloka. Anda dapat informasikan kepada kami detail kendala yang Anda alami melalui pesan pada aplikasi Anda atau melalui email ke cs@traveloka.com agar kami dapat membantu Anda lebih lanjut. -NT",2023-03-29 14:31:17,
Renzi Bersama,bagus,5,,2023-03-29 15:05:37,"Halo Kak, terima kasih banyak atas ratingnya, semoga Kakak tetap nyaman dan selau setia menjadi pelanggan Traveloka. Yuk Kak pantengin terus Traveloka Lifestyle Super App karna kami selalu berikan promo-promo yg menarik loooh, jangan sampai ketinggalan ya :)",2023-03-29 15:30:11,
Gersang Tandus,Bad experience,1,,2023-03-29 14:59:31,"We apologize for the inconvenience you have experienced, please inform us about the problems you are experiencing via our email at cs@traveloka.com Thank you. -AK",2023-03-29 15:03:10,
Nur Kholis,oke,5,3.74.1,2023-03-29 14:49:16,"Hai Nur, terima kasih atas feedbacknya, semoga kamu tetap setia dengan Traveloka. Jika ada pertanyaan bisa langsung infokan pada kami di https://www.traveloka.com/contactus ya Kak. Pantau terus Traveloka Lifestyle Super App untuk penawaran spesial lainnya! -AH",2023-03-29 15:02:13,3.74.1
Toni Purwoningsih,Keren,5,3.74.1,2023-03-29 14:44:08,"Halo Kak, terima kasih banyak atas ratingnya, semoga Kakak tetap nyaman dan selau setia menjadi pelanggan Traveloka. Yuk Kak pantengin terus Traveloka Lifestyle Super App karna kami selalu berikan promo-promo yg menarik loooh, jangan sampai ketinggalan ya :)",2023-03-29 15:00:23,3.74.1
R z,Saya buat pertanyaan tp jawabannya malah ga nyambung ya. Bagaimana cara meng update akun kita pada aplikasi traveloka paylaters ?,2,3.74.1,2023-03-29 14:19:03,"Hai Kak Roz, kalau yang kamu maksud update akun/perubahan akun, maka hanya bisa dilakukan pada kontak nomor telepon yang terdaftar saja ya Kak. Terima kasih -DZ",2023-03-29 14:36:24,3.74.1
ferri anggara,baik,4,3.66.0,2023-03-29 13:48:50,"Halo Kak, terima kasih banyak atas ratingnya, semoga Kakak tetap nyaman dan selau setia menjadi pelanggan Traveloka. Yuk Kak pantengin terus Traveloka Lifestyle Super App karna kami selalu berikan promo-promo yg menarik loooh, jangan sampai ketinggalan ya :)",2023-03-29 14:00:16,3.66.0
Ade Chandra Ramadani,terbaik,5,3.75.0,2023-03-29 13:35:52,"Hai, Kak Ade. Senang banget dapat bintang lima dari Kakak, terima kasih atas apresiasinya. Semoga pengalaman Kakka bersama Traveloka selalu menyenangkan :) -RU",2023-03-29 14:02:34,3.75.0
Grand Mukhtar,membantu,5,3.74.1,2023-03-29 13:34:11,"Hai Muchtar. Terima kasih banyak atas ratingnya, semoga kamu tetap nyaman dan selalu setia menjadi pelanggan Traveloka. Yuk Kak pantengin terus Traveloka Lifestyle Super App karna kami selalu berikan promo-promo yang menarik. Jangan sampai ketinggalan ya. :) -NT",2023-03-29 14:02:27,3.74.1
Sidiq Nurqolis,mnatap,5,3.74.1,2023-03-29 12:50:06,"Hai Sidiq, terima kasih atas feedbacknya, semoga kamu tetap setia dengan Traveloka. Jika ada pertanyaan bisa langsung infokan pada kami di https://www.traveloka.com/contactus ya Kak. Pantau terus Traveloka Lifestyle Super App untuk penawaran spesial lainnya! -AH",2023-03-29 13:01:31,3.74.1
Al zahra,🥰🥰🥰,4,3.74.0,2023-03-29 12:30:54,"Hai ka, senang sekali menerima bintang 4 dari kamu, terima kasih juga atas feedbacknya, Kenyamanan Kakak adalah prioritas Kami semoga kedepannya kami bisa dapat bintang 5 dari kamu ya ka :) -DA",2023-03-29 13:01:51,3.74.0
mohamad ali sarjono,layanan good,5,3.74.1,2023-03-29 12:29:42,"Halo Kak, terima kasih banyak atas ratingnya, semoga Kakak tetap nyaman dan selau setia menjadi pelanggan Traveloka. Yuk Kak pantengin terus Traveloka Lifestyle Super App karna kami selalu berikan promo-promo yg menarik loooh, jangan sampai ketinggalan ya :)",2023-03-29 12:30:18,3.74.1
Nur Hakim,bagus,5,3.74.1,2023-03-29 12:19:05,"Hi Kak, senang banget nih dapat rating bagus dari Kakak, terima kasih juga atas feedbacknya! Kenyamanan Kakak adalah prioritas Kami, jika ada pertanyaan lainnya jangan sungkan ya untuk infokan pada kami di https://www.traveloka.com/contactus . Jangan sampai ketinggalan penawaran menarik lainnya di Traveloka Lifestye Super Apps.",2023-03-29 12:30:20,3.74.1
Antonnio Jr,APLIKASI TERBAIK SAAT INI,5,3.74.1,2023-03-29 12:00:11,Makasih ya Kak Antonnio sudah menjadi partner setia pemesanan kamu bersama Traveloka :)) -DZ,2023-03-29 12:33:35,3.74.1
Ketut Simprug,ok,5,3.74.1,2023-03-29 11:52:36,"Hi, thank you very much for the positive review! Please feel free to contact us at https://www.traveloka.com/contactus we're more than happy to assist you and Stay tuned for more exciting offers on Traveloka Lifestyle Super App.",2023-03-29 12:00:09,3.74.1
Tri Yulianti,terimakasih untuk traveloka yg gercep menangani refund saya. pengajuan refund tgl 23 maret dan tgl 29 maret dana sdh masuk ke rekening saya. terimakasih traveloka,5,3.75.0,2023-03-29 11:40:36,"Hi Kak, senang banget nih dapat rating bagus dari Kakak, terima kasih juga atas feedbacknya! Kenyamanan Kakak adalah prioritas Kami, jika ada pertanyaan lainnya jangan sungkan ya untuk infokan pada kami di https://www.traveloka.com/contactus . Jangan sampai ketinggalan penawaran menarik lainnya di Traveloka Lifestye Super Apps.",2023-03-29 12:00:13,3.75.0
Yanto Rizky,sangat puas,5,3.74.0,2023-03-29 11:32:11,"Hi Kak, terima kasih atas feedbacknya, semoga Kakak tetap setia dengan Traveloka. Jika ada pertanyaan lain bisa langsung infokan pada kami di https://www.traveloka.com/contactus ya, Kak. Pantau terus Traveloka Lifestyle Super App untuk penawaran spesial lainnya!",2023-03-29 12:00:17,3.74.0
Marsuki Limpo,cukup baik,4,3.72.0,2023-03-29 11:19:59,"Halo Kak, terima kasih banyak atas ratingnya, semoga Kakak tetap nyaman dan selau setia menjadi pelanggan Traveloka. Yuk Kak pantengin terus Traveloka Lifestyle Super App karna kami selalu berikan promo-promo yg menarik loooh, jangan sampai ketinggalan ya :)",2023-03-29 11:30:14,3.72.0
Muhammad Afonso (Apologe),Good Kenapa saya tidak bisa masuk koperasi gebyar Traveloka Apa orang orang dekat atau orang kenal saja bisa memenangkan hadiah gebyar Traveloka? Tolong adil bijaksana buat semua yang ikut koperasi gebyar Traveloka kita semua butuh hadiah gebyar Traveloka,5,3.74.1,2023-03-29 11:07:00,"Hi, thank you very much for the positive review! Please feel free to contact us at https://www.traveloka.com/contactus we're more than happy to assist you and Stay tuned for more exciting offers on Traveloka Lifestyle Super App.",2022-06-30 13:30:16,3.74.1
Baim Ningsih,di tunggu buat tiket nya di email ya pak/ibu.,5,3.74.1,2023-03-29 11:04:31,Makasih ya Kak Baim sudah setia bersama Traveloka :)) -DZ,2023-03-29 11:33:15,3.74.1
Eka Oktavianta Saputra,oke,5,3.74.1,2023-03-29 10:45:42,"Hai Eka, terima kasih atas feedbacknya, semoga kamu tetap setia dengan Traveloka. Jika ada pertanyaan bisa langsung infokan pada kami di https://www.traveloka.com/contactus ya Kak. Pantau terus Traveloka Lifestyle Super App untuk penawaran spesial lainnya! -AH",2023-03-29 11:01:45,3.74.1
Gamafur Rifki,sangat membantu perjalanan anda,5,3.74.1,2023-03-29 10:15:21,"Halo Kak, terima kasih banyak atas ratingnya, semoga Kakak tetap nyaman dan selau setia menjadi pelanggan Traveloka. Yuk Kak pantengin terus Traveloka Lifestyle Super App karna kami selalu berikan promo-promo yg menarik loooh, jangan sampai ketinggalan ya :)",2023-03-29 10:30:13,3.74.1
Sany Abror,bagus,4,3.75.0,2023-03-29 10:04:01,"Hi Kak, senang banget nih dapat rating bagus dari Kakak, terima kasih juga atas feedbacknya! Kenyamanan Kakak adalah prioritas Kami, jika ada pertanyaan lainnya jangan sungkan ya untuk infokan pada kami di https://www.traveloka.com/contactus . Jangan sampai ketinggalan penawaran menarik lainnya di Traveloka Lifestye Super Apps.",2023-03-29 10:30:17,3.75.0
Fajar Ariadi,oke,5,3.75.0,2023-03-29 09:53:26,"Hai Fajar, terima kasih atas feedbacknya, semoga kamu tetap setia dengan Traveloka. Jika ada pertanyaan bisa langsung infokan pada kami di https://www.traveloka.com/contactus ya Kak. Pantau terus Traveloka Lifestyle Super App untuk penawaran spesial lainnya! -AH",2023-03-29 10:01:33,3.75.0
agung jktsby,oke,5,3.74.1,2023-03-29 09:43:52,"Hai Agung. Terima kasih banyak atas ratingnya, semoga kamu tetap nyaman dan selalu setia menjadi pelanggan Traveloka. Yuk Kak pantengin terus Traveloka Lifestyle Super App karna kami selalu berikan promo-promo yang menarik. Jangan sampai ketinggalan ya. :) -NT",2023-03-29 10:02:35,3.74.1
Handy Tjan,sangat membantu,5,3.74.1,2023-03-29 09:32:28,"Halo Kak, terima kasih banyak atas ratingnya, semoga Kakak tetap nyaman dan selau setia menjadi pelanggan Traveloka. Yuk Kak pantengin terus Traveloka Lifestyle Super App karna kami selalu berikan promo-promo yg menarik loooh, jangan sampai ketinggalan ya :)",2023-03-29 10:00:15,3.74.1
Fiqi Erwin,"Tolol, bisa""nya jadwal tiket berubah mau dibayar padahal, jangan gitu lah",1,3.74.1,2023-03-29 09:21:18,"Hai Kak Fiqi, harga penerbangan bisa berubah secara fluktuatif baik di halaman pencarian tiket ataupun saat kamu menuju halaman pembayaran, mengikuti kebijakan yang diberikan maskapai, kurs mata uan, permintaan tiket, dan inflasi ya. Terima kasih -DZ",2023-03-29 09:32:28,3.74.1
Muhammad Firman Ashari,"aplikasi nya bagus, mudah dan cepat",5,3.74.1,2023-03-29 08:24:39,"Halo Kak, terima kasih banyak atas ratingnya, semoga Kakak tetap nyaman dan selau setia menjadi pelanggan Traveloka. Yuk Kak pantengin terus Traveloka Lifestyle Super App karna kami selalu berikan promo-promo yg menarik loooh, jangan sampai ketinggalan ya :)",2023-03-29 08:30:14,3.74.1
Yudicka Senja,update mulu ga udah nya,3,3.72.0,2023-03-29 08:19:01,"Hai, Kak Yudicka. Mohon maaf atas ketidaknyamanan yang kamu alami. Untuk membantu kami memahami kendala kamu, mohon bantuannya untuk menyampaikan detail kendala kamu melalui https://www.traveloka.com/id-id/contactus ya. Terima kasih. -PA",2023-03-29 08:37:43,3.72.0
Jumhur Herlambang,aplikasi yang sangat membantu mempermudah pembokingan hottel,5,3.74.1,2023-03-29 07:39:28,"Halo Kak, terima kasih banyak atas ratingnya, semoga Kakak tetap nyaman dan selau setia menjadi pelanggan Traveloka. Yuk Kak pantengin terus Traveloka Lifestyle Super App karna kami selalu berikan promo-promo yg menarik loooh, jangan sampai ketinggalan ya :)",2023-03-29 08:00:19,3.74.1
algifary baihaki,mantap,5,3.74.1,2023-03-29 07:25:53,"Hai Baihaki, terima kasih atas feedbacknya, semoga kamu tetap setia dengan Traveloka. Jika ada pertanyaan bisa langsung infokan pada kami di https://www.traveloka.com/contactus ya Kak. Pantau terus Traveloka Lifestyle Super App untuk penawaran spesial lainnya! -AH",2023-03-29 07:31:08,3.74.1
hayon floreiza,sangat Bermanfaat aplikasi ini,5,3.74.1,2023-03-29 07:03:30,"Halo Kak, terima kasih banyak atas ratingnya, semoga Kakak tetap nyaman dan selau setia menjadi pelanggan Traveloka. Yuk Kak pantengin terus Traveloka Lifestyle Super App karna kami selalu berikan promo-promo yg menarik loooh, jangan sampai ketinggalan ya :)",2023-03-29 07:30:12,3.74.1
Ihwan barito,sip manta,5,3.75.0,2023-03-29 06:43:36,"Hai Ihwan, terima kasih atas feedbacknya, semoga kamu tetap setia dengan Traveloka. Jika ada pertanyaan bisa langsung infokan pada kami di https://www.traveloka.com/contactus ya Kak. Pantau terus Traveloka Lifestyle Super App untuk penawaran spesial lainnya! -AH",2023-03-29 07:00:55,3.75.0
Galla Raya77,Tidak tiket kapal laut.,1,3.74.1,2023-03-29 06:29:39,"Hai, Galla. Maaf banget ya saat ini Traveloka belum menyediakan penjualan tiket kapal laut. Kamu bisa cek moda transportasi lain yang tersedia di Traveloka melalui link www.traveloka.com ya. Apabila ada hal lain yang ingin ditanyakan, silakan klik link https://www.traveloka.com/contactus ya. Kami akan membantu kendala kamu. Terima kasih. -RF",2023-03-29 06:34:04,3.74.1
Faw Chen,Sering lemot,1,3.74.1,2023-03-29 06:29:37,"Hai, Chen. Mohon maaf sebelumnya. Terkait kendala kamu, mimin sarankan untuk memastikan aplikasi kamu adalah versi terbaru, logout kemudian login ulang, jaringan internet stabil serta coba kembali secara berkala ya. Terima kasih. -VK",2023-03-29 06:33:07,3.74.1
Siapa Nama,Mahal bat tah,1,3.74.1,2023-03-29 05:53:11,"Halo Kak, untuk harga yang muncul di aplikasi Traveloka mengikuti update harga dari pihak penyedia. Jika ada pertanyaan lebih lanjut, silakan menghubungi kami melalui https://www.traveloka.com/id-id/contactus. Teirma kasih. -MZ",2023-03-29 06:02:56,3.74.1
Ariyanto FMI,bermanfaat,4,3.75.0,2023-03-29 05:24:01,"Halo Kak, terima kasih banyak atas ratingnya, semoga Kakak tetap nyaman dan selau setia menjadi pelanggan Traveloka. Yuk Kak pantengin terus Traveloka Lifestyle Super App karna kami selalu berikan promo-promo yg menarik loooh, jangan sampai ketinggalan ya :)",2023-03-29 05:30:10,3.75.0
Imam Syafei,mantap,5,3.74.1,2023-03-29 05:14:01,"Hai, Imam. Terima kasih untuk review dan bintang 5 yang kamu berikan ya, mimin senang banget deh lihatnya hehehe. Sehat dan sukses selalu buat kamu serta keluarga. Mimin tunggu pesanan kamu selanjutnya :) -AM",2023-03-29 05:31:02,3.74.1
Ade Udin samsudin,Ok,1,3.74.1,2023-03-29 04:59:26,"Hai Ade, terima kasih telah menggunakan Traveloka. Jika ada pertanyaan atau kendala yang bisa kami bantu, silakan hubungi kami melalui https://www.traveloka.com/id-id/contactus ya. Terima kasih. -NA",2023-03-29 05:02:48,3.74.1
Wisnu Dn,sampah,1,3.74.1,2023-03-29 04:46:27,"Hai, Kak Wisnu. Maaf udah buat kamu gak nyaman. Mimin sedih banget deh lihat review dari kamu. Kalau kamu ada kendala dengan pesanan di Traveloka, hubungi mimin yuk melalui layanan pengaduan Traveloka di laman https://www.traveloka.com/contactus. Terima kasih. -AM",2023-03-29 05:03:11,3.74.1
hadi supriyanto,ok,4,3.74.1,2023-03-29 04:33:05,"Hi, thank you very much for the positive review! Please feel free to contact us at https://www.traveloka.com/contactus we're more than happy to assist you and Stay tuned for more exciting offers on Traveloka Lifestyle Super App.",2023-03-29 05:00:17,3.74.1
Smart Family,transaksi cepat,5,3.74.1,2023-03-29 04:27:41,"Halo Kak, terima kasih banyak atas ratingnya, semoga Kakak tetap nyaman dan selau setia menjadi pelanggan Traveloka. Yuk Kak pantengin terus Traveloka Lifestyle Super App karna kami selalu berikan promo-promo yg menarik loooh, jangan sampai ketinggalan ya :)",2023-03-29 04:30:10,3.74.1
Ayun Joe,Good,5,3.74.1,2023-03-29 04:27:19,"Hi, we are so grateful to get a lot of support from you. Hope you continue to enjoy our offers. If you have any feedback or suggestions, let us know on https://www.traveloka.com/contactus, our customer service would love to serve you in 24 hours. Thank you!",2023-03-29 04:30:14,3.74.1
Ikhsan Wicaksono,"Bagus aplikasinya, tapi kenapa kadang payment nya pake credit card ya?",5,3.74.1,2023-03-29 04:24:57,"Hi Kak, terima kasih atas feedbacknya, semoga Kakak tetap setia dengan Traveloka. Jika ada pertanyaan lain bisa langsung infokan pada kami di https://www.traveloka.com/contactus ya, Kak. Pantau terus Traveloka Lifestyle Super App untuk penawaran spesial lainnya!",2023-03-29 04:30:18,3.74.1
Agus Wahyudi,woke,5,3.74.1,2023-03-29 04:02:38,"Hi, we are so grateful to get a lot of support from you. Hope you continue to enjoy our offers. If you have any feedback or suggestions, let us know on https://www.traveloka.com/contactus, our customer service would love to serve you in 24 hours. Thank you!",2023-03-29 04:30:22,3.74.1
Aan Habib,🙏🏼,4,3.74.1,2023-03-29 03:55:06,"Hai Aan, terima kasih sudah menggunakan Traveloka dan rating yang kamu berikan. Jika ada pertanyaan atau kendala yang bisa kami bantu, silakan hubungi kami melalui https://www.traveloka.com/id-id/contactus ya. -NA",2023-03-29 04:02:28,3.74.1
Cebong Aja,"Apk susah, mau daftar Payleter susah",1,3.74.1,2023-03-29 03:10:09,"Halo, Kak. Mohon maaf sebelumnya, agar dapat kami bantu lakukan pengecekan. Mohon infokan nama lengkap dan alamat email akun PayLater kamu ya dan infokan juga detail kendala kamu untuk kendala pendaftaran PayLater melalui https://www.traveloka.com/id-id/contactus ya. Terima kasih. -PA",2023-03-29 03:33:59,3.74.1
Zendhi Saputra,"Saya mau refund tiket saya, tiap upload foto ktp kok gak bisa. Ada bug nya ya aplikasinya???",1,3.54.2,2023-03-29 03:03:31,"Halo Zendhi, mohon maaf atas kendala yang kamu alami. Untuk dapat kami cek lebih lanjut mengenai kendala kamu silakan hubungi kami melalui https://www.traveloka.com/id-id/contactus ya dan infokan nomor pesanan kamu. Terima kasih. -NA",2023-03-29 03:32:39,3.54.2
Jayasri news,oke,4,3.73.0,2023-03-29 03:01:46,"Makasih atas review kamu ya Jayasri. Jika butuh bantuan, kamu bisa menghubungi kami melalui https://www.traveloka.com/id-id/contactus :) -MZ",2023-03-29 03:33:37,3.73.0
Harwin Ls,wow,4,3.74.1,2023-03-29 01:57:10,"Hi, thank you very much for the positive review! Please feel free to contact us at https://www.traveloka.com/contactus we're more than happy to assist you and Stay tuned for more exciting offers on Traveloka Lifestyle Super App.",2023-03-29 02:00:14,3.74.1
Chocobi Sun,terbaik,5,3.74.1,2023-03-29 01:54:51,Hai Chocobi. Makasih buat rating yang kamu berikan! Mimin tunggu pesanan kamu selanjutnya di Traveloka :) -RM,2023-03-29 02:26:53,3.74.1
cahyadi juanda,"tingkatkna pelayan lebih Biak dan bagus lebih praktis tidak antri, dan tidak riber",5,3.70.1,2023-03-29 01:22:40,"Halo Kak, terima kasih banyak atas ratingnya, semoga Kakak tetap nyaman dan selau setia menjadi pelanggan Traveloka. Yuk Kak pantengin terus Traveloka Lifestyle Super App karna kami selalu berikan promo-promo yg menarik loooh, jangan sampai ketinggalan ya :)",2023-03-29 01:30:14,3.70.1
Anang Ardianto,Goood sangat membantu,5,,2023-03-29 00:51:36,"Halo, Anang. Terima kasih atas feedback kamu, jangan sungkan untuk hubungi kami ya jika mempunyai pertanyaan. Kakak bisa hubungi kami melalui https://www.traveloka.com/id-id/contactus ya. Terima kasih. -PA",2023-03-29 01:07:09,
Januarius Ameyop,"Traveloka sangat bagus,memudakan saya dlm ber transaksi apapun",5,3.74.1,2023-03-28 23:39:15,"Hai, Kak Januarius. Terima kasih banyak atas ratingnya. Semoga kamu tetap nyaman dan selalu setia menjadi pelanggan Traveloka. Yuk pantengin terus Traveloka Lifestyle Super App, karena kami selalu berikan promo-promo yang menarik. Jangan sampai ketinggalan ya :) -RM",2023-03-29 00:03:26,3.74.1
Aswar Zannenda,Minta pembaruan terus harga tiket stak di 2.6 mulu,1,3.74.1,2023-03-28 20:50:39,"Halo Aswar, mohon maaf terkait hal ini ya. Pada dasarnya harga di Traveloka bersifat fluktuatif/bisa berubah sewaktu-waktu. Kamu bisa juga gunakan promo yang sedang berlangsung di aplikasi ataupun melalui tautan ini https://www.traveloka.com/id-id/promotion supaya mendapatkan harga yang lebih menarik nantinya ya. Terima kasih. -OR",2023-03-28 21:03:44,3.74.1
Albert Gazali,proses cepat dan mudah tks Traveloka,5,3.74.0,2023-03-28 17:46:24,"Halo Kak, terima kasih banyak atas ratingnya, semoga Kakak tetap nyaman dan selau setia menjadi pelanggan Traveloka. Yuk Kak pantengin terus Traveloka Lifestyle Super App karna kami selalu berikan promo-promo yg menarik loooh, jangan sampai ketinggalan ya :)",2023-03-28 18:00:15,3.74.0
Muh fajar Fajar,membantu sekali,5,3.62.2,2023-03-28 17:39:45,"Hi Kak, senang banget nih dapat rating bagus dari Kakak, terima kasih juga atas feedbacknya! Kenyamanan Kakak adalah prioritas Kami, jika ada pertanyaan lainnya jangan sungkan ya untuk infokan pada kami di https://www.traveloka.com/contactus . Jangan sampai ketinggalan penawaran menarik lainnya di Traveloka Lifestye Super Apps.",2023-03-28 18:00:18,3.62.2
Bobby Leonard,good,5,3.74.1,2023-03-28 17:22:53,"Hi, thank you very much for the positive review! Please feel free to contact us at https://www.traveloka.com/contactus we're more than happy to assist you and Stay tuned for more exciting offers on Traveloka Lifestyle Super App.",2023-03-28 17:30:10,3.74.1
Ahmad Syofyan,"Banyak diskon, pembelian mudah",5,3.74.1,2023-03-28 17:18:17,"Hi Kak, senang banget nih dapat rating bagus dari Kakak, terima kasih juga atas feedbacknya! Kenyamanan Kakak adalah prioritas Kami, jika ada pertanyaan lainnya jangan sungkan ya untuk infokan pada kami di https://www.traveloka.com/contactus . Jangan sampai ketinggalan penawaran menarik lainnya di Traveloka Lifestye Super Apps.",2023-03-28 17:30:13,3.74.1
Chairoel Azmy,Akun email saya disalahgunakan pihak lain saya sudah verifikasi bahkan dengan poto KTP dan Swafoto dengan KTP anehnya masa saya yang harus gunakan email lain.,1,3.74.1,2023-03-28 15:58:03,"Halo Chairoel, mohon maaf banget terkait hal ini ya. Boleh infokan email maupun nomor ponsel kamu melalui tautan ini untuk pengecekan lebih lanjut ya https://www.traveloka.com/id-id/contactus. Terima kasih. -OR",2023-03-28 15:32:19,3.74.1
one dy,Bagus dan memuaskan,5,,2023-03-28 15:50:22,"Halo Kak, terima kasih banyak atas ratingnya, semoga Kakak tetap nyaman dan selau setia menjadi pelanggan Traveloka. Yuk Kak pantengin terus Traveloka Lifestyle Super App karna kami selalu berikan promo-promo yg menarik loooh, jangan sampai ketinggalan ya :)",2023-03-28 16:00:12,
bryan antgi,respon masih kurang,3,3.74.1,2023-03-28 15:45:54,"Hai, Kak Bryan. Mohon maaf atas ketidaknyamanannya. Agar kami bisa bantu cek lebih lanjut, silakan menghubungi kami melalui https://www.traveloka.com/id-id/contactus. Terima kasih. -RZ",2023-03-28 16:03:28,3.74.1
Suani Manalu,senang pesan tiket disini murah dan cepat prosesnya jg dpt poin trm ksh Traveloka,5,3.74.1,2023-03-28 15:39:20,"Hi Kak, senang banget nih dapat rating bagus dari Kakak, terima kasih juga atas feedbacknya! Kenyamanan Kakak adalah prioritas Kami, jika ada pertanyaan lainnya jangan sungkan ya untuk infokan pada kami di https://www.traveloka.com/contactus . Jangan sampai ketinggalan penawaran menarik lainnya di Traveloka Lifestye Super Apps.",2023-03-28 16:00:15,3.74.1
Sutikno Sutikno,Ok,5,3.74.1,2023-03-28 15:36:22,Thank you for leaving a good comment to us. Let us know if you have any suggestion for improvement through https://www.traveloka.com/contactus . Stay around for more interesting offers from Traveloka Lifestyle Super App!,2023-03-28 16:00:20,3.74.1
Rein Hatta,Kok dia tidak menerima uang cash Padahal ditangan sudah aku kasih kok Tapi nggk mau,4,3.74.1,2023-03-28 15:28:39,"Hai, Kak Rein. Agar kami bisa bantu cek lebih lanjut, silakan menghubungi kami melalui https://www.traveloka.com/id-id/contactus. Terima kasih. -RZ",2023-03-28 15:31:41,3.74.1
LKP WOYYO COURSE,kupon casback membingungkan..mending gak usah promo dr pada PHP..ternyata malah casback ke hotel hadew,2,3.74.1,2023-03-28 14:30:00,"Hai Kak, mohon informasikan detail kendala yang kamu alami perihal penggunaan kode promo Traveloka melalui email kami di cs@traveloka.com ya Kak. Terima kasih. -AK",2023-03-28 15:02:17,3.74.1
Syarif Hidayat,mantaap,5,3.74.1,2023-03-28 14:16:04,"Hai kak, senangnya mendapat bintang lima dari kamu, terima kasih atas apresiasinya, semoga kaka tetap nyaman dan selau setia menjadi pelanggan Traveloka, yuk ka pantengin terus traveloka karna kami selalu berikan promo promo yg menarik loooh, jangan sampai ketinggalan ya. -DA",2023-03-28 14:32:06,3.74.1
Joko Pur,good job,5,3.74.1,2023-03-28 14:15:41,"Hi, thank you very much for the positive review! Please feel free to contact us at https://www.traveloka.com/contactus we're more than happy to assist you and Stay tuned for more exciting offers on Traveloka Lifestyle Super App.",2023-03-28 14:30:12,3.74.1
Inkah Feryan,mantap sukses selalu traveloka,5,3.74.1,2023-03-28 13:57:23,"Halo Kak, terima kasih banyak atas ratingnya, semoga Kakak tetap nyaman dan selau setia menjadi pelanggan Traveloka. Yuk Kak pantengin terus Traveloka Lifestyle Super App karna kami selalu berikan promo-promo yg menarik loooh, jangan sampai ketinggalan ya :)",2023-03-28 14:00:18,3.74.1
Amir Aldi,mantab respon cepat,5,3.69.0,2023-03-28 13:54:13,"Hi Kak, senang banget nih dapat rating bagus dari Kakak, terima kasih juga atas feedbacknya! Kenyamanan Kakak adalah prioritas Kami, jika ada pertanyaan lainnya jangan sungkan ya untuk infokan pada kami di https://www.traveloka.com/contactus . Jangan sampai ketinggalan penawaran menarik lainnya di Traveloka Lifestye Super Apps.",2023-03-28 14:00:21,3.69.0
Tri Septiani,cepat dan murah hotel nya,4,3.74.1,2023-03-28 13:39:38,"Halo Kak, terima kasih banyak atas ratingnya, semoga Kakak tetap nyaman dan selau setia menjadi pelanggan Traveloka. Yuk Kak pantengin terus Traveloka Lifestyle Super App karna kami selalu berikan promo-promo yg menarik loooh, jangan sampai ketinggalan ya :)",2023-03-28 14:00:28,3.74.1
Untung Thio,bagus,5,3.74.1,2023-03-28 13:33:40,"Hi Kak, senang banget nih dapat rating bagus dari Kakak, terima kasih juga atas feedbacknya! Kenyamanan Kakak adalah prioritas Kami, jika ada pertanyaan lainnya jangan sungkan ya untuk infokan pada kami di https://www.traveloka.com/contactus . Jangan sampai ketinggalan penawaran menarik lainnya di Traveloka Lifestye Super Apps.",2023-03-28 14:00:32,3.74.1
edo muda,👍👍👍👍👍,5,3.74.1,2023-03-28 12:39:04,"Hai Edo, terima kasih atas feedbacknya, semoga kamu tetap setia dengan Traveloka. Jika ada pertanyaan bisa langsung infokan pada kami di https://www.traveloka.com/contactus ya Kak. Pantau terus Traveloka Lifestyle Super App untuk penawaran spesial lainnya! -AH",2023-03-28 13:01:50,3.74.1
Wawan Arifin,sangat baik,5,3.55.1,2023-03-28 12:14:15,"Halo Kak, terima kasih banyak atas ratingnya, semoga Kakak tetap nyaman dan selau setia menjadi pelanggan Traveloka. Yuk Kak pantengin terus Traveloka Lifestyle Super App karna kami selalu berikan promo-promo yg menarik loooh, jangan sampai ketinggalan ya :)",2023-03-28 12:30:09,3.55.1
Chandra Yullia,terimakasih traveloka cepat tepat dan ✨️✨️✨️✨️✨️,5,3.74.1,2023-03-28 11:28:58,"Halo Kak, terima kasih banyak atas ratingnya, semoga Kakak tetap nyaman dan selau setia menjadi pelanggan Traveloka. Yuk Kak pantengin terus Traveloka Lifestyle Super App karna kami selalu berikan promo-promo yg menarik loooh, jangan sampai ketinggalan ya :)",2023-03-28 11:30:46,3.74.1
Faisol Imam,good travel,5,3.67.0,2023-03-28 10:47:31,"Hi, thank you very much for the positive review! Please feel free to contact us at https://www.traveloka.com/contactus we're more than happy to assist you and Stay tuned for more exciting offers on Traveloka Lifestyle Super App.",2023-03-28 11:00:10,3.67.0
Damar kakanya Shihab_Abil,bang itu bug nya typo wkwkwkwkwk,5,3.73.0,2023-03-28 09:19:36,"Hai, Damar. Jika kamu memiliki pertanyaan lebih lanjut, silakan menghubungi kami melalui https://www.traveloka.com/contactus. Terima kasih.-TK",2023-03-28 09:33:38,3.73.0
2x Bagus,Menang banyak nih aplikasi bikin pesanan gak bisa di rescedule ga bisa di refund uang pesanan ga balik,1,3.74.1,2023-03-28 09:18:23,"Hai, Bagus. Maaf ya sudah membuatmu kecewa. Dipastikan untuk kenyamanan pengguna Traveloka. Jika memiliki kendala, Anda dapat informasikan kepada kami detail kendala yang Anda alami melalui pesan pada aplikasi Traveloka atau melalui email ke cs@traveloka.com agar kami dapat membantu Anda lebih lanjut. Terima kasih. -KA",2023-03-28 09:32:06,3.74.1
hery sayoga,Ndak bisa dibuka minta update setelah selesai gagal,5,3.74.1,2023-03-28 07:44:20,"Hai, Hery. Mohon maaf atas pengalaman yang kamu alami. Terkait dengan kendala kamu, mohon pastikan kembali ruang penyimpanan kamu mencukupi juga ya. Jika masih mengalami kendala yang sama, kamu bisa menghubungi kami melalui https://www.traveloka.com/contactus. Terima kasih.-TK",2023-03-28 08:05:26,3.74.1
Nurun Setiawan,kebanyakan biaya ina inu,1,3.74.1,2023-03-28 07:25:47,"Hai, Kak Nurun. Maaf udah buat kamu gak nyaman. Pada dasarnya biaya layanan yang dikenakan untuk transaksi kamu sejalan dengan komitmen kami untuk meningkatkan pelayanan, khususnya untuk moda transportasi ya. Terima kasih. -AM",2023-03-28 07:33:18,3.74.1
Pendi Efendi,Thanks Traveloka,4,3.74.1,2023-03-28 07:17:31,"Hi, thank you very much for the positive review! Please feel free to contact us at https://www.traveloka.com/contactus we're more than happy to assist you and Stay tuned for more exciting offers on Traveloka Lifestyle Super App.",2023-03-28 07:30:14,3.74.1
Lily Rahayu,done sukses terus Traveloka,5,3.74.1,2023-03-28 07:07:19,"Hi Kak, senang banget nih dapat rating bagus dari Kakak, terima kasih juga atas feedbacknya! Kenyamanan Kakak adalah prioritas Kami, jika ada pertanyaan lainnya jangan sungkan ya untuk infokan pada kami di https://www.traveloka.com/contactus . Jangan sampai ketinggalan penawaran menarik lainnya di Traveloka Lifestye Super Apps.",2023-03-28 07:30:16,3.74.1
Nanda Elfan,Verifikasi aja lama login aja susah banget kntl,1,,2023-03-28 07:03:26,Hai Kak. Mohon maaf atas ketidaknyamanannya. Mohon untuk sampaikan keluhan kamu secara detail melalui https://www.traveloka.com/id-id/contactus. Supaya kami dapat membantu permasalahan kamu. Terima kasih. -DA,2023-03-28 07:31:36,
jeungroro romie,👍👍👍,5,3.74.1,2023-03-28 06:52:01,"Hai Romie, terima kasih atas feedbacknya, semoga kamu tetap setia dengan Traveloka. Jika ada pertanyaan bisa langsung infokan pada kami di https://www.traveloka.com/contactus ya Kak. Pantau terus Traveloka Lifestyle Super App untuk penawaran spesial lainnya! -AH",2023-03-28 07:04:09,3.74.1
Cahyadi abahanom,sangat mudah,5,3.74.1,2023-03-28 06:35:52,"Halo Kak, terima kasih banyak atas ratingnya, semoga Kakak tetap nyaman dan selau setia menjadi pelanggan Traveloka. Yuk Kak pantengin terus Traveloka Lifestyle Super App karna kami selalu berikan promo-promo yg menarik loooh, jangan sampai ketinggalan ya :)",2023-03-28 07:00:10,3.74.1
supardi st,makin baik trimakasih Traveloka atas kemudahannya.,5,3.73.0,2023-03-28 05:37:24,"Hi Kak, terima kasih atas feedbacknya, semoga Kakak tetap setia dengan Traveloka. Jika ada pertanyaan lain bisa langsung infokan pada kami di https://www.traveloka.com/contactus ya, Kak. Pantau terus Traveloka Lifestyle Super App untuk penawaran spesial lainnya!",2023-03-28 06:00:32,3.73.0
BAMBANG KURNIAWAN,Enjoy dan selalu siap menemani,5,3.74.1,2023-03-28 05:06:04,"Halo Kak, terima kasih banyak atas ratingnya, semoga Kakak tetap nyaman dan selau setia menjadi pelanggan Traveloka. Yuk Kak pantengin terus Traveloka Lifestyle Super App karna kami selalu berikan promo-promo yg menarik loooh, jangan sampai ketinggalan ya :)",2023-03-28 05:00:22,3.74.1
yanuar yanuar,Ioi ke bbh kjbio. O,5,,2023-03-28 05:04:12,"Hai Yanuar. Terima kasih banyak atas ratingnya, semoga kamu tetap nyaman dan selalu setia menjadi pelanggan Traveloka. Yuk Kak pantengin terus Traveloka Lifestyle Super App karna kami selalu berikan promo-promo yang menarik. Jangan sampai ketinggalan ya. :) -NT",2023-03-28 05:38:05,
Vadhella Dlx,cukup membantu,5,3.74.1,2023-03-28 03:57:32,"Halo Kak, terima kasih banyak atas ratingnya, semoga Kakak tetap nyaman dan selau setia menjadi pelanggan Traveloka. Yuk Kak pantengin terus Traveloka Lifestyle Super App karna kami selalu berikan promo-promo yg menarik loooh, jangan sampai ketinggalan ya :)",2023-03-28 04:00:21,3.74.1
dila syahril,good,5,3.74.1,2023-03-28 03:45:50,"Hi, we are so grateful to get a lot of support from you. Hope you continue to enjoy our offers. If you have any feedback or suggestions, let us know on https://www.traveloka.com/contactus, our customer service would love to serve you in 24 hours. Thank you!",2023-03-28 04:00:24,3.74.1
Wahid Kurniawan,baguss,5,3.74.1,2023-03-28 02:18:15,"Halo Kak, terima kasih banyak atas ratingnya, semoga Kakak tetap nyaman dan selau setia menjadi pelanggan Traveloka. Yuk Kak pantengin terus Traveloka Lifestyle Super App karna kami selalu berikan promo-promo yg menarik loooh, jangan sampai ketinggalan ya :)",2023-03-28 02:30:10,3.74.1
NABIILAH PRO,aplikasi yang bagus dan terpercaya semoga semakin bagus lagi dan banyak promo nya,5,3.74.1,2023-03-28 01:36:13,"Halo Kak, terima kasih banyak atas ratingnya, semoga Kakak tetap nyaman dan selau setia menjadi pelanggan Traveloka. Yuk Kak pantengin terus Traveloka Lifestyle Super App karna kami selalu berikan promo-promo yg menarik loooh, jangan sampai ketinggalan ya :)",2023-03-28 02:00:16,3.74.1
Uus Ruslan (UR CHANEL),mantapp Traveloka,5,3.56.1,2023-03-28 01:26:10,"Halo Kak, terima kasih banyak atas ratingnya, semoga Kakak tetap nyaman dan selau setia menjadi pelanggan Traveloka. Yuk Kak pantengin terus Traveloka Lifestyle Super App karna kami selalu berikan promo-promo yg menarik loooh, jangan sampai ketinggalan ya :)",2023-03-28 01:30:10,3.56.1
Nisfu Sya'ban,terimakasih prosesnya begitu cepat,5,3.74.1,2023-03-28 01:21:05,"Hi Kak, senang banget nih dapat rating bagus dari Kakak, terima kasih juga atas feedbacknya! Kenyamanan Kakak adalah prioritas Kami, jika ada pertanyaan lainnya jangan sungkan ya untuk infokan pada kami di https://www.traveloka.com/contactus . Jangan sampai ketinggalan penawaran menarik lainnya di Traveloka Lifestye Super Apps.",2023-03-28 01:30:13,3.74.1
yarlusiana andhika,yla cepat prosesnya,5,3.74.1,2023-03-28 01:10:26,"Hi Kak, terima kasih atas feedbacknya, semoga Kakak tetap setia dengan Traveloka. Jika ada pertanyaan lain bisa langsung infokan pada kami di https://www.traveloka.com/contactus ya, Kak. Pantau terus Traveloka Lifestyle Super App untuk penawaran spesial lainnya!",2023-03-28 01:30:16,3.74.1
Isman Sahrir,mantul,5,3.74.1,2023-03-28 00:57:24,"Halo Kak, terima kasih banyak atas ratingnya, semoga Kakak tetap nyaman dan selau setia menjadi pelanggan Traveloka. Yuk Kak pantengin terus Traveloka Lifestyle Super App karna kami selalu berikan promo-promo yg menarik loooh, jangan sampai ketinggalan ya :)",2023-03-28 01:00:10,3.74.1
krincing Abne,"Sekarang traveloka mahal semua serba mahal dan belum turun juga dulu semarang/jogja - ternate hanya 1.300 jt- 1,700 jt sekarang 3jt - 4jt",2,,2023-03-28 00:36:26,"Halo Kak, mohon maaf sudah buat kamu ga nyaman. Perihal harga yang tertera pada aplikasi merupakan update langsung dari pihak penyedia. Namun, kamu juga bisa cek promo yang tersedia pada halaman promo https://www.traveloka.com/id-id/promotion untuk bisa dapatkan harga yang lebih murah ya. Terima kasih. -NA",2023-03-28 01:02:34,
Oei Sutanto,sangat baik sempet salah transfer aja.pelayanan tetap terbaik.trima kasih traveloka,5,3.74.1,2023-03-28 00:32:36,"Hi Kak, senang banget nih dapat rating bagus dari Kakak, terima kasih juga atas feedbacknya! Kenyamanan Kakak adalah prioritas Kami, jika ada pertanyaan lainnya jangan sungkan ya untuk infokan pada kami di https://www.traveloka.com/contactus . Jangan sampai ketinggalan penawaran menarik lainnya di Traveloka Lifestye Super Apps.",2023-03-28 01:00:14,3.74.1
Agus Prasetyo,responsip,5,3.74.1,2023-03-28 00:06:09,"Hi, thank you very much for the positive review! Please feel free to contact us at https://www.traveloka.com/contactus we're more than happy to assist you and Stay tuned for more exciting offers on Traveloka Lifestyle Super App.",2023-03-28 00:30:10,3.74.1
Alakadar chanel,good,5,3.74.1,2023-03-27 22:50:26,"Hi, thank you very much for the positive review! Please feel free to contact us at https://www.traveloka.com/contactus we're more than happy to assist you and Stay tuned for more exciting offers on Traveloka Lifestyle Super App.",2023-03-27 23:00:22,3.74.1
Mujiati Mustafa,ITS so easy,5,3.74.1,2023-03-27 22:28:53,"Hi, thank you very much for the positive review! Please feel free to contact us at https://www.traveloka.com/contactus we're more than happy to assist you and Stay tuned for more exciting offers on Traveloka Lifestyle Super App.",2023-03-27 22:30:09,3.74.1
Perwitha Jaka Wibawa,Mudah penggunaan,5,3.74.1,2023-03-27 21:41:41,"Terima kasih ya kak Jaka untuk penilaian kamu, jangan lupa selalu pesan menggunakan aplikasi Traveloka untuk menjadi teman liburan kamu dan jangan ragu menghubungi kami melalui alamat email kami di cs@traveloka.com jika mendapati kendala terkait pemesanan kamu ya kak. Terima kasih -AK",2023-03-27 22:08:27,3.74.1
Zahra Syita,Bagus,5,,2023-03-27 21:13:51,"Halo Kak, terima kasih banyak atas ratingnya, semoga Kakak tetap nyaman dan selau setia menjadi pelanggan Traveloka. Yuk Kak pantengin terus Traveloka Lifestyle Super App karna kami selalu berikan promo-promo yg menarik loooh, jangan sampai ketinggalan ya :)",2023-03-27 21:30:08,
Wisnu Adhi,good job,5,,2023-03-27 20:17:27,"Hi, thank you very much for the positive review! Please feel free to contact us at https://www.traveloka.com/contactus we're more than happy to assist you and Stay tuned for more exciting offers on Traveloka Lifestyle Super App.",2023-03-27 20:30:08,
Syafii Gemini,mantabz,5,3.74.1,2023-03-27 18:15:10,"Hai Syafii, yuhuuuy senangnya mendapat bintang lima dari kamu, Kenyamananmu adalah prioritas Kami. Apabila ada pertanyaan, silakan dapat mengirimkan email ke kami di cs@traveloka.com atau pesan inbox di aplikasi Traveloka ya. Terima kasih. -CA",2023-03-27 18:31:19,3.74.1
Af Ro,Bank BSI to long dimasukkan sebagai moda bayar dong,1,3.74.1,2023-03-27 18:03:51,"Baik Kak, terima kasih untuk saran dan masukkannya, untuk kedepannya akan kami bantu informasikan kepada tim internal kami perihal metode pembayaran menggunakan bank tersebut ya Kak. -AK",2023-03-27 18:31:52,3.74.1
Firman Hidayat,Pelayanan sangat memuaskan...cust care nya cepat dan tanggap,5,3.72.0,2023-03-27 17:04:31,"Halo Kak, terima kasih banyak atas ratingnya, semoga Kakak tetap nyaman dan selau setia menjadi pelanggan Traveloka. Yuk Kak pantengin terus Traveloka Lifestyle Super App karna kami selalu berikan promo-promo yg menarik loooh, jangan sampai ketinggalan ya :)",2023-03-27 17:30:10,3.72.0
Dodi Sukandar,very good,5,3.72.0,2023-03-27 16:39:00,"Hi, thank you very much for the positive review! Please feel free to contact us at https://www.traveloka.com/contactus we're more than happy to assist you and Stay tuned for more exciting offers on Traveloka Lifestyle Super App.",2023-03-27 17:00:12,3.72.0
Joel Anto,"Tambahkan fitur pilihan kamar dgn jenis bed yang berbeda untuk pemesanan kamar hotel yg lebih dari 1 kamar biar tambah keren. Saat ini jika ingin memesan kamar hotel lebih dari 1 kamar dengan jenis bed yg berbeda harus melakukan 2x pemesanan tdk bisa 1x pemesanan, jika ingin memesan 2 kamar dgn 1 kamar double bed & 1 kamar twin bed tidak bisa dilakukan 1x tetapi harus di lakukan 2x pemesanan tidak nyaman & kurang inovasi.",5,3.74.1,2023-03-27 16:22:54,"Halo Kak, terima kasih banyak atas ratingnya, semoga Kakak tetap nyaman dan selau setia menjadi pelanggan Traveloka. Yuk Kak pantengin terus Traveloka Lifestyle Super App karna kami selalu berikan promo-promo yg menarik loooh, jangan sampai ketinggalan ya :)",2023-03-27 16:30:08,3.74.1
BasqSang74,Traveloka mantap sesuai hoby saya travelling,5,3.74.1,2023-03-27 15:40:06,"Halo Kak, terima kasih banyak atas ratingnya, semoga Kakak tetap nyaman dan selau setia menjadi pelanggan Traveloka. Yuk Kak pantengin terus Traveloka Lifestyle Super App karna kami selalu berikan promo-promo yg menarik loooh, jangan sampai ketinggalan ya :)",2023-03-27 16:00:12,3.74.1
Andi Andi,Sangat puas pakai apk ini dan respon cepat dan membantu,4,3.70.0,2023-03-27 15:36:23,"Hi Kak, senang banget nih dapat rating bagus dari Kakak, terima kasih juga atas feedbacknya! Kenyamanan Kakak adalah prioritas Kami, jika ada pertanyaan lainnya jangan sungkan ya untuk infokan pada kami di https://www.traveloka.com/contactus . Jangan sampai ketinggalan penawaran menarik lainnya di Traveloka Lifestye Super Apps.",2023-03-27 16:00:15,3.70.0
Len Nayr,eror mulu,1,,2023-03-27 14:47:41,"Hai Kak Len, mohon maaf atas ketidaknyamanan yang kamu alami, perihal kendala yang kamu alami Kakak bisa informasikan detail kendala tersebut kepada kami melalui email kami di cs@traveloka.com ya. Terima kasih. -AK",2023-03-27 15:02:29,
Aqila Pranaja,harga sangat murah,5,3.74.0,2023-03-27 14:38:05,"Hi Kak, senang banget nih dapat rating bagus dari Kakak, terima kasih juga atas feedbacknya! Kenyamanan Kakak adalah prioritas Kami, jika ada pertanyaan lainnya jangan sungkan ya untuk infokan pada kami di https://www.traveloka.com/contactus . Jangan sampai ketinggalan penawaran menarik lainnya di Traveloka Lifestye Super Apps.",2023-03-27 15:00:19,3.74.0
Annur Rokhman,sangat membantu,5,3.74.1,2023-03-27 14:36:06,"Hi Kak, terima kasih atas feedbacknya, semoga Kakak tetap setia dengan Traveloka. Jika ada pertanyaan lain bisa langsung infokan pada kami di https://www.traveloka.com/contactus ya, Kak. Pantau terus Traveloka Lifestyle Super App untuk penawaran spesial lainnya!",2023-03-27 15:00:22,3.74.1
andy siswantoro,mantap,5,3.74.1,2023-03-27 14:01:35,"Hai, Kak Andy. Senang banget dapat bintang lima dari Kakak, terima kasih atas apresiasinya. Semoga selalu suka ya Kak sama Traveloka :) -RU",2023-03-27 14:32:30,3.74.1
M Zidan,puas,5,3.74.0,2023-03-27 13:30:56,"Hai, Kak Zidan. Senang banget dapat bintang lima dari Kakak, terima kasih atas apresiasinya. Semoga pengalaman Kakak bersama Traveloka selalu menyenangkan :) -RU",2023-03-27 14:03:30,3.74.0
Desy Ardina,mudah prosesnya.. gak ribet2,5,3.74.0,2023-03-27 13:09:16,"Halo Kak, terima kasih banyak atas ratingnya, semoga Kakak tetap nyaman dan selau setia menjadi pelanggan Traveloka. Yuk Kak pantengin terus Traveloka Lifestyle Super App karna kami selalu berikan promo-promo yg menarik loooh, jangan sampai ketinggalan ya :)",2023-03-27 13:30:13,3.74.0
djong djun tet,respon cepat recomended,5,3.74.1,2023-03-27 12:56:24,"Halo Kak, terima kasih banyak atas ratingnya, semoga Kakak tetap nyaman dan selau setia menjadi pelanggan Traveloka. Yuk Kak pantengin terus Traveloka Lifestyle Super App karna kami selalu berikan promo-promo yg menarik loooh, jangan sampai ketinggalan ya :)",2023-03-27 13:00:10,3.74.1
Direx1828 Panaha,good,4,3.74.1,2023-03-27 12:49:32,"Hi, we are so grateful to get a lot of support from you. Hope you continue to enjoy our offers. If you have any feedback or suggestions, let us know on https://www.traveloka.com/contactus, our customer service would love to serve you in 24 hours. Thank you!",2023-03-27 13:00:14,3.74.1
Wiwid Nurwidayati,cepat dan harganya bersaing,5,3.74.1,2023-03-27 12:31:09,"Hi Kak, terima kasih atas feedbacknya, semoga Kakak tetap setia dengan Traveloka. Jika ada pertanyaan lain bisa langsung infokan pada kami di https://www.traveloka.com/contactus ya, Kak. Pantau terus Traveloka Lifestyle Super App untuk penawaran spesial lainnya!",2023-03-27 13:00:17,3.74.1
Encep Khoerudin,ok,5,3.74.0,2023-03-27 12:23:30,"Hi, thank you very much for the positive review! Please feel free to contact us at https://www.traveloka.com/contactus we're more than happy to assist you and Stay tuned for more exciting offers on Traveloka Lifestyle Super App.",2023-03-27 12:30:11,3.74.0
Mufid oke,\18777777777777777777777777777777777777/xxxxxxzzzzzzzbomojoia,2,,2023-03-27 12:13:26,"Hai, Mufid. Maaf ya sudah membuatmu kecewa. Dipastikan untuk kenyamanan pengguna Traveloka, kami akan perbaiki & tingkatkan performa Traveloka. Jika memiliki kendala, Anda dapat informasikan kepada kami melalui pesan aplikasi Traveloka atau melalui email ke cs@traveloka.com agar kami dapat membantu Anda lebih lanjut. Terima kasih. -KA",2023-03-27 12:32:46,
Rudi Heryanto,cepat syekaliiii,5,3.74.1,2023-03-27 11:30:56,"Hi Kak, senang banget nih dapat rating bagus dari Kakak, terima kasih juga atas feedbacknya! Kenyamanan Kakak adalah prioritas Kami, jika ada pertanyaan lainnya jangan sungkan ya untuk infokan pada kami di https://www.traveloka.com/contactus . Jangan sampai ketinggalan penawaran menarik lainnya di Traveloka Lifestye Super Apps.",2023-03-27 12:00:14,3.74.1
Sandhi Setya Praptama,Aplikasinya gak seperti dulu.....sewaktu pakai WiFi seluruh menu promosinya gak muncul alasannya terdapat masalah koneksi....tetapi ketika pakai paketan data seluruh menu tadi muncul semua...tolong dikembalikan seperti semula donk,3,3.74.1,2023-03-27 11:13:31,"Hai, Sandhi. Mohon maaf atas ketidaknyamanan yang kamu alami. Untuk membantu kami melakukan investigasi lebih lanjut, mohon bantuannya untuk sampaikan kembali detail kendala kamu melalui https://www.traveloka.com/contactus. Terima kasih 🙏 -RU",2023-03-27 11:34:00,3.74.1
Satrio Bagus,"Traveloka maunya apa sih, udah diupdate minta diupdate lagi",3,3.70.0,2023-03-27 11:12:51,"Hai, Satrio. Mohon maaf atas ketidaknyamanan yang kamu alami. Untuk membantu kami melakukan investigasi lebih lanjut, mohon bantuannya untuk sampaikan kembali detail kendala kamu melalui https://www.traveloka.com/contactus. Terima kasih 🙏 -RU",2023-03-27 11:35:19,3.70.0
syahril amri,𝙿𝚎𝚕𝚊𝚢𝚊𝚗𝚊𝚗 𝚢𝚐 𝚋𝚊𝚐𝚞𝚜,5,3.59.0,2023-03-27 11:04:02,"Halo Kak, terima kasih banyak atas ratingnya, semoga Kakak tetap nyaman dan selau setia menjadi pelanggan Traveloka. Yuk Kak pantengin terus Traveloka Lifestyle Super App karna kami selalu berikan promo-promo yg menarik loooh, jangan sampai ketinggalan ya :)",2023-03-27 11:30:14,3.59.0
Asep Datuk,puas,5,3.73.0,2023-03-27 10:42:13,Hai Asep. Makasih buat rating yang kamu berikan! Mimin tunggu pesanan kamu selanjutnya di Traveloka :) -RM,2023-03-27 11:01:05,3.73.0
Chainur Ar Rasyid_Isbadroe,Thank you,5,3.74.1,2023-03-27 10:00:58,"Hi, thank you very much for the positive review! Please feel free to contact us at https://www.traveloka.com/contactus we're more than happy to assist you and Stay tuned for more exciting offers on Traveloka Lifestyle Super App.",2023-03-27 10:30:09,3.74.1
Hadi Wardoyo,nomer kereta nya mana,5,3.74.0,2023-03-27 09:56:56,"Halo Kak, terima kasih banyak atas ratingnya, semoga Kakak tetap nyaman dan selau setia menjadi pelanggan Traveloka. Yuk Kak pantengin terus Traveloka Lifestyle Super App karna kami selalu berikan promo-promo yg menarik loooh, jangan sampai ketinggalan ya :)",2023-03-27 10:00:15,3.74.0
Ahmad Riva'i,EXCELLENT,5,3.74.1,2023-03-27 09:02:40,"Hi, thank you very much for the positive review! Please feel free to contact us at https://www.traveloka.com/contactus we're more than happy to assist you and Stay tuned for more exciting offers on Traveloka Lifestyle Super App.",2023-03-27 09:30:15,3.74.1
Hidayat Tanro,Pelayanan nya cepat..,4,3.74.0,2023-03-27 08:40:50,"Halo Kak, terima kasih banyak atas ratingnya, semoga Kakak tetap nyaman dan selau setia menjadi pelanggan Traveloka. Yuk Kak pantengin terus Traveloka Lifestyle Super App karna kami selalu berikan promo-promo yg menarik loooh, jangan sampai ketinggalan ya :)",2023-03-27 09:00:09,3.74.0
Alfa Orlando,terimakasih,5,3.74.1,2023-03-27 08:28:16,"Halo Kak, terima kasih banyak atas ratingnya, semoga Kakak tetap nyaman dan selau setia menjadi pelanggan Traveloka. Yuk Kak pantengin terus Traveloka Lifestyle Super App karna kami selalu berikan promo-promo yg menarik loooh, jangan sampai ketinggalan ya :)",2023-03-27 08:30:16,3.74.1
Puja Wulantia,Lagi jelek jeleknya,2,3.30.1,2023-03-27 07:48:39,"Hai, Puja. Mohon maaf atas ketidaknyamanannya. Apabila kamu mengalami kendala, mohon diinfokan dengan detail ya melalui email di cs@traveloka.com. Nantinya kami akan lakukan pengecekan lebih lanjut ya. Terima kasih. -IN",2023-03-27 08:04:10,3.30.1
Antonius Kurniawan,Ok,5,3.74.1,2023-03-27 07:36:21,"Hi, thank you very much for the positive review! Please feel free to contact us at https://www.traveloka.com/contactus we're more than happy to assist you and Stay tuned for more exciting offers on Traveloka Lifestyle Super App.",2023-03-27 08:00:25,3.74.1
Amin Perdana,pertahankan kualitas,5,3.28.0,2023-03-27 07:24:17,"Halo Kak, terima kasih banyak atas ratingnya, semoga Kakak tetap nyaman dan selau setia menjadi pelanggan Traveloka. Yuk Kak pantengin terus Traveloka Lifestyle Super App karna kami selalu berikan promo-promo yg menarik loooh, jangan sampai ketinggalan ya :)",2023-03-27 07:30:11,3.28.0
arief R,praktis,4,3.74.1,2023-03-27 07:10:59,"Hi Kak, senang banget nih dapat rating bagus dari Kakak, terima kasih juga atas feedbacknya! Kenyamanan Kakak adalah prioritas Kami, jika ada pertanyaan lainnya jangan sungkan ya untuk infokan pada kami di https://www.traveloka.com/contactus . Jangan sampai ketinggalan penawaran menarik lainnya di Traveloka Lifestye Super Apps.",2023-03-27 07:30:14,3.74.1
K. Ylua,Iklan Traveloka Sangat mengganggu dilaman Google. Iklannya penuh sampai sulit scroll. Lama² saya Uninstal juga ni,1,,2023-03-27 05:54:02,"Hai, Ylua. Kami meminta maaf atas kendala yang kamu alami. Kamu dapat menghubungi kami melalui https://www.traveloka.com/id-id/contactus agar masalahmu bisa diselesaikan secepat mungkin.
Kami akan berikan solusi terbaik agar kamu dapat merasa puas dan layanan kami layak mendapatkan rating yang lebih baik. Terima kasih. -OE",2023-03-27 06:04:29,
Armedi Tanjung,Mantap,5,3.74.1,2023-03-27 05:17:41,"Halo, Armedi. Terima kasih atas penilaiannya dan telah memilih Traveloka sebagai partner perjalanan kamu. Terima kasih. -SC",2023-03-27 05:30:53,3.74.1
Rika Mutia,baik,4,3.74.1,2023-03-27 04:55:20,"Halo Kak, terima kasih banyak atas ratingnya, semoga Kakak tetap nyaman dan selau setia menjadi pelanggan Traveloka. Yuk Kak pantengin terus Traveloka Lifestyle Super App karna kami selalu berikan promo-promo yg menarik loooh, jangan sampai ketinggalan ya :)",2023-03-27 05:00:15,3.74.1
Hendry Gunawan,mantap fast respon btranaaksi,5,,2023-03-27 04:51:18,"Hi Kak, senang banget nih dapat rating bagus dari Kakak, terima kasih juga atas feedbacknya! Kenyamanan Kakak adalah prioritas Kami, jika ada pertanyaan lainnya jangan sungkan ya untuk infokan pada kami di https://www.traveloka.com/contactus . Jangan sampai ketinggalan penawaran menarik lainnya di Traveloka Lifestye Super Apps.",2023-03-27 05:00:18,
yuddy HS,"Kinerja aplikasinya gak bagus terbukti hampir semua ksh bintang 1 atau 2, ada yg slh dg aplikasi ini. Uninstall",1,,2023-03-27 04:41:10,"Hai Yudh. Maaf buat kamu tidak nyaman. Agar dapat kami bantu lebih lanjut kendala kamu, mohon dapat hubungi kami melalui tautan ini https://www.traveloka.com/id-id/contactus. Terima kasih. -RM",2023-03-27 05:04:33,
Guntur galih,memudahkan banget pesen hotel,5,3.74.1,2023-03-27 04:33:04,"Hi Kak, senang banget nih dapat rating bagus dari Kakak, terima kasih juga atas feedbacknya! Kenyamanan Kakak adalah prioritas Kami, jika ada pertanyaan lainnya jangan sungkan ya untuk infokan pada kami di https://www.traveloka.com/contactus . Jangan sampai ketinggalan penawaran menarik lainnya di Traveloka Lifestye Super Apps.",2023-03-27 05:00:29,3.74.1
Teuku Is,Sangat buruk. Uang kita masukin ga bisa di tarik balik alsan bermacam2. Padahal kita sudh 10 tahun lnganan traveloka. Jebakan betmen buat masyarakat susah. Ampun saya nyesel masukin duit ke uangku. Sqmapai sekarang masih ada sisa,1,3.74.1,2023-03-27 04:01:09,"Hai, Teuku. Mohon maaf atas ketidaknyamanannya. Mengenai kendala yang kamu alami, mohon hubungi kami melalui tautan ini https://www.traveloka.com/id-id/contactus untuk dibantu cek lebih lanjut ya. Terima kasih 🙏 -WR",2023-03-27 04:01:36,3.74.1
Dean Angga,Kenapa virtual number saya tidak bisa di gunakan padahal sudah naik level dan selalu bayar tepat waktu mohon penjelasan nya,4,3.74.1,2023-03-27 03:51:52,"Hai, Dean. Mohon maaf atas ketidaknyamanan yang terjadi. Kalau kamu memiliki kendala terkait penggunaan Virtual Number PayLater di Traveloka, mohon hubungi kami melalui tautan ini https://www.traveloka.com/id-id/contactus untuk dibantu cek lebih lanjut ya. Terima kasih 🙏 -WR",2023-03-27 04:02:57,3.74.1
ToTo Sbj,bagus,5,3.71.0,2023-03-27 03:28:24,"Halo Kak, terima kasih banyak atas ratingnya, semoga Kakak tetap nyaman dan selau setia menjadi pelanggan Traveloka. Yuk Kak pantengin terus Traveloka Lifestyle Super App karna kami selalu berikan promo-promo yg menarik loooh, jangan sampai ketinggalan ya :)",2023-03-27 03:30:15,3.71.0
agungmu manis,mantap,5,3.74.1,2023-03-27 02:38:44,"Halo, Agung. Terima kasih atas penilaiannya dan telah memilih Traveloka sebagai partner perjalanan kamu. Terima kasih. -SC",2023-03-27 03:04:54,3.74.1
Patrick Stone Art [Jamaah HoloID],work as ussual,4,3.70.1,2023-03-27 01:53:58,"Hi, Patrick. Thank you for the rating and for choosing traveloka as your travel partner. -SC",2023-03-27 02:03:31,3.70.1
Joedi Amore,"Krisis kepercayaan berkaitan dg transaksi pembayaran selalu ada masalah, hal pelayanan ini boleh terjadi",1,,2023-03-27 01:30:00,Halo Joedi. Mohon kaaf atas ketidaknyamanan yang kamu alami. Silakan menghubungi kami melalui https://www.traveloka.com/id-id/contactus untuk pengecekan lebih lanjut. Terima kasih. -SC,2023-03-27 02:01:47,
Ko Ali Liong,SANGAT BURUK.HATI HATI DALAM MEMBELI HOTEL DAN RENTAL MOBIL.HARGA NYA SEMUA GAK JELAS.Terutama dalam rental mobil.perhatikan baik baik ada pembayaran diluar dari harga yang ditawarkan diluar bensin.dan pastikan daerah zona zona nya.aama bensin itu kebetulan saya dapet rental patok dalam kota bensin 150 ribu.dan udah diisi.HTAI HATI mengunakan TRAVELOKA.SARAN BUAT TRAVELOKA.PEEBAIKII.terima kasih.update :udah dihubungi TravelokaTAPI GAK ADA SOLUSI TETEP BURUK.yang ada jwaban diulang ulang,1,3.74.0,2023-03-27 01:25:35,"Hai, Ali. Kami meminta maaf atas kendala yang kamu alami. Kamu dapat menghubungi kami melalui https://www.traveloka.com/id-id/contactus agar masalahmu bisa diselesaikan secepat mungkin. Kami akan berikan solusi terbaik agar kamu dapat merasa puas dan layanan kami layak mendapatkan rating yang lebih baik. Terima kasih. -OE",2023-03-26 06:31:54,3.74.0
tommy Erminto,bagus dan lancar,5,3.74.1,2023-03-27 00:13:40,"Halo Kak, terima kasih banyak atas ratingnya, semoga Kakak tetap nyaman dan selau setia menjadi pelanggan Traveloka. Yuk Kak pantengin terus Traveloka Lifestyle Super App karna kami selalu berikan promo-promo yg menarik loooh, jangan sampai ketinggalan ya :)",2023-03-27 00:30:09,3.74.1
Mochammad Ilham,cepat aman dan lancar dalam merespon,5,3.49.1,2023-03-26 23:51:01,"Halo Kak, terima kasih banyak atas ratingnya, semoga Kakak tetap nyaman dan selau setia menjadi pelanggan Traveloka. Yuk Kak pantengin terus Traveloka Lifestyle Super App karna kami selalu berikan promo-promo yg menarik loooh, jangan sampai ketinggalan ya :)",2023-03-27 00:00:23,3.49.1
Atma Wijaya,Proses refund lama n biaya pemotongan banyak pdhl blm satu hari... Pembatalan krn salah tgl ato bulan.. hati2,1,3.74.1,2023-03-26 16:53:28,Hai Kak Atma. Mohon maaf sekali sebelumnya Kak. Terkait refund tiket penerbangan memang terdapat biaya dari pihak maskapai Kak. Pada dasarnya kamu bisa mendapatkan refund 100% jika kamu menambahkan refund guarantee pada saat pemesanan ya. Terima kasih. -FR,2023-03-26 17:04:44,3.74.1
ijal teko (ijal nasution),"cepat tepat dan pasti, top",5,3.74.1,2023-03-26 16:44:59,"Halo Kak, terima kasih banyak atas ratingnya, semoga Kakak tetap nyaman dan selau setia menjadi pelanggan Traveloka. Yuk Kak pantengin terus Traveloka Lifestyle Super App karna kami selalu berikan promo-promo yg menarik loooh, jangan sampai ketinggalan ya :)",2023-03-26 17:00:14,3.74.1
Khojiro 09,"Min kalau kita sudah pesan tiket,trus waktu pemberangkatanya tidak ada bus itu gimana?",4,3.74.1,2023-03-26 15:43:54,"Hai Kak Khojiro, kalau kamu terkendala dengan Bus yang akan ditumpangi silakan infokan nomor pesanan kamu melalui https://www.traveloka.com/id-id/contactus supaya mimin bantu cek Kak. Terima kasih -DZ",2023-03-26 16:07:21,3.74.1
Rosyriswati Loak,❤❤❤❤🙏🙏🙏,5,3.72.0,2023-03-26 13:43:57,"Hai Kak, terima kasih atas feedbacknya, semoga kamu tetap setia dengan Traveloka. Jika ada pertanyaan bisa langsung infokan pada kami di https://www.traveloka.com/contactus ya Kak. Pantau terus Traveloka Lifestyle Super App untuk penawaran spesial lainnya! -AH",2023-03-26 14:02:29,3.72.0
Paskalia Aprily Tumangkeng,👍👍,4,3.74.0,2023-03-26 13:13:26,"Terima kasih ya kak Aprily untuk penilaian kamu, jangan lupa selalu pesan menggunakan aplikasi Traveloka untuk menjadi teman liburan kamu dan jangan ragu menghubungi kami melalui alamat email kami di cs@traveloka.com jika mendapati kendala terkait pemesanan kamu ya kak. Terima kasih -AK",2023-03-26 13:36:59,3.74.0
Izhar Husein,Oke,5,3.74.1,2023-03-26 13:12:40,"Hai Husein, terima kasih atas feedbacknya, semoga kamu tetap setia dengan Traveloka. Jika ada pertanyaan bisa langsung infokan pada kami di https://www.traveloka.com/contactus ya Kak. Pantau terus Traveloka Lifestyle Super App untuk penawaran spesial lainnya! -AH",2023-03-26 13:36:47,3.74.1
Leona Sy,mantap,5,3.69.1,2023-03-26 13:02:08,"Hai kak, senangnya mendapat bintang lima dari kamu, terima kasih atas apresiasinya, semoga kaka tetap nyaman dan selau setia menjadi pelanggan Traveloka, yuk ka pantengin terus traveloka karna kami selalu berikan promo promo yg menarik loooh, jangan sampai ketinggalan ya. -DA",2023-03-26 13:36:47,3.69.1
Elianus Yusak,cepat murah dan praktis,5,3.74.1,2023-03-26 13:00:22,"Halo Kak, terima kasih banyak atas ratingnya, semoga Kakak tetap nyaman dan selau setia menjadi pelanggan Traveloka. Yuk Kak pantengin terus Traveloka Lifestyle Super App karna kami selalu berikan promo-promo yg menarik loooh, jangan sampai ketinggalan ya :)",2023-03-26 13:30:16,3.74.1
SAS,mantap,5,3.74.1,2023-03-26 12:56:56,"Hai Kak, terima kasih atas feedbacknya, semoga kamu tetap setia dengan Traveloka. Jika ada pertanyaan bisa langsung infokan pada kami di https://www.traveloka.com/contactus ya Kak. Pantau terus Traveloka Lifestyle Super App untuk penawaran spesial lainnya! -AH",2023-03-26 13:01:10,3.74.1
ngurah sa3a1,good,5,3.74.1,2023-03-26 12:29:15,"Hi, thank you very much for the positive review! Please feel free to contact us at https://www.traveloka.com/contactus we're more than happy to assist you and Stay tuned for more exciting offers on Traveloka Lifestyle Super App.",2023-03-26 12:30:19,3.74.1
Saikin Ginting,lancaaaar...mantaaap,5,3.74.1,2023-03-26 12:23:26,"Halo, Saikin. Terima kasih atas feedback kamu, jangan sungkan untuk hubungi kami jika mempunyai pertanyaan. Kakak bisa hubungi kami melalui https://www.traveloka.com/id-id/contactus ya. Terima kasih. -PA",2023-03-26 12:31:37,3.74.1
Hendry Hendry,Coba dulu,5,,2023-03-26 11:58:14,"Halo Kak, terima kasih banyak atas ratingnya, semoga Kakak tetap nyaman dan selau setia menjadi pelanggan Traveloka. Yuk Kak pantengin terus Traveloka Lifestyle Super App karna kami selalu berikan promo-promo yg menarik loooh, jangan sampai ketinggalan ya :)",2023-03-26 12:00:16,
Badik Abdul badik,mantap,5,3.74.1,2023-03-26 09:28:07,"Hai Abdul, terima kasih atas feedbacknya, semoga kamu tetap setia dengan Traveloka. Jika ada pertanyaan bisa langsung infokan pada kami di https://www.traveloka.com/contactus ya Kak. Pantau terus Traveloka Lifestyle Super App untuk penawaran spesial lainnya! -AH",2023-03-26 09:31:08,3.74.1
Erwin Simamarta,mantap,5,,2023-03-26 08:56:15,"Hai, Kak Erwin. Makasih atas ratingnya. Mimin tunggu pesanan kamu berikutnya ya. Semoga sehat selalu 😊 -RZ",2023-03-26 09:03:28,
Renita Devie,"Sngat membantu saat butuh tiket utk perjalanan keluar kota , terutama saat mudik Lebaran 👍👆",5,3.48.0,2023-03-26 08:09:30,"Halo Kak, terima kasih banyak atas ratingnya, semoga Kakak tetap nyaman dan selau setia menjadi pelanggan Traveloka. Yuk Kak pantengin terus Traveloka Lifestyle Super App karna kami selalu berikan promo-promo yg menarik loooh, jangan sampai ketinggalan ya :)",2023-03-26 08:30:11,3.48.0
Mitsu Vie,"Terkait keluhan saya sebelumnya perihal tidak bisa byr cicilan diakun traveloka saya, stlh menghubungi CS dan email, baru pihak traveloka membalas dan setting ulang pembayaran serta menberikan optional pembayaran bs via transfer langsung ke rek mandiri traveloka, dan masalah clear Utk ke depannya mohon jadi perhatian agar hal yang sama tidak terulang kembali Krn bisa berdampak jadi berkurangnya minat utk penggunaan paylater sprti takut akan nama pembayaran tidak lancar dan sbg.. Terimakasih",3,3.74.1,2023-03-26 07:06:39,"Hai Mitsu, untuk dapat kami bantu tindkalanjuti Kakak bisa menghubungi kami melalui akun IG PayLater Traveloka https://www.instagram.com/travelokapaylater/ ya. Makasih. -AK
",2023-03-26 06:02:31,3.74.1
Indra Jimy,thank traveloka,5,3.73.0,2023-03-26 07:05:49,"Halo Kak, terima kasih banyak atas ratingnya, semoga Kakak tetap nyaman dan selau setia menjadi pelanggan Traveloka. Yuk Kak pantengin terus Traveloka Lifestyle Super App karna kami selalu berikan promo-promo yg menarik loooh, jangan sampai ketinggalan ya :)",2023-03-26 07:30:11,3.73.0
natalia tuka,bagus,5,3.74.1,2023-03-26 07:01:39,"Hi Kak, senang banget nih dapat rating bagus dari Kakak, terima kasih juga atas feedbacknya! Kenyamanan Kakak adalah prioritas Kami, jika ada pertanyaan lainnya jangan sungkan ya untuk infokan pada kami di https://www.traveloka.com/contactus . Jangan sampai ketinggalan penawaran menarik lainnya di Traveloka Lifestye Super Apps.",2023-03-26 07:30:14,3.74.1
Vita Rama,Iklan paling ganggu diseluruh platform,2,3.74.1,2023-03-26 06:48:05,"Hai Vita, mohon maaf jika hal tersebut mebuat kamu tidak nyaman. Jika kamu mempunyai kendala mohon dapat menghubungi kami lebih lanjut melalui link https://www.traveloka.com/id-id/contactus. Terima kasih. -AH",2023-03-26 07:05:06,3.74.1
Muhammad Reza,"Sistem paylaternya parah banget, udh bayar tagihan masih aja di telpon suruh bayar",1,3.74.1,2023-03-26 06:22:05,Hai Kak. Mohon maaf atas ketidaknyamanannya. Mohon untuk sampaikan keluhan kamu secara detail melalui https://www.traveloka.com/id-id/contactus. Supaya kami dapat membantu permasalahan kamu. Sebagai Informasi tambahan kamu boleh kok hubungi kami ke akun IG PayLater Traveloka https://www.instagram.com/travelokapaylater/ ya Kak. Terima kasih. -DA,2023-03-26 06:32:06,3.74.1
mesya ho,good,5,3.74.1,2023-03-26 06:13:27,"Hi, we are so grateful to get a lot of support from you. Hope you continue to enjoy our offers. If you have any feedback or suggestions, let us know on https://www.traveloka.com/contactus, our customer service would love to serve you in 24 hours. Thank you!",2023-03-26 06:30:16,3.74.1
Agus Anwar,mantap,5,3.69.0,2023-03-26 06:00:32,"Terima kasih ya kak Agus untuk penilaian kamu, jangan lupa selalu pesan menggunakan aplikasi Traveloka untuk menjadi teman liburan kamu dan jangan ragu menghubungi kami melalui alamat email kami di cs@traveloka.com jika mendapati kendala terkait pemesanan kamu ya kak. Terima kasih -AK",2023-03-26 06:33:12,3.69.0
Ivanda Haka,"app yg mudah, banyak promo, nyaris ga ada bug, pertahankan dan tingkatkan trs..",5,3.74.1,2023-03-26 05:55:04,"Halo Kak, terima kasih banyak atas ratingnya, semoga Kakak tetap nyaman dan selau setia menjadi pelanggan Traveloka. Yuk Kak pantengin terus Traveloka Lifestyle Super App karna kami selalu berikan promo-promo yg menarik loooh, jangan sampai ketinggalan ya :)",2023-03-26 06:00:09,3.74.1
Bagus Widodo,Sangat membantu😎😎😎,5,3.74.1,2023-03-26 05:54:04,"Hi Kak, senang banget nih dapat rating bagus dari Kakak, terima kasih juga atas feedbacknya! Kenyamanan Kakak adalah prioritas Kami, jika ada pertanyaan lainnya jangan sungkan ya untuk infokan pada kami di https://www.traveloka.com/contactus . Jangan sampai ketinggalan penawaran menarik lainnya di Traveloka Lifestye Super Apps.",2023-03-26 06:00:11,3.74.1
Simanungkalit Hermanto,mudah pesan nya,3,3.74.1,2023-03-26 05:26:40,"Hai, Simanungkalit. Terima kasih atas penilaian dan feedback dari kamu, kami akan terus meningkatkan kepuasan para pengguna. Jika ada pertanyaan lainnya jangan sungkan ya untuk infokan pada kami di https://www.traveloka.com/contactus. Jangan sampai ketinggalan penawaran menarik lainnya di Traveloka Lifestyle Super Apps. Terima kasih. -VK",2023-03-26 05:31:52,3.74.1
45MY حاسمياتي,"Paylater dinonaktifkan padahal pembayaran bagus, alasannya gak masuk akal, udah gitu promonya selalu gak bisa digunakan alasanya kuota penuh",1,3.74.0,2023-03-26 05:17:06,"Hai Kak. Maaf buat kamu tidak nyaman. Untuk dapat informasi lebih lanjut kendala kamu, mohon hubungi kami melalui link https://www.traveloka.com/id-id/contactus atau bisa juga hubungi langsung akun IG Traveloka PayLater https://www.instagram.com/travelokapaylater/ jika membutuhkan bantuan soal PayLater. Terima kasih. -RM",2023-03-26 05:35:09,3.74.0
Ahmad Sobari,pesen tiket apapun ngga ribet...cuma penggunaan promo masih kurang.secara keseluruhan dah ok,5,3.74.1,2023-03-26 05:10:33,"Halo Kak, terima kasih banyak atas ratingnya, semoga Kakak tetap nyaman dan selau setia menjadi pelanggan Traveloka. Yuk Kak pantengin terus Traveloka Lifestyle Super App karna kami selalu berikan promo-promo yg menarik loooh, jangan sampai ketinggalan ya :)",2023-03-26 05:30:13,3.74.1
Hari Handika,goodjob,5,3.74.1,2023-03-26 05:07:43,"Hi, we are so grateful to get a lot of support from you. Hope you continue to enjoy our offers. If you have any feedback or suggestions, let us know on https://www.traveloka.com/contactus, our customer service would love to serve you in 24 hours. Thank you!",2023-03-26 05:30:16,3.74.1
Dian Pertiwi,Yg mo,3,3.74.0,2023-03-26 04:45:51,"Hai Dian, Jika kamu memiliki kendala pada pemesanan ataupun pertanyaan perihal pemesanan pada aplikasi Traveloka Kakak bisa menghubungi kami melalui email kami di cs@traveloka.com ya Kak. Terima kasih. -AK",2023-03-26 05:01:50,3.74.0
delisha elfarizqi,wah mudah sekali ternyata,5,3.74.1,2023-03-26 04:22:14,"Halo Kak, terima kasih banyak atas ratingnya, semoga Kakak tetap nyaman dan selau setia menjadi pelanggan Traveloka. Yuk Kak pantengin terus Traveloka Lifestyle Super App karna kami selalu berikan promo-promo yg menarik loooh, jangan sampai ketinggalan ya :)",2023-03-26 04:30:20,3.74.1
sugi arto,mantap,5,3.74.1,2023-03-26 04:04:56,"Hai, Sugi arto. Terima kasih atas penilaiannya, kami akan terus berkembang untuk kenyamanan pengguna yang lebih baik ke depannya. Terima kasih. -SC",2023-03-26 04:32:25,3.74.1
Yati Naufal,the best,5,3.72.0,2023-03-26 04:00:21,"Hi, we are so grateful to get a lot of support from you. Hope you continue to enjoy our offers. If you have any feedback or suggestions, let us know on https://www.traveloka.com/contactus, our customer service would love to serve you in 24 hours. Thank you!",2023-03-26 04:30:25,3.72.0
8813 Tradhy Rivalldo,"kadang heng ,,,!,,",4,3.74.1,2023-03-26 03:18:50,Halo Tradhy. Mohon maaf atas kendala yang kamu alami. Silakan menghubungi kami kembali melalui https://www.traveloka.com/id-id/contactus untuk pengecekan lebih lanjut. Terima kasih. -SC,2023-03-26 03:33:27,3.74.1
Ambar Wati,sangat membantu dan banyak diskon,5,3.74.1,2023-03-26 03:17:39,"Halo Kak, terima kasih banyak atas ratingnya, semoga Kakak tetap nyaman dan selau setia menjadi pelanggan Traveloka. Yuk Kak pantengin terus Traveloka Lifestyle Super App karna kami selalu berikan promo-promo yg menarik loooh, jangan sampai ketinggalan ya :)",2023-03-26 03:30:11,3.74.1
Nur Sunarno,bagus skl,5,3.74.1,2023-03-26 02:24:36,"Halo Kak, terima kasih banyak atas ratingnya, semoga Kakak tetap nyaman dan selau setia menjadi pelanggan Traveloka. Yuk Kak pantengin terus Traveloka Lifestyle Super App karna kami selalu berikan promo-promo yg menarik loooh, jangan sampai ketinggalan ya :)",2023-03-26 02:30:12,3.74.1
Fian8 Channel,"Sangat membantu sekali, trimakasih Traveloka.",5,,2023-03-26 02:12:47,"Hi Kak, senang banget nih dapat rating bagus dari Kakak, terima kasih juga atas feedbacknya! Kenyamanan Kakak adalah prioritas Kami, jika ada pertanyaan lainnya jangan sungkan ya untuk infokan pada kami di https://www.traveloka.com/contactus . Jangan sampai ketinggalan penawaran menarik lainnya di Traveloka Lifestye Super Apps.",2023-03-26 02:30:14,
Mikarni Eny,"Mengcewakan, di telpon terus sangat menganggu!!!",1,3.72.0,2023-03-26 01:54:59,"Hai Mikarni. Maaf buat kamu tidak nyaman. Untuk dapat memahami kendala kamu, mohon dapat menghubungi kami melalui link https://www.traveloka.com/id-id/contactus. Terima kasih. -RM",2023-03-26 02:01:38,3.72.0
Parzan Liparta,"Parzan Liparta, is the best",5,3.74.1,2023-03-26 00:11:22,"Hi, thank you very much for the positive review! Please feel free to contact us at https://www.traveloka.com/contactus we're more than happy to assist you and Stay tuned for more exciting offers on Traveloka Lifestyle Super App.",2023-03-26 00:30:11,3.74.1
Anjani rediawan,cepat dan aman,5,3.74.1,2023-03-25 23:54:55,"Halo Kak, terima kasih banyak atas ratingnya, semoga Kakak tetap nyaman dan selau setia menjadi pelanggan Traveloka. Yuk Kak pantengin terus Traveloka Lifestyle Super App karna kami selalu berikan promo-promo yg menarik loooh, jangan sampai ketinggalan ya :)",2023-03-26 00:00:22,3.74.1
Ridho Ratna,awezome,5,3.73.0,2023-03-25 23:39:13,"Hi, we are so grateful to get a lot of support from you. Hope you continue to enjoy our offers. If you have any feedback or suggestions, let us know on https://www.traveloka.com/contactus, our customer service would love to serve you in 24 hours. Thank you!",2023-03-26 00:00:25,3.73.0
Hendy Wongso,Terima Kasih Traveloka,5,3.74.1,2023-03-25 23:13:53,"Halo Kak, terima kasih banyak atas ratingnya, semoga Kakak tetap nyaman dan selau setia menjadi pelanggan Traveloka. Yuk Kak pantengin terus Traveloka Lifestyle Super App karna kami selalu berikan promo-promo yg menarik loooh, jangan sampai ketinggalan ya :)",2023-03-25 23:30:10,3.74.1
az Zahra,ok,5,3.74.1,2023-03-25 22:24:09,"Hi, thank you very much for the positive review! Please feel free to contact us at https://www.traveloka.com/contactus we're more than happy to assist you and Stay tuned for more exciting offers on Traveloka Lifestyle Super App.",2023-03-25 22:30:10,3.74.1
Yoram Adi,bagus,5,3.74.1,2023-03-25 21:44:15,"Halo Kak, terima kasih banyak atas ratingnya, semoga Kakak tetap nyaman dan selau setia menjadi pelanggan Traveloka. Yuk Kak pantengin terus Traveloka Lifestyle Super App karna kami selalu berikan promo-promo yg menarik loooh, jangan sampai ketinggalan ya :)",2023-03-25 22:00:19,3.74.1
Yusup Widodo,Sangat Mempermudah,5,3.71.1,2023-03-25 19:05:42,"Halo Kak, terima kasih banyak atas ratingnya, semoga Kakak tetap nyaman dan selau setia menjadi pelanggan Traveloka. Yuk Kak pantengin terus Traveloka Lifestyle Super App karna kami selalu berikan promo-promo yg menarik loooh, jangan sampai ketinggalan ya :)",2023-03-25 19:30:13,3.71.1
Surya Riyan,Super air jet ga bisa check in online,3,3.74.0,2023-03-25 16:02:41,"Hai Kak Surya. Pada dasarnya jika tidak tersedia check-in online di aplikasi Traveloka kamu, maka kamu bisa check-in online melalui website maskapai atau check-in langsung di bandara. Untuk info lebih lanjut, kamu bisa hubungi customer service kami melalui email di cs@traveloka.com ya. Terima kasih. -FR",2023-03-25 16:33:41,3.74.0
Supri Yanto,Mantap dahhh..,5,,2023-03-25 15:20:50,Makasih ya Kak Supri sudah setia bersama Traveloka :)) -DZ,2023-03-25 15:33:06,
Rodo Demax,"tiap bulan ada biaya statment fee BRI pay later credit card,walaupun tidak ada transaksi.sangat mengganggu dan merugikan, mau tutup dipersulit, Asiuuuuuu lah",1,3.74.1,2023-03-25 14:31:50,"Hai Rodo. Mohon maaf sekali sebelumnya Kak, jika terdapat kendala pada pemesanan Traveloka kamu, silakan infokan dengan detail melalui pesan di aplikasi Traveloka kamu atau melalui email di cs@traveloka.com ya. Agar dapat kami bantu cek lebih lanjut. Terima kasih. -FR",2023-03-25 15:02:51,3.74.1
C_Rychy Herison_,kereem,5,3.74.1,2023-03-25 14:22:42,"Hai kak, senangnya mendapat bintang lima dari kamu, terima kasih atas apresiasinya, semoga kaka tetap nyaman dan selau setia menjadi pelanggan Traveloka, yuk ka pantengin terus traveloka karna kami selalu berikan promo promo yg menarik loooh, jangan sampai ketinggalan ya. -DA",2023-03-25 14:31:10,3.74.1
Lenni Marlina,"Error terus mau masukan perusahaan, sampe kesel",1,3.74.1,2023-03-25 14:16:59,"Hai, Lenni. Mohon maaf atas ketidaknyamanannya. Apabila kamu mengalami kendala error pada aplikasi Traveloka, mohon untuk melakukan update terlebih dahulu aplikasi Traveloka kamu. Apabila kendala masih berlanjut, silakan menghubungi kami melalui email di cs@traveloka.com. Nantinya kami akan lakukan pengecekan lebih lanjut. Terima kasih.",2023-03-25 14:32:34,3.74.1
annaria sari,respon good,5,3.74.1,2023-03-25 14:14:28,"Hi, thank you very much for the positive review! Please feel free to contact us at https://www.traveloka.com/contactus we're more than happy to assist you and Stay tuned for more exciting offers on Traveloka Lifestyle Super App.",2023-03-25 14:30:19,3.74.1
Siswanto Saja,baru pertama makek smoga amanah,5,3.74.1,2023-03-25 13:55:26,"Hai Siswanto, terima kasih atas feedbacknya, semoga kamu tetap setia dengan Traveloka. Jika ada pertanyaan bisa langsung infokan pada kami di https://www.traveloka.com/contactus ya Kak. Pantau terus Traveloka Lifestyle Super App untuk penawaran spesial lainnya! -AH",2023-03-25 14:02:16,3.74.1
ASKA MEDI,👌👌👌👌👌👌🤝🤝,5,3.74.1,2023-03-25 13:30:14,"Hai, Aska. Terima kasih atas penilaian dan telah menjadikan Traveloka sebagai mitra perjalanan kamu, kami akan terus meningkat kepuasan para pengguna. Jika kamu memiliki pertanyaan lebih lanjut, silakan menghubungi kami melalui https://www.traveloka.com/contactus. Terima kasih.-TK",2023-03-25 14:02:47,3.74.1
Joy Raul Gonsales,oke,4,3.74.1,2023-03-25 13:30:06,"Hai, Joy. Senang sekali menerima bintang 4 dari kamu, terima kasih juga atas feedbacknya, Kenyamanan Kakak adalah prioritas Kami semoga kedepannya kami bisa dapat bintang 5 dari kamu ya ka :) -DA",2023-03-25 14:02:43,3.74.1
Danto Ngalam,cepat dan tepat,5,3.55.1,2023-03-25 13:27:45,"Halo Kak, terima kasih banyak atas ratingnya, semoga Kakak tetap nyaman dan selau setia menjadi pelanggan Traveloka. Yuk Kak pantengin terus Traveloka Lifestyle Super App karna kami selalu berikan promo-promo yg menarik loooh, jangan sampai ketinggalan ya :)",2023-03-25 13:30:11,3.55.1
Marika Gaham,nice semoga lancar,5,3.36.1,2023-03-25 13:17:51,"Hi Kak, senang banget nih dapat rating bagus dari Kakak, terima kasih juga atas feedbacknya! Kenyamanan Kakak adalah prioritas Kami, jika ada pertanyaan lainnya jangan sungkan ya untuk infokan pada kami di https://www.traveloka.com/contactus . Jangan sampai ketinggalan penawaran menarik lainnya di Traveloka Lifestye Super Apps.",2023-03-25 13:30:13,3.36.1
Putra Tanjuank,"Saya mau nanya, saya punya akun traveloka akun indonesia, saya lagi di malaysia klau saya boking tiket pesawat apakah bisa di aplikasi saya, tentunya saya melakukan pembayaran menggunakan rupiah, takutnya tidak jdi tiket saya hanggus dong jadinya, satulagi pasporsaya bisa habis limit kalau seandainya tiket saya hangus,,, .. Mohan di jawab dri pihak travoloka??",5,3.71.1,2023-03-25 12:36:30,"Hai, Putra. Terima kasih atas apresiasinya, semoga kamu selau setia menjadi pelanggan Traveloka. Pada dasarnya hal tersebut dapat dilakukan ya Kak. Namun jika kamu mengalami kendala, Mohon untuk sampaikan kendala kamu dengan detail melalui https://www.traveloka.com/id-id/contactus. Supaya kami dapat membantu permasalahan kamu. Terima kasih. -DA",2023-03-25 13:04:12,3.71.1
Royce Antonio Wijaya,"Di sini sudah tidak ada lagi menu ""eats"" Ya?",5,3.74.1,2023-03-25 10:33:20,"Hai, Royce. Mohon maaf sebelumnya ya Kak. Untuk product Eats di Traveloka sudah tidak ada ya. Kamu bisa cek langsung product menarik lainnya ya melaui aplikasi Traveloka dan semoga kedepannya product Eats bisa ada lagi di Trvaveloka. Terima kasih. -IN",2023-03-25 11:04:51,3.74.1
Firman 0808,Betty hh uy (7 f yee5+,4,3.69.1,2023-03-25 10:12:18,"Hi, thank you very much for the positive review! Please feel free to contact us at https://www.traveloka.com/contactus we're more than happy to assist you and Stay tuned for more exciting offers on Traveloka Lifestyle Super App.",2023-03-25 10:30:09,3.69.1
Muhammad Andi Syamsu Alam,cepat...mantap,5,3.74.1,2023-03-25 10:11:22,"Hi Kak, senang banget nih dapat rating bagus dari Kakak, terima kasih juga atas feedbacknya! Kenyamanan Kakak adalah prioritas Kami, jika ada pertanyaan lainnya jangan sungkan ya untuk infokan pada kami di https://www.traveloka.com/contactus . Jangan sampai ketinggalan penawaran menarik lainnya di Traveloka Lifestye Super Apps.",2023-03-25 10:30:10,3.74.1
Kadong Tresno,puas,5,3.71.0,2023-03-25 09:46:34,"Halo, Tresno. Terima kasih banyak atas ratingnya, semoga Kakak tetap nyaman dan selau setia menjadi pelanggan Traveloka. Yuk Kak pantengin terus Traveloka Lifestyle Super App karna kami selalu berikan promo-promo yg menarik loooh, jangan sampai ketinggalan ya :) -IN",2023-03-25 10:04:38,3.71.0
MASSABAN 11,luar biasa,5,3.74.1,2023-03-25 09:38:07,"Halo, Saban. Terima kasih banyak atas ratingnya, semoga Kakak tetap nyaman dan selau setia menjadi pelanggan Traveloka. Yuk Kak pantengin terus Traveloka Lifestyle Super App karna kami selalu berikan promo-promo yg menarik loooh, jangan sampai ketinggalan ya :) -IN",2023-03-25 10:04:26,3.74.1
bahrum hamzah,layanannya baik dan prosesnya cepat... thanks,5,3.73.0,2023-03-25 09:37:29,"Halo Kak, terima kasih banyak atas ratingnya, semoga Kakak tetap nyaman dan selau setia menjadi pelanggan Traveloka. Yuk Kak pantengin terus Traveloka Lifestyle Super App karna kami selalu berikan promo-promo yg menarik loooh, jangan sampai ketinggalan ya :)",2023-03-25 10:00:12,3.73.0
Ramli Gianto,ok.semua pesanan bisa dipenuhi,5,3.74.1,2023-03-25 09:36:17,"Hi Kak, senang banget nih dapat rating bagus dari Kakak, terima kasih juga atas feedbacknya! Kenyamanan Kakak adalah prioritas Kami, jika ada pertanyaan lainnya jangan sungkan ya untuk infokan pada kami di https://www.traveloka.com/contactus . Jangan sampai ketinggalan penawaran menarik lainnya di Traveloka Lifestye Super Apps.",2023-03-25 10:00:15,3.74.1
Sahil Kids 01,cepat tepat mantap,5,3.74.1,2023-03-25 08:43:23,"Halo Kak, terima kasih banyak atas ratingnya, semoga Kakak tetap nyaman dan selau setia menjadi pelanggan Traveloka. Yuk Kak pantengin terus Traveloka Lifestyle Super App karna kami selalu berikan promo-promo yg menarik loooh, jangan sampai ketinggalan ya :)",2023-03-25 09:00:10,3.74.1
arfan fir,good,4,3.74.1,2023-03-25 07:22:23,"Hi, thank you very much for the positive review! Please feel free to contact us at https://www.traveloka.com/contactus we're more than happy to assist you and Stay tuned for more exciting offers on Traveloka Lifestyle Super App.",2023-03-25 07:30:11,3.74.1
Sri Agung Budi Susetyo,Sangat Membantu Sekali,5,3.74.1,2023-03-25 07:05:03,"Hi Kak, senang banget nih dapat rating bagus dari Kakak, terima kasih juga atas feedbacknya! Kenyamanan Kakak adalah prioritas Kami, jika ada pertanyaan lainnya jangan sungkan ya untuk infokan pada kami di https://www.traveloka.com/contactus . Jangan sampai ketinggalan penawaran menarik lainnya di Traveloka Lifestye Super Apps.",2023-03-25 07:30:16,3.74.1
Bang Booo,sangat membantu,5,3.74.1,2023-03-25 05:34:59,"Halo Kak, terima kasih banyak atas ratingnya, semoga Kakak tetap nyaman dan selau setia menjadi pelanggan Traveloka. Yuk Kak pantengin terus Traveloka Lifestyle Super App karna kami selalu berikan promo-promo yg menarik loooh, jangan sampai ketinggalan ya :)",2023-03-25 06:00:13,3.74.1
Syaiful Anwar,mudah dan banyak opsi,5,3.74.1,2023-03-25 05:22:11,"Halo Kak, terima kasih banyak atas ratingnya, semoga Kakak tetap nyaman dan selau setia menjadi pelanggan Traveloka. Yuk Kak pantengin terus Traveloka Lifestyle Super App karna kami selalu berikan promo-promo yg menarik loooh, jangan sampai ketinggalan ya :)",2023-03-25 05:30:12,3.74.1
Petra David,mantaap..,4,3.74.1,2023-03-25 05:14:40,"Hai, Petra. Terima kasih untuk review dan bintang 4 yang kamu berikan ya, mimin senang banget deh lihatnya. Semoga bisa jadi bintang 5 ya hehehe. Sehat dan sukses selalu buat kamu serta keluarga. Mimin tunggu pesanan kamu selanjutnya :) -AM
",2023-03-25 05:33:55,3.74.1
dhianharyono,"Selain berguna banget buat prepare holiday dan akomodasi, ui yang selalu update dan fresh bikin betah sama traveloka. Keren!",5,3.74.1,2023-03-25 04:54:50,"Halo Kak, terima kasih banyak atas ratingnya, semoga Kakak tetap nyaman dan selau setia menjadi pelanggan Traveloka. Yuk Kak pantengin terus Traveloka Lifestyle Super App karna kami selalu berikan promo-promo yg menarik loooh, jangan sampai ketinggalan ya :)",2023-03-25 05:00:20,3.74.1
Boru Siampudan,Bagaimana ni traveloka saya udah beli tiket pesawat sudah saya bayar pembayaran berhasil tapi kenapa status nya masih dalam proses dan pembelian tertunda tanggung jawab dong setidaknya balikin uang nya,1,3.74.1,2023-03-25 04:50:06,"Hai, Kak Boru. Mohon maaf atas kendala yang kamu alami. Agar kami bisa bantu cek lebih lanjut, silakan menghubungi kami melalui https://www.traveloka.com/id-id/contactus dengan menginformasikan nomor pesanan kamu ya Kak. Terima kasih 🙏 - RZ",2023-03-25 05:03:26,3.74.1
Raju dpz,Sangat Bermanfaat,5,3.55.0,2023-03-25 04:20:53,"Halo Kak, terima kasih banyak atas ratingnya, semoga Kakak tetap nyaman dan selau setia menjadi pelanggan Traveloka. Yuk Kak pantengin terus Traveloka Lifestyle Super App karna kami selalu berikan promo-promo yg menarik loooh, jangan sampai ketinggalan ya :)",2023-03-25 04:30:08,3.55.0
Ibnu As Sambasy,oke,5,3.74.1,2023-03-25 04:16:14,Hai Ibnu. Makasih buat rating yang kamu berikan! Mimin tunggu pesanan kamu selanjutnya di Traveloka :) -RM,2023-03-25 04:31:31,3.74.1
Jejen trioga Jejen,reting yng berbicara,5,3.57.0,2023-03-25 04:14:07,"Hi Kak, senang banget nih dapat rating bagus dari Kakak, terima kasih juga atas feedbacknya! Kenyamanan Kakak adalah prioritas Kami, jika ada pertanyaan lainnya jangan sungkan ya untuk infokan pada kami di https://www.traveloka.com/contactus . Jangan sampai ketinggalan penawaran menarik lainnya di Traveloka Lifestye Super Apps.",2023-03-25 04:30:12,3.57.0
Novah,traveloka memang jos,5,3.74.1,2023-03-25 04:09:50,"Hi Kak, terima kasih atas feedbacknya, semoga Kakak tetap setia dengan Traveloka. Jika ada pertanyaan lain bisa langsung infokan pada kami di https://www.traveloka.com/contactus ya, Kak. Pantau terus Traveloka Lifestyle Super App untuk penawaran spesial lainnya!",2023-03-25 04:30:15,3.74.1
Kiki Kipong,baik,5,3.73.0,2023-03-25 03:39:54,"Halo Kak, terima kasih banyak atas ratingnya, semoga Kakak tetap nyaman dan selau setia menjadi pelanggan Traveloka. Yuk Kak pantengin terus Traveloka Lifestyle Super App karna kami selalu berikan promo-promo yg menarik loooh, jangan sampai ketinggalan ya :)",2023-03-25 04:00:10,3.73.0
KANGGURU BRUDALS ???,Gua suka bosss,5,3.74.1,2023-03-25 03:33:59,"Hi Kak, senang banget nih dapat rating bagus dari Kakak, terima kasih juga atas feedbacknya! Kenyamanan Kakak adalah prioritas Kami, jika ada pertanyaan lainnya jangan sungkan ya untuk infokan pada kami di https://www.traveloka.com/contactus . Jangan sampai ketinggalan penawaran menarik lainnya di Traveloka Lifestye Super Apps.",2023-03-25 04:00:13,3.74.1
Perdana Simanungkalit,mantap,5,3.74.1,2023-03-25 02:58:38,"Hai, Perdana. Terima kasih banyak atas ratingnya. Semoga kamu tetap nyaman dan selalu setia menjadi pelanggan Traveloka. Yuk pantengin terus Traveloka Lifestyle Super App, karena kami selalu berikan promo-promo yang menarik. Jangan sampai ketinggalan ya :) -WR",2023-03-25 03:01:39,3.74.1
Yanto Lipu,baik,5,3.74.1,2023-03-25 02:51:25,"Halo Kak, terima kasih banyak atas ratingnya, semoga Kakak tetap nyaman dan selau setia menjadi pelanggan Traveloka. Yuk Kak pantengin terus Traveloka Lifestyle Super App karna kami selalu berikan promo-promo yg menarik loooh, jangan sampai ketinggalan ya :)",2023-03-25 03:00:17,3.74.1
Naya Cell,mantap,4,3.74.1,2023-03-25 02:49:21,"Halo, Naya. Terima kasih atas penilaiannya dan telah memilih Traveloka sebagai partner perjalanan kamu. Terima kasih. -SC",2023-03-25 03:02:05,3.74.1
Apri,terbaik,5,3.74.0,2023-03-25 02:43:03,"Hai, Apri. Terima kasih untuk review dan bintang 5 yang kamu berikan ya, mimin senang banget deh lihatnya hehehe. Sehat dan sukses selalu buat kamu serta keluarga. Mimin tunggu pesanan kamu selanjutnya :) -AM",2023-03-25 03:01:46,3.74.0
Leo Supriyanto,udh gak bisa pesan tiket bioskop lg kah?,1,3.74.1,2023-03-25 02:26:55,"Hai Leo. Maaf buat gak nyaman. Sebagai strategi bisnis dan prioritas perusahaan, layanan Movies (Bioskop) sudah tidak beroperasi sejak tanggal 6 Februari 2023 pada Pukul 00:00. Oleh karena itu, layanan Movies tidak lagi dapat ditemukan dan dipesan melalui Traveloka. Terima kasih. -RM",2023-03-25 02:33:44,3.74.1
Irfan Hadi,Gampang Dan mudah,5,3.74.1,2023-03-25 02:23:38,"Halo Kak, terima kasih banyak atas ratingnya, semoga Kakak tetap nyaman dan selau setia menjadi pelanggan Traveloka. Yuk Kak pantengin terus Traveloka Lifestyle Super App karna kami selalu berikan promo-promo yg menarik loooh, jangan sampai ketinggalan ya :)",2023-03-25 02:30:11,3.74.1
Yakub Gunawan,ok,5,3.74.1,2023-03-25 01:59:43,"Hi, thank you very much for the positive review! Please feel free to contact us at https://www.traveloka.com/contactus we're more than happy to assist you and Stay tuned for more exciting offers on Traveloka Lifestyle Super App.",2023-03-25 02:00:22,3.74.1
Yuyun Hamid,layanan cepat dan mudah,5,3.54.2,2023-03-25 01:33:47,"Hi Kak, senang banget nih dapat rating bagus dari Kakak, terima kasih juga atas feedbacknya! Kenyamanan Kakak adalah prioritas Kami, jika ada pertanyaan lainnya jangan sungkan ya untuk infokan pada kami di https://www.traveloka.com/contactus . Jangan sampai ketinggalan penawaran menarik lainnya di Traveloka Lifestye Super Apps.",2023-03-25 02:00:24,3.54.2
arjuna kesawa,"Nyesel buka Rekening Emas di Traveloka, harus ada saldo ngendap, biaya tahunan juga. Knp Traveloka ndak kerja sama dgn yg lain saja utk Emas ? Klo tau gini dulu gk buka Rekening Emas, cukup utk transaksi tiket pesawat dan booking hotel saja.di Traveloka, Emas pake app lain yg lebih fleksible gk ada saldo ngendap",2,3.14.0,2023-03-25 01:26:47,"Hai Arjuna. Maaf buat gak nyaman. Saldo emas minimal setelah transaksi yaitu 0,1 gram pada rekening tabungan emas, agar rekening tabungan emas tersebut tetap aktif. Jika ada pertanyaan lebih lanjut, silakan hubungi mimin melalui link https://www.traveloka.com/id-id/contactus. Terima kasih. -RM",2023-03-25 01:35:03,3.14.0
dedy subsndi,the best,5,3.46.0,2023-03-25 01:25:06,"Hi, thank you very much for the positive review! Please feel free to contact us at https://www.traveloka.com/contactus we're more than happy to assist you and Stay tuned for more exciting offers on Traveloka Lifestyle Super App.",2023-03-25 01:30:11,3.46.0
Fajar Hidayati,ok,5,3.74.1,2023-03-24 18:09:24,"Hi, thank you very much for the positive review! Please feel free to contact us at https://www.traveloka.com/contactus we're more than happy to assist you and Stay tuned for more exciting offers on Traveloka Lifestyle Super App.",2023-03-24 18:30:13,3.74.1
jalhasriadi adi,sagat membntu,5,3.74.1,2023-03-24 17:25:24,"Hai, Kak Jalhasriadi. Senang banget dapat bintang lima dari Kakak, terima kasih atas apresiasinya. Semoga selalu suka ya Kak sama Traveloka :) -RU",2023-03-24 17:32:05,3.74.1
Yossi Rahmadani,Ok,5,3.74.1,2023-03-24 17:01:09,"Hi, thank you very much for the positive review! Please feel free to contact us at https://www.traveloka.com/contactus we're more than happy to assist you and Stay tuned for more exciting offers on Traveloka Lifestyle Super App.",2023-03-24 17:30:16,3.74.1
Fitri Azka,"Saya sudah batal pemesan hotel dari traveloka, tapi masih dpt tagihan",1,3.74.1,2023-03-24 16:13:38,"Hai Kak Fitri. Mohon maaf sebelumnya, jika terkendala pada tagihan pembayaran PayLater, kamu bisa konfirmasi ke Tim kami melalui pesan di aplikasi Traveloka kamu atau email di cs@traveloka.com, agar dapat dibantu lebih lanjut. Terima kasih. -FR",2023-03-24 16:37:44,3.74.1
aris sutanto,Good application,5,3.74.1,2023-03-24 15:19:29,"Hi, thank you very much for the positive review! Please feel free to contact us at https://www.traveloka.com/contactus we're more than happy to assist you and Stay tuned for more exciting offers on Traveloka Lifestyle Super App.",2023-03-24 15:30:17,3.74.1
Muhamad Abdurahman,"baru pertama pakai, semoga menyenangkan",5,3.74.0,2023-03-24 15:14:48,"Hi Kak, senang banget nih dapat rating bagus dari Kakak, terima kasih juga atas feedbacknya! Kenyamanan Kakak adalah prioritas Kami, jika ada pertanyaan lainnya jangan sungkan ya untuk infokan pada kami di https://www.traveloka.com/contactus . Jangan sampai ketinggalan penawaran menarik lainnya di Traveloka Lifestye Super Apps.",2023-03-24 15:30:19,3.74.0
umi hanik34,Mantap. Banyak Discountnya,5,3.74.1,2023-03-24 15:06:27,"Hi Kak, terima kasih atas feedbacknya, semoga Kakak tetap setia dengan Traveloka. Jika ada pertanyaan lain bisa langsung infokan pada kami di https://www.traveloka.com/contactus ya, Kak. Pantau terus Traveloka Lifestyle Super App untuk penawaran spesial lainnya!",2023-03-24 15:30:22,3.74.1
Deny Wahyudi,aplikasi yg membantu dalam perjalanan sekali klik,5,3.74.1,2023-03-24 14:46:44,"Halo Kak, terima kasih banyak atas ratingnya, semoga Kakak tetap nyaman dan selau setia menjadi pelanggan Traveloka. Yuk Kak pantengin terus Traveloka Lifestyle Super App karna kami selalu berikan promo-promo yg menarik loooh, jangan sampai ketinggalan ya :)",2023-03-24 15:00:28,3.74.1
Khoiri B,nice,4,3.73.0,2023-03-24 14:38:23,"Hi, we are so grateful to get a lot of support from you. Hope you continue to enjoy our offers. If you have any feedback or suggestions, let us know on https://www.traveloka.com/contactus, our customer service would love to serve you in 24 hours. Thank you!",2023-03-24 15:00:31,3.73.0
Hendri Syah,cepat dan mudah dalam proses pembayarannya.,5,3.74.0,2023-03-24 14:07:17,"Halo Kak, terima kasih banyak atas ratingnya, semoga Kakak tetap nyaman dan selau setia menjadi pelanggan Traveloka. Yuk Kak pantengin terus Traveloka Lifestyle Super App karna kami selalu berikan promo-promo yg menarik loooh, jangan sampai ketinggalan ya :)",2023-03-24 14:30:09,3.74.0
Widia Pandora,bagus,4,3.74.1,2023-03-24 13:23:44,"Hi Kak, terima kasih atas feedbacknya, semoga Kakak tetap setia dengan Traveloka. Jika ada pertanyaan lain bisa langsung infokan pada kami di https://www.traveloka.com/contactus ya, Kak. Pantau terus Traveloka Lifestyle Super App untuk penawaran spesial lainnya!",2023-03-24 13:30:20,3.74.1
Ali Hodin,aplikasi ini sangat membantu saya dalam perjalanan,5,3.74.0,2023-03-24 13:14:17,"Halo Kak, terima kasih banyak atas ratingnya, semoga Kakak tetap nyaman dan selau setia menjadi pelanggan Traveloka. Yuk Kak pantengin terus Traveloka Lifestyle Super App karna kami selalu berikan promo-promo yg menarik loooh, jangan sampai ketinggalan ya :)",2023-03-24 13:30:23,3.74.0
Mas Aji,baik,5,3.74.1,2023-03-24 12:58:53,"Halo Kak, terima kasih banyak atas ratingnya, semoga Kakak tetap nyaman dan selau setia menjadi pelanggan Traveloka. Yuk Kak pantengin terus Traveloka Lifestyle Super App karna kami selalu berikan promo-promo yg menarik loooh, jangan sampai ketinggalan ya :)",2023-03-24 13:00:14,3.74.1
halim poncel,"Maskapai membatalkan Kita ganti uang malah difotong 35.000 kali aja tuh 100 org lumayan 3,5 jt, seharusnya yg nanggung aplikasi atau maskapai, sama saja ini pemalakan,",1,3.74.1,2023-03-24 11:48:47,Hai Kak. Mohon maaf atas ketidaknyamanannya. Mohon untuk sampaikan keluhan kamu secara detail melalui https://www.traveloka.com/id-id/contactus. Supaya kami dapat membantu permasalahan kamu. Terima kasih. -DA,2023-03-24 12:01:00,3.74.1
Hajirin Rahim,mantap,5,3.74.1,2023-03-24 11:44:14,"Hai Rahim, terima kasih atas feedbacknya, semoga kamu tetap setia dengan Traveloka. Jika ada pertanyaan bisa langsung infokan pada kami di https://www.traveloka.com/contactus ya Kak. Pantau terus Traveloka Lifestyle Super App untuk penawaran spesial lainnya! -AH",2023-03-24 12:01:17,3.74.1
Suryadi Khanzia,Kangen narik,5,,2023-03-24 11:16:25,"Hai kak, senangnya mendapat bintang lima dari kamu, terima kasih atas apresiasinya, semoga kaka tetap nyaman dan selau setia menjadi pelanggan Traveloka. Yuk ka pantengin terus traveloka karna kami selalu berikan promo promo yg menarik loooh, jangan sampai ketinggalan ya. -DA",2023-03-24 11:33:11,
Yusar Sar,ok,5,3.69.0,2023-03-24 10:42:27,"Hi, thank you very much for the positive review! Please feel free to contact us at https://www.traveloka.com/contactus we're more than happy to assist you and Stay tuned for more exciting offers on Traveloka Lifestyle Super App.",2023-03-24 11:00:11,3.69.0
Dawi Ginting,good,4,3.74.0,2023-03-24 10:34:50,"Hi, we are so grateful to get a lot of support from you. Hope you continue to enjoy our offers. If you have any feedback or suggestions, let us know on https://www.traveloka.com/contactus, our customer service would love to serve you in 24 hours. Thank you!",2023-03-24 11:00:13,3.74.0
Deden Nurhidayat,Mantapp,5,,2023-03-24 10:21:59,"Halo Kak, terima kasih banyak atas ratingnya, semoga Kakak tetap nyaman dan selau setia menjadi pelanggan Traveloka. Yuk Kak pantengin terus Traveloka Lifestyle Super App karna kami selalu berikan promo-promo yg menarik loooh, jangan sampai ketinggalan ya :)",2023-03-24 10:30:09,
Wendy Adem,jadi lebih mudah,5,3.74.0,2023-03-24 10:08:47,"Hi Kak, senang banget nih dapat rating bagus dari Kakak, terima kasih juga atas feedbacknya! Kenyamanan Kakak adalah prioritas Kami, jika ada pertanyaan lainnya jangan sungkan ya untuk infokan pada kami di https://www.traveloka.com/contactus . Jangan sampai ketinggalan penawaran menarik lainnya di Traveloka Lifestye Super Apps.",2023-03-24 10:30:12,3.74.0
yenny,mantap traveloka.. sangat membantu dan user friendly. sering2in promo gede2an ya,5,3.74.1,2023-03-24 09:12:11,"Halo Kak, terima kasih banyak atas ratingnya, semoga Kakak tetap nyaman dan selau setia menjadi pelanggan Traveloka. Yuk Kak pantengin terus Traveloka Lifestyle Super App karna kami selalu berikan promo-promo yg menarik loooh, jangan sampai ketinggalan ya :)",2023-03-24 09:30:09,3.74.1
Ramli Andu,memberi kemudahan,5,3.74.1,2023-03-24 08:45:28,"Hai Ramli, terima kasih atas feedbacknya, semoga kamu tetap setia dengan Traveloka. Jika ada pertanyaan bisa langsung infokan pada kami di https://www.traveloka.com/contactus ya Kak. Pantau terus Traveloka Lifestyle Super App untuk penawaran spesial lainnya! -AH",2023-03-24 09:01:35,3.74.1
Zivvaa,Badly,1,,2023-03-24 08:42:22,"Hi, Ziva. Sorry for the inconvenience you experienced. Please help to inform the problem along with the booking number (if any) through this link https://www.traveloka.com/en-en/contactus so that we can assist you further. Thank you. -NA",2023-03-24 09:02:04,
Meydianam,Saya sulit membayarkan tagihan cicilan paylater. Setiap membuka bagian paylater lalu ingin klik membayar selalu kembali ke halaman utama dan itu terus terulang. Menghubungin cs juga tidak ada respon.,2,3.74.1,2023-03-24 08:26:16,"Hai Meydianam, mohon maaf banget atas kendala kamu. Sebelumnya mohon pastikan kembali aplikasi Traveloka kamu sudah di-update ke versi terkini. Namun jika kamu masih terkendala kamu bisa menghubungi kami melalui https://www.traveloka.com/contactus. kami tunggu ya, terima kasih. -AH",2023-03-24 08:34:59,3.74.1
Fedi Adhe,ok,5,3.74.0,2023-03-24 08:25:53,"Hi, thank you very much for the positive review! Please feel free to contact us at https://www.traveloka.com/contactus we're more than happy to assist you and Stay tuned for more exciting offers on Traveloka Lifestyle Super App.",2023-03-24 08:30:10,3.74.0
Dinar Sutrisno,22w,2,3.72.0,2023-03-24 08:22:23,"Hai, Dinar. Mohon maaf sebelumnya. Untuk membantu kami memahami kendala kamu, mohon bantuannya untuk menyampaikan nomor pesanan dan detail kendala kamu melalui https://www.traveloka.com/contactus agar kami dapat bantu cek lebih lanjut. Terima kasih. -VK",2023-03-24 08:31:42,3.72.0
Edna Winata,Traveloka good,5,3.74.0,2023-03-24 08:19:29,"Hi Kak, terima kasih atas feedbacknya, semoga Kakak tetap setia dengan Traveloka. Jika ada pertanyaan lain bisa langsung infokan pada kami di https://www.traveloka.com/contactus ya, Kak. Pantau terus Traveloka Lifestyle Super App untuk penawaran spesial lainnya!",2023-03-24 08:30:16,3.74.0
Muhamad Ari,mantap,5,3.70.1,2023-03-24 07:59:15,"Hai kak, senangnya mendapat bintang lima dari kamu, terima kasih atas apresiasinya, semoga kaka tetap nyaman dan selau setia menjadi pelanggan Traveloka, yuk ka pantengin terus traveloka karna kami selalu berikan promo promo yg menarik loooh, jangan sampai ketinggalan ya. -DA",2023-03-24 08:01:41,3.70.1
Firmansyah Utina,good job,5,3.74.1,2023-03-24 07:15:11,"Hi, thank you very much for the positive review! Please feel free to contact us at https://www.traveloka.com/contactus we're more than happy to assist you and Stay tuned for more exciting offers on Traveloka Lifestyle Super App.",2023-03-24 07:30:10,3.74.1
Herizal Zal,mantap,5,3.74.0,2023-03-24 07:00:51,Hai Herizal. Makasih buat rating yang kamu berikan! Mimin tunggu pesanan kamu selanjutnya di Traveloka :) -RM,2023-03-24 07:32:04,3.74.0
Asia Phone,puass,5,3.74.1,2023-03-24 06:57:36,"Hai Kak, terima kasih atas feedbacknya, semoga kamu tetap setia dengan Traveloka. Jika ada pertanyaan bisa langsung infokan pada kami di https://www.traveloka.com/contactus ya Kak. Pantau terus Traveloka Lifestyle Super App untuk penawaran spesial lainnya! -AH",2023-03-24 07:01:19,3.74.1
David Ferdinandus,Good job,5,3.74.1,2023-03-24 06:42:34,"Hi, thank you very much for the positive review! Please feel free to contact us at https://www.traveloka.com/contactus we're more than happy to assist you and Stay tuned for more exciting offers on Traveloka Lifestyle Super App.",2023-03-24 07:00:27,3.74.1
Mundari Afrizal,Bagus banget saya bisa jalan jalan,5,3.74.1,2023-03-24 06:29:06,"Halo Kak, terima kasih banyak atas ratingnya, semoga Kakak tetap nyaman dan selau setia menjadi pelanggan Traveloka. Yuk Kak pantengin terus Traveloka Lifestyle Super App karna kami selalu berikan promo-promo yg menarik loooh, jangan sampai ketinggalan ya :)",2023-03-24 06:30:10,3.74.1
ZULKIFLI KAMALUDDIN,cepat dan mudah,5,3.74.1,2023-03-24 05:54:59,"Halo Kak, terima kasih banyak atas ratingnya, semoga Kakak tetap nyaman dan selau setia menjadi pelanggan Traveloka. Yuk Kak pantengin terus Traveloka Lifestyle Super App karna kami selalu berikan promo-promo yg menarik loooh, jangan sampai ketinggalan ya :)",2023-03-24 06:00:10,3.74.1
Dee Marini,cepat,5,3.74.1,2023-03-24 05:38:17,"Hi Kak, senang banget nih dapat rating bagus dari Kakak, terima kasih juga atas feedbacknya! Kenyamanan Kakak adalah prioritas Kami, jika ada pertanyaan lainnya jangan sungkan ya untuk infokan pada kami di https://www.traveloka.com/contactus . Jangan sampai ketinggalan penawaran menarik lainnya di Traveloka Lifestye Super Apps.",2023-03-24 06:00:13,3.74.1
Sulaiman Sulaiman,sejauh ini bagus,4,3.74.1,2023-03-24 05:37:33,"Hi Kak, terima kasih atas feedbacknya, semoga Kakak tetap setia dengan Traveloka. Jika ada pertanyaan lain bisa langsung infokan pada kami di https://www.traveloka.com/contactus ya, Kak. Pantau terus Traveloka Lifestyle Super App untuk penawaran spesial lainnya!",2023-03-24 06:00:15,3.74.1
unggul suroto,"Gara2 nggak update apk nggak bisa Searching, Ketawain aja lah, Wkwkwkwk",1,3.66.0,2023-03-24 05:27:13,"Hai, Unggul. Mohon maaf atas kendalanya. Pastikan aplikasi Traveloka kamu sudah versi terbaru. Jika ada kendala lainnya, silakan sampaikan melalui https://www.traveloka.com/contactus agar kami dapat bantu cek lebih lanjut. Terima kasih. -VK",2023-03-24 05:35:43,3.66.0
San Marinoz,easy and good,5,3.74.0,2023-03-24 05:00:30,"Hi, thank you very much for the positive review! Please feel free to contact us at https://www.traveloka.com/contactus we're more than happy to assist you and Stay tuned for more exciting offers on Traveloka Lifestyle Super App.",2023-03-24 05:30:24,3.74.0
Eruu Last Next,Joss Membantu bgt,5,3.74.1,2023-03-24 04:59:29,"Halo Kak, terima kasih banyak atas ratingnya, semoga Kakak tetap nyaman dan selau setia menjadi pelanggan Traveloka. Yuk Kak pantengin terus Traveloka Lifestyle Super App karna kami selalu berikan promo-promo yg menarik loooh, jangan sampai ketinggalan ya :)",2023-03-24 05:00:14,3.74.1
OH my JAZZ,kode promo kode kupon nya gak pernah bisa di pakek,3,3.74.0,2023-03-24 04:39:26,"Hai, Kak. Pada dasarnya untuk penggunaan kode promo, akan ada syarat dan ketentuannya. Silakan sesuaikan dengan syarat dan ketentuan yang berlaku. Apabila ada pertanyaan lain, silakan klik link https://www.traveloka.com/contactus ya. Kami akan berusaha untuk membantu kendala kamu. Terima kasih. -RF",2023-03-24 05:02:07,3.74.0
Hasnawiyatul Hudadlt,"cepat proses dan senang tiap kali ada perubahan selalu dikabari dan bertggjwb terimakasih Traveloka,semoga makin baik lagi ke depanny",4,3.74.0,2023-03-24 04:18:05,"Halo Kak, terima kasih banyak atas ratingnya, semoga Kakak tetap nyaman dan selau setia menjadi pelanggan Traveloka. Yuk Kak pantengin terus Traveloka Lifestyle Super App karna kami selalu berikan promo-promo yg menarik loooh, jangan sampai ketinggalan ya :)",2023-03-24 04:30:18,3.74.0
Wahyu Fauziyah,promonya gak tanggung-tanggung,5,3.74.0,2023-03-24 04:04:36,"Hai, Wahyu. Terima kasih atas penilaian dan feedback dari kamu, kami akan terus meningkatkan kepuasan para pengguna. Jika ada pertanyaan lainnya jangan sungkan ya untuk infokan pada kami di https://www.traveloka.com/contactus. Jangan sampai ketinggalan penawaran menarik lainnya di Traveloka Lifestyle Super Apps. Terima kasih. -VK",2023-03-24 04:32:06,3.74.0
Mama Mikail,semoga selalu menjaga kepuasaan pelanggan dan banyak promo,4,3.64.0,2023-03-24 04:03:48,"Hi Kak, senang banget nih dapat rating bagus dari Kakak, terima kasih juga atas feedbacknya! Kenyamanan Kakak adalah prioritas Kami, jika ada pertanyaan lainnya jangan sungkan ya untuk infokan pada kami di https://www.traveloka.com/contactus . Jangan sampai ketinggalan penawaran menarik lainnya di Traveloka Lifestye Super Apps.",2023-03-24 04:30:23,3.64.0
Maharani,Suka bgt... Bnyak disc,5,3.74.1,2023-03-24 03:25:51,"Halo Kak, terima kasih banyak atas ratingnya, semoga Kakak tetap nyaman dan selau setia menjadi pelanggan Traveloka. Yuk Kak pantengin terus Traveloka Lifestyle Super App karna kami selalu berikan promo-promo yg menarik loooh, jangan sampai ketinggalan ya :)",2023-03-24 03:30:10,3.74.1
Berliana Salsabilla,4l,5,3.74.0,2023-03-24 03:03:29,"Halo, Berliana. Terima kasih atas penilaiannya dan telah memilih Traveloka sebagai partner perjalanan kamu. Terima kasih. -SC",2023-03-24 03:35:20,3.74.0
Eges .C,goods job,5,3.73.0,2023-03-24 02:35:51,"Hi, we are so grateful to get a lot of support from you. Hope you continue to enjoy our offers. If you have any feedback or suggestions, let us know on https://www.traveloka.com/contactus, our customer service would love to serve you in 24 hours. Thank you!",2023-03-24 03:00:16,3.73.0
Agus Muhammadp49,Keren Traveloka emang dan praktis dan canggih bisa kemana mana👍,5,3.74.1,2023-03-24 02:35:31,"Hi Kak, terima kasih atas feedbacknya, semoga Kakak tetap setia dengan Traveloka. Jika ada pertanyaan lain bisa langsung infokan pada kami di https://www.traveloka.com/contactus ya, Kak. Pantau terus Traveloka Lifestyle Super App untuk penawaran spesial lainnya!",2023-03-24 03:00:19,3.74.1
Gita Kumala muchsin,Saya merifund tiket sya karena pembatalan dari pihak maskapai eh malah saya kena pemotongan 25% yg 2 juta harus nya kembali 1 juta 500 malah balik nya cuma 900 sekian kecewa banget siih,1,3.74.0,2023-03-24 01:38:23,"Hai, Kak Gita. Mohon maaf atas ketidaknyamanannya. Setelah kami cek bahwa tim terkait kami sudah memberikan konfirmasi terkait kendala yang kamu alami melalui inbox aplikasi ya. Terima kasih. -SY",2023-03-24 02:04:44,3.74.0
Iin leen,good,5,3.74.0,2023-03-24 01:31:38,"Hi, thank you very much for the positive review! Please feel free to contact us at https://www.traveloka.com/contactus we're more than happy to assist you and Stay tuned for more exciting offers on Traveloka Lifestyle Super App.",2023-03-24 02:00:22,3.74.0
Kang Harman,Kenapa akhir² ini sering hang aplikasinya padahal sudah terupdate tolong perbaiki dong,3,,2023-03-24 01:05:06,Halo Harman. Terima kasih atas kritik dan saran yang kamu berikan. Penilaian yang kamu berikan akan menjadi pertimbangan bagi tim kami. Terima kasih. -SC,2023-03-24 01:32:14,
siti mujayanah,cepat,4,3.74.0,2023-03-24 00:40:58,"Halo Kak, terima kasih banyak atas ratingnya, semoga Kakak tetap nyaman dan selau setia menjadi pelanggan Traveloka. Yuk Kak pantengin terus Traveloka Lifestyle Super App karna kami selalu berikan promo-promo yg menarik loooh, jangan sampai ketinggalan ya :)",2023-03-24 01:00:10,3.74.0
Samsul Kamar,traveloka memang the best,5,3.74.0,2023-03-24 00:34:01,"Hi Kak, senang banget nih dapat rating bagus dari Kakak, terima kasih juga atas feedbacknya! Kenyamanan Kakak adalah prioritas Kami, jika ada pertanyaan lainnya jangan sungkan ya untuk infokan pada kami di https://www.traveloka.com/contactus . Jangan sampai ketinggalan penawaran menarik lainnya di Traveloka Lifestye Super Apps.",2023-03-24 01:00:13,3.74.0
Ana Abdullah,memudahkan perjalanan banget,4,3.74.1,2023-03-24 00:06:48,"Halo Kak, terima kasih banyak atas ratingnya, semoga Kakak tetap nyaman dan selau setia menjadi pelanggan Traveloka. Yuk Kak pantengin terus Traveloka Lifestyle Super App karna kami selalu berikan promo-promo yg menarik loooh, jangan sampai ketinggalan ya :)",2023-03-24 00:30:08,3.74.1
Memey Memey,Parah udah bayar paylater sebelum jatoh tempo.. giliran mau di pake virtual number gagal terus..dari kemaren aneh ini apk ..di bayar tepat waktu tapi malah gagal terus pas mau di pake lagi,2,3.74.1,2023-03-23 22:14:37,"Halo Memey, maaf sekali telah membuat Kakak kecewa. Saat ini kami telah menemukan nomor case Kakak, team kami sedang dalam proses untuk menyelesaikan permasalahan Kakak sebaik mungkin dan mohon menunggu informasi selanjutnya dari team kami pada nomor case 31xxxx42 ya Kak. Terima kasih 🙏 -RU",2023-03-23 22:35:18,3.74.1
Yani Bagetus 16,Sangat cocok digunakan,3,3.74.0,2023-03-23 20:30:29,"Hai, Kak Yani. Terima kasih atas apresiasinya. Mimin tunggu pesanan kamu ya. Semoga sehat selalu 😊 -RZ",2023-03-23 21:02:07,3.74.0
riyanti athiya,"Paylater sy dari 2020 dinonaktifkan alasan karena pandemi. Sekarang udah new normal masih aja ga aktif. Pembayaran selalu tetap waktu, pemakaian sehat, pembayaran sehat.",1,3.74.1,2023-03-23 18:08:28,"Hai Riyanti. Mohon maaf atas ketidaknyamanannya ya Kak. Supaya kami bisa bantu cek status PayLater kamu, mohon bantu infokan email dan nomor telepon yang kamu gunakan di https://www.traveloka.com/id-id/contactus, ya. Selain itu kamu juga bisa hubungi kami ke akun IG PayLater Traveloka https://www.instagram.com/travelokapaylater/. Terima kasih. -KK",2023-03-23 18:32:43,3.74.1
Indri Anti,lebih baik,5,3.73.0,2023-03-23 17:16:39,"Halo Kak, terima kasih banyak atas ratingnya, semoga Kakak tetap nyaman dan selau setia menjadi pelanggan Traveloka. Yuk Kak pantengin terus Traveloka Lifestyle Super App karna kami selalu berikan promo-promo yg menarik loooh, jangan sampai ketinggalan ya :)",2023-03-23 17:30:19,3.73.0
Hardin Hardin,Pelayanan tanpa batas,4,3.74.0,2023-03-23 15:31:13,"Halo Kak, terima kasih banyak atas ratingnya, semoga Kakak tetap nyaman dan selau setia menjadi pelanggan Traveloka. Yuk Kak pantengin terus Traveloka Lifestyle Super App karna kami selalu berikan promo-promo yg menarik loooh, jangan sampai ketinggalan ya :)",2023-03-23 16:00:10,3.74.0
Zensuji Sembiring,bagus,5,3.74.1,2023-03-23 15:11:09,"Halo Kak, terima kasih banyak atas ratingnya, semoga Kakak tetap nyaman dan selau setia menjadi pelanggan Traveloka. Yuk Kak pantengin terus Traveloka Lifestyle Super App karna kami selalu berikan promo-promo yg menarik loooh, jangan sampai ketinggalan ya :)",2023-03-23 15:30:11,3.74.1
Trismartono Patwanto,aplikasi mudah dan cepat,5,3.74.0,2023-03-23 14:52:06,"Halo Kak, terima kasih banyak atas ratingnya, semoga Kakak tetap nyaman dan selau setia menjadi pelanggan Traveloka. Yuk Kak pantengin terus Traveloka Lifestyle Super App karna kami selalu berikan promo-promo yg menarik loooh, jangan sampai ketinggalan ya :)",2023-03-23 15:00:18,3.74.0
Roja Riandino,Nice,5,3.72.0,2023-03-23 14:38:27,"Hi, we are so grateful to get a lot of support from you. Hope you continue to enjoy our offers. If you have any feedback or suggestions, let us know on https://www.traveloka.com/contactus, our customer service would love to serve you in 24 hours. Thank you!",2023-03-23 15:00:20,3.72.0
Naufal Ramadhan,Ok,5,3.55.0,2023-03-23 14:35:05,Thank you for leaving a good comment to us. Let us know if you have any suggestion for improvement through https://www.traveloka.com/contactus . Stay around for more interesting offers from Traveloka Lifestyle Super App!,2023-03-23 15:00:24,3.55.0
Yudha Pratama,mntap,5,3.74.1,2023-03-23 13:52:49,"Hi Kak, senang banget nih dapat rating bagus dari Kakak, terima kasih juga atas feedbacknya! Kenyamanan Kakak adalah prioritas Kami, jika ada pertanyaan lainnya jangan sungkan ya untuk infokan pada kami di https://www.traveloka.com/contactus . Jangan sampai ketinggalan penawaran menarik lainnya di Traveloka Lifestye Super Apps.",2023-03-23 14:00:27,3.74.1
hadyan sulaiman,ok,5,3.74.0,2023-03-23 13:48:02,Thank you for leaving a good comment to us. Let us know if you have any suggestion for improvement through https://www.traveloka.com/contactus . Stay around for more interesting offers from Traveloka Lifestyle Super App!,2023-03-23 14:00:30,3.74.0
edy prayetno,lebih banyak lagi diskonnya,5,3.74.1,2023-03-23 13:47:36,"Halo Kak, terima kasih banyak atas ratingnya, semoga Kakak tetap nyaman dan selau setia menjadi pelanggan Traveloka. Yuk Kak pantengin terus Traveloka Lifestyle Super App karna kami selalu berikan promo-promo yg menarik loooh, jangan sampai ketinggalan ya :)",2023-03-23 14:00:33,3.74.1
Syafrizal Chany,bagus,4,3.72.0,2023-03-23 13:26:14,"Halo Kak, terima kasih banyak atas ratingnya, semoga Kakak tetap nyaman dan selau setia menjadi pelanggan Traveloka. Yuk Kak pantengin terus Traveloka Lifestyle Super App karna kami selalu berikan promo-promo yg menarik loooh, jangan sampai ketinggalan ya :)",2023-03-23 13:30:12,3.72.0
Fhaan Channel,Mau nanya kenapa Tiket Pesawat nya sudah tidak ada lagi yg penerbangan langsung Yang ada saya Cek Transit semua,3,3.74.0,2023-03-23 12:27:01,"Halo Fhaan, mohon maaf atas hal ini. Pada dasarnya ketersediaan jadwa penerbanga maupun rute penerbangan merupakan kebijakan langsung dari masing-masing maskapai ya. Kalau kamu butuh bantuan lebih lanjut, boleh sampaikan melalui tautan ini https://www.traveloka.com/id-id/contactus. Terima kasih. -OR",2023-03-23 12:33:28,3.74.0
Moh Suib,Good,5,3.74.1,2023-03-23 12:21:50,"Hi, thank you very much for the positive review! Please feel free to contact us at https://www.traveloka.com/contactus we're more than happy to assist you and Stay tuned for more exciting offers on Traveloka Lifestyle Super App.",2023-03-23 12:30:09,3.74.1
Jardi Sofi21,good,5,,2023-03-23 11:16:18,"Hi, thank you very much for the positive review! Please feel free to contact us at https://www.traveloka.com/contactus we're more than happy to assist you and Stay tuned for more exciting offers on Traveloka Lifestyle Super App.",2023-03-23 11:30:10,
Poegoeh@gmail.com Poegoeh@gmail.com,semoga yg sy pesan sesuai,5,3.74.0,2023-03-23 10:06:52,"Hi Kak, senang banget nih dapat rating bagus dari Kakak, terima kasih juga atas feedbacknya! Kenyamanan Kakak adalah prioritas Kami, jika ada pertanyaan lainnya jangan sungkan ya untuk infokan pada kami di https://www.traveloka.com/contactus . Jangan sampai ketinggalan penawaran menarik lainnya di Traveloka Lifestye Super Apps.",2023-03-23 10:30:12,3.74.0
Wa Karmila,terbaik,5,3.74.1,2023-03-23 09:53:47,"Halo, Karmila. Terima kasih banyak atas ratingnya, semoga Kakak tetap nyaman dan selau setia menjadi pelanggan Traveloka. Yuk Kak pantengin terus Traveloka Lifestyle Super App karna kami selalu berikan promo-promo yg menarik loooh, jangan sampai ketinggalan ya :) -IN",2023-03-23 10:01:44,3.74.1
Disko Wonda,Xxxxxc mace papua kukipp,5,3.74.0,2023-03-23 09:48:39,"Hi, thank you very much for the positive review! Please feel free to contact us at https://www.traveloka.com/contactus we're more than happy to assist you and Stay tuned for more exciting offers on Traveloka Lifestyle Super App.",2023-03-23 10:00:11,3.74.0
Salsabila Mubarak Mubarak,Traveloka mengecewakan.. beli tiket pesawat harga 750 ribu pas bayar jadi 811 robu ternyata asuransi di includekan tanpa kita minta,1,3.74.0,2023-03-23 09:18:49,"Halo Salsabila, mohon maaf ketidaknyamanan ini ya. Pada dasarnya harga bersifat fluktuatif/dapat berubah sewaktu-waktu. Pada saat pemesanan, kamu bisa juga untuk menghapus asuransi yang tercentang sebelum melakukan pembayaran ya. Terima kasih. -OR",2023-03-23 09:33:23,3.74.0
Surya Sukri,"Sungguh sangat mengecewakan pihak Traveloka ini,,karna janji paling lambat 15 hari dana refund akan terlihat di rekening,, tapi nyatanya nol,,,pembayaran harus cepat tetapi giliran pengembalian super lambat..tolong bekerja lah secara profesional.. Bahkan sampai saat ini tanggal 23-03-2023 uang saya yang Rp985.000 dari refund belum masuk ke rekening. Tidak sesuai dengan janji. Entah bagaimana kinerja Traveloka sepertinya yang bekerja itu belum berpengalaman",1,3.72.0,2023-03-23 08:41:30,Halo Surya. Sebelumnya mohon maaf atas ketidaknyamanan yang kamu alami. Silakan hubungi kembali melalui https://www.traveloka.com/id-id/contactus untuk pengecekan lebih lanjut. Terima kasih. -SC,2023-02-16 03:02:24,3.72.0
arif tri syaputra (Ade arif),sangat membantu,5,3.74.0,2023-03-23 08:22:05,"Halo Kak, terima kasih banyak atas ratingnya, semoga Kakak tetap nyaman dan selau setia menjadi pelanggan Traveloka. Yuk Kak pantengin terus Traveloka Lifestyle Super App karna kami selalu berikan promo-promo yg menarik loooh, jangan sampai ketinggalan ya :)",2023-03-23 08:30:18,3.74.0
Sri Kumala Sari,sangat membantu,5,3.74.1,2023-03-23 07:59:35,"Halo Kak, terima kasih banyak atas ratingnya, semoga Kakak tetap nyaman dan selau setia menjadi pelanggan Traveloka. Yuk Kak pantengin terus Traveloka Lifestyle Super App karna kami selalu berikan promo-promo yg menarik loooh, jangan sampai ketinggalan ya :)",2023-03-23 08:00:14,3.74.1
Hasan Basri,kren,5,3.69.0,2023-03-23 07:53:55,"Terima kasih ya kak untuk penilaian kamu, jangan lupa selalu pesan menggunakan aplikasi Traveloka untuk menjadi teman liburan kamu dan jangan ragu menghubungi kami melalui alamat email kami di cs@traveloka.com jika mendapati kendala terkait pemesanan kamu ya kak. Terima kasih -AK",2023-03-23 08:00:58,3.69.0
roland tambunan,aplikasi lama tapi knapa tidak punya customer service via telp.yg jawab komputer. mau ajukan refund karna tempat nya tutup pun susah.padahal yg batalkan dari pihak kalian.,1,,2023-03-23 07:48:14,"Hai, Roland. Maaf banget ya buat kendala yang terjadi. Saat ini sedang terjadi kenaikan telepon yang masuk. Mohon infokan detail kendala kamu melalui https://www.traveloka.com/contactus. Kami akan berusaha untuk membantu kendala kamu tersebut. Terima kasih. -RF",2023-03-23 08:02:24,
Jufri Shap,mantaaaap,5,3.72.0,2023-03-23 07:44:19,"Hai Jufri, yuhuuuy senangnya mendapat bintang lima dari kamu, Kenyamananmu adalah prioritas Kami. Apabila ada pertanyaan, silakan dapat mengirimkan email ke kami di cs@traveloka.com atau pesan inbox di aplikasi Traveloka ya. Terima kasih. -CA",2023-03-23 08:01:05,3.72.0
hengki noviadi,"Harag tiketnya gk ngotak, nyari untung gk wajar.",1,3.53.0,2023-03-23 07:40:09,"Hai Kak Hengki. maaf banget ketidaknyamanannya. Harga tiket yang ditampilkan Traveloka mengikuti yang diberikan partner kepada Traveloka Kak. Untuk mendapatkan harga termurah, pastikan kamu menggunakan fitur price alert dan promo yang tersedia saat ini. Terima kasih -DZ",2023-03-23 08:03:27,3.53.0
NUR SILFADLI,good,5,3.74.1,2023-03-23 06:27:34,"Hi, thank you very much for the positive review! Please feel free to contact us at https://www.traveloka.com/contactus we're more than happy to assist you and Stay tuned for more exciting offers on Traveloka Lifestyle Super App.",2023-03-23 06:30:11,3.74.1
Maven Fatmawati Hotel,Good,3,3.74.0,2023-03-23 06:23:13,Thank you for the appreciation 😊 - RZ,2023-03-16 18:08:30,3.74.0
Asih Rose,mudah pesannya,5,3.67.0,2023-03-23 05:11:05,"Halo Kak, terima kasih banyak atas ratingnya, semoga Kakak tetap nyaman dan selau setia menjadi pelanggan Traveloka. Yuk Kak pantengin terus Traveloka Lifestyle Super App karna kami selalu berikan promo-promo yg menarik loooh, jangan sampai ketinggalan ya :)",2023-03-23 05:30:11,3.67.0
Doni U_lianto,sangat membantu untuk aktifitas luar,5,3.74.0,2023-03-23 05:03:06,"Hi Kak, senang banget nih dapat rating bagus dari Kakak, terima kasih juga atas feedbacknya! Kenyamanan Kakak adalah prioritas Kami, jika ada pertanyaan lainnya jangan sungkan ya untuk infokan pada kami di https://www.traveloka.com/contactus . Jangan sampai ketinggalan penawaran menarik lainnya di Traveloka Lifestye Super Apps.",2023-03-23 05:30:14,3.74.0
Raju Gita,good,5,3.71.1,2023-03-23 04:53:29,"Hi, thank you very much for the positive review! Please feel free to contact us at https://www.traveloka.com/contactus we're more than happy to assist you and Stay tuned for more exciting offers on Traveloka Lifestyle Super App.",2023-03-23 05:00:21,3.71.1
RIEVAY ROCK,Excellent news,5,3.74.1,2023-03-23 04:46:34,"Hi, we are so grateful to get a lot of support from you. Hope you continue to enjoy our offers. If you have any feedback or suggestions, let us know on https://www.traveloka.com/contactus, our customer service would love to serve you in 24 hours. Thank you!",2023-03-23 05:00:25,3.74.1
Awar Thea,excellent,5,3.74.0,2023-03-23 04:33:10,Thank you for leaving a good comment to us. Let us know if you have any suggestion for improvement through https://www.traveloka.com/contactus . Stay around for more interesting offers from Traveloka Lifestyle Super App!,2023-03-23 05:00:28,3.74.0
Ronald Aten,membantu,4,3.74.0,2023-03-23 04:28:16,"Hai, Ronald. Senang sekali menerima bintang 4 dari kamu, terima kasih juga atas feedbacknya. Kenyamanan kamu adalah prioritas kami semoga kedepannya kami bisa mendapat bintang 5 dari kamu. Semoga sehat selalu :) -RF",2023-03-23 04:32:38,3.74.0
Abdullah Sadan,Sangat membantu,5,3.74.1,2023-03-23 04:21:39,"Halo Kak, terima kasih banyak atas ratingnya, semoga Kakak tetap nyaman dan selau setia menjadi pelanggan Traveloka. Yuk Kak pantengin terus Traveloka Lifestyle Super App karna kami selalu berikan promo-promo yg menarik loooh, jangan sampai ketinggalan ya :)",2023-03-23 04:30:13,3.74.1
Slamet Rianto,Ok bngt,4,3.74.0,2023-03-23 04:16:48,"Hi Kak, senang banget nih dapat rating bagus dari Kakak, terima kasih juga atas feedbacknya! Kenyamanan Kakak adalah prioritas Kami, jika ada pertanyaan lainnya jangan sungkan ya untuk infokan pada kami di https://www.traveloka.com/contactus . Jangan sampai ketinggalan penawaran menarik lainnya di Traveloka Lifestye Super Apps.",2023-03-23 04:30:16,3.74.0
Lenny Novi yanti,mantap,4,3.74.1,2023-03-23 04:07:56,"Hai Kak Lenny, senang sekali menerima bintang 4 dari kamu, terima kasih juga atas feedbacknya, Kenyamanan Kakak adalah prioritas Kami semoga kedepannya kami bisa dapat bintang 5 dari kamu ya ka :) -DA",2023-03-23 04:33:06,3.74.1
astri minarni,"keren, mudah digunakan dan sangat membantu.",5,3.74.0,2023-03-23 03:53:04,"Hi Kak, senang banget nih dapat rating bagus dari Kakak, terima kasih juga atas feedbacknya! Kenyamanan Kakak adalah prioritas Kami, jika ada pertanyaan lainnya jangan sungkan ya untuk infokan pada kami di https://www.traveloka.com/contactus . Jangan sampai ketinggalan penawaran menarik lainnya di Traveloka Lifestye Super Apps.",2023-03-23 04:00:29,3.74.0
Imam Bakri,pelayanan bagus sekali..👍👍👍,5,3.72.0,2023-03-23 03:52:17,"Hi Kak, terima kasih atas feedbacknya, semoga Kakak tetap setia dengan Traveloka. Jika ada pertanyaan lain bisa langsung infokan pada kami di https://www.traveloka.com/contactus ya, Kak. Pantau terus Traveloka Lifestyle Super App untuk penawaran spesial lainnya!",2023-03-23 04:00:32,3.72.0
Rukha Yatun,"Sangat kecewa pemesanan saya udah beehasil dan bayar tp dr pihak hotel tidak menerima pesanan dr traveloka,alhasih uang melayang bayar lagi ke oihak hitl,walau saya ada bukti tp trveloka menghapus pemesanan saya..padahal pembayaran berhasil..uang sayapun tidak kembali",1,3.74.1,2023-03-23 03:39:45,Hai Kak. Mohon maaf atas ketidaknyamanannya. Mohon untuk sampaikan keluhan kamu secara detail melalui https://www.traveloka.com/id-id/contactus. Supaya kami dapat membantu permasalahan kamu. Terima kasih. -DA,2023-03-23 04:02:24,3.74.1
Delikha WU,"Susah bgt nih aplikasi, help centrenya jg susah dihub. Aplikasi paling mumet",1,3.74.1,2023-03-23 03:39:43,"Hai, Delikha. Maaf banget ya buat kendala yang terjadi. Saat ini sedang terjadi kenaikan pesan yang masuk. Mohon infokan detail kendala kamu melalui https://www.traveloka.com/contactus. Kami akan berusaha untuk membantu kendala kamu tersebut. Terima kasih. -RF",2023-03-23 04:04:49,3.74.1
Johannes Michael Mamusung,Selamat siang saya mau tanya mengapa update perbaharui aplikasi Traveloka tidak melalui Vivo AppStore mengapa juga di-update perbaikan dengan google play store?,5,3.74.1,2023-03-23 03:29:19,"Hai Johannes, mohon maaf atas kendala yang kamu alami. Kamu bisa coba secara berkala. Untuk dapat kami lakukan pengecekan lebih lanjut silakan hubungi kami melalui https://www.traveloka.com/id-id/contactus ya kak. Terima kasih. -NA",2023-03-23 03:36:28,3.74.1
Rani Felysha Pahlani,"Maaf sy uninstal ,krna percuma jd bronze priority limit sudah 8 juta,tp tidak bisa dipakai,pdhl sy bayar slalu sblm jatuh tempo ,aturannya makin ga jelas",3,3.74.0,2023-03-23 03:27:45,"Hai, Rani. Maaf ya udah buat kamu gak nyaman. Supaya mimin bisa bantu cek kendala kamu, silakan hubungi mimin melalui laman https://www.traveloka.com/contactus atau Instagram PayLater https://www.instagram.com/travelokapaylater/ ya. Terima kasih. -AM",2023-03-23 03:32:26,3.74.0
Pengguna Google,Saya masih kecewa karena masalah pesanan tiket saya belum terselesaikan,1,3.74.1,2023-03-23 03:17:21,"Hai Kak, mohon maaf atas kendala yang kamu alami. Untuk pengecekan lebih lanjut silakan hubungi kami melalui https://www.traveloka.com/id-id/contactus ya. Terima kasih. -NA",2023-03-23 03:32:05,3.74.1
Maria Nasoka,"Beli tiket pesawat di Traveloka mudah koq, kadang dapat harga lebih murah juga",5,,2023-03-23 02:34:51,"Halo Kak, terima kasih banyak atas ratingnya, semoga Kakak tetap nyaman dan selau setia menjadi pelanggan Traveloka. Yuk Kak pantengin terus Traveloka Lifestyle Super App karna kami selalu berikan promo-promo yg menarik loooh, jangan sampai ketinggalan ya :)",2023-03-23 03:00:15,
Dwi Manda,kenapa mau bayar tiket lewat BCa error terus,1,,2023-03-23 02:23:01,"Hai, Dwi. Maaf banget ya buat kendala yang terjadi. Saat ini sedang terjadi pemeliharaan sistem di Traveloka, silakan gunakan metode bayar lain yang tersedia sementara waktu. Apabila kamu ada pertanyaan lain, mohon sampaikan melalui https://www.traveloka.com/contactus. Kami akan berusaha untuk membantu kendala kamu tersebut. Terima kasih. -RF",2023-03-23 02:31:21,
Vina Damayanti,Ngga bisa checkin online,1,,2023-03-23 01:26:02,"Hai, Vina. Mohon maaf atas ketidaknyamanannya. Untuk membantu kami memahami kendala kamu, mohon bantuannya untuk menyampaikan kendala kamu beserta nomor pesanan kamu melalui https://www.traveloka.com/id-id/contactus agar kami dapat bantu cek lebih lanjut. Terima kasih. -SY",2023-03-23 01:31:41,
Ali Arrosyid,"Sangat membantu perjalanan kami, sayangnya diskon harus ada minimal pembayaran dan diskonnya sedikit 😑",5,3.74.0,2023-03-23 00:39:43,"Halo Kak, terima kasih banyak atas ratingnya, semoga Kakak tetap nyaman dan selau setia menjadi pelanggan Traveloka. Yuk Kak pantengin terus Traveloka Lifestyle Super App karna kami selalu berikan promo-promo yg menarik loooh, jangan sampai ketinggalan ya :)",2023-03-23 01:00:09,3.74.0
Dadang Sutrisna,good,5,3.74.0,2023-03-22 23:41:50,"Hi, thank you very much for the positive review! Please feel free to contact us at https://www.traveloka.com/contactus we're more than happy to assist you and Stay tuned for more exciting offers on Traveloka Lifestyle Super App.",2023-03-23 00:00:18,3.74.0
Cordelia Rizqi,Mantaaaap,5,3.74.0,2023-03-22 22:17:12,"Hai, Rizqi. Terima kasih atas penilaian dan feedback dari kamu, kami akan terus meningkatkan kepuasan para pengguna. Jika ada pertanyaan lainnya jangan sungkan ya untuk infokan pada kami di https://www.traveloka.com/contactus. Jangan sampai ketinggalan penawaran menarik lainnya di Traveloka Lifestye Super Apps. Terima kasih. -KK",2023-03-22 22:32:55,3.74.0
Aldo Arif,Saya senang,5,,2023-03-22 20:29:53,"Halo Kak, terima kasih banyak atas ratingnya, semoga Kakak tetap nyaman dan selau setia menjadi pelanggan Traveloka. Yuk Kak pantengin terus Traveloka Lifestyle Super App karna kami selalu berikan promo-promo yg menarik loooh, jangan sampai ketinggalan ya :)",2023-03-22 20:30:12,
Yougo Yougent,mantap,5,3.74.0,2023-03-22 20:14:36,"Hai, Yougo. Terima kasih atas penilaian dan feedback dari kamu, kami akan terus meningkatkan kepuasan para pengguna. Jika ada pertanyaan lainnya jangan sungkan ya untuk infokan pada kami di https://www.traveloka.com/contactus. Jangan sampai ketinggalan juga penawaran menarik lainnya di Traveloka Lifestye Super Apps. Terima kasih. -KK",2023-03-22 20:32:58,3.74.0
Jery moidady Jery,Good job,5,,2023-03-22 18:37:40,"Hi, thank you very much for the positive review! Please feel free to contact us at https://www.traveloka.com/contactus we're more than happy to assist you and Stay tuned for more exciting offers on Traveloka Lifestyle Super App.",2023-03-21 12:00:15,
Nia Viza,Padahal saya sudah laporkan untuk mengganti tanggal dan jam penerbangan tp pihak traveloka tidak tanggung jawab padahal sy sudah telp dan awal nya tinggap dngn baik malah di kasih jadwal penerbangan pertama di tanggal 23/03/2023 tp knp pas di lihat di email malah penolakan sy malah di suruh tlp maskapai nya padahal yg waktu itu lagi ada di maskapai penerbangan sy malah di arahkan oleh pihak maskapai untuk komplain langsung ke traveloka pdhl sy udh langganan di traveloka sy kecewa sekali.,1,3.74.0,2023-03-22 15:45:37,"Hai Nia. Kami mohon maaf atas kendala yang kamu alami ya. Supaya kami bisa bantu cek lebih lanjut kendala kamu, mohon bantuannya infokan nomor pesanan kamu di https://www.traveloka.com/id-id/contactus, ya. Terima kasih. -KK",2023-03-22 16:07:33,3.74.0
Safar Wadi,midahan lancar tanpa kendala,5,3.56.1,2023-03-22 15:36:58,"Halo Kak, terima kasih banyak atas ratingnya, semoga Kakak tetap nyaman dan selau setia menjadi pelanggan Traveloka. Yuk Kak pantengin terus Traveloka Lifestyle Super App karna kami selalu berikan promo-promo yg menarik loooh, jangan sampai ketinggalan ya :)",2023-03-22 16:00:20,3.56.1
gatot kurniawan,Good,5,3.74.0,2023-03-22 15:33:49,"Hi, we are so grateful to get a lot of support from you. Hope you continue to enjoy our offers. If you have any feedback or suggestions, let us know on https://www.traveloka.com/contactus, our customer service would love to serve you in 24 hours. Thank you!",2023-03-22 16:00:22,3.74.0
Cipto Ningprayogi,praktisi,5,3.53.0,2023-03-22 15:23:39,"Halo Kak, terima kasih banyak atas ratingnya, semoga Kakak tetap nyaman dan selau setia menjadi pelanggan Traveloka. Yuk Kak pantengin terus Traveloka Lifestyle Super App karna kami selalu berikan promo-promo yg menarik loooh, jangan sampai ketinggalan ya :)",2023-03-22 15:30:09,3.53.0
Kawit widodo,semoga dimudahkan dilancarkan dalam puasanya,5,3.74.0,2023-03-22 15:20:25,"Hai Kawit. Terima kasih telah menjadikan Traveloka sebagai mitra perjalanan kamu. Apabila kamu memiliki pertanyaan terkait pemesanan di Traveloka, mohon hubungi kami melalui tautan ini https://www.traveloka.com/id-id/contactus untuk dibantu cek lebih lanjut. Terima kasih 🙏 -RU",2023-03-22 15:32:44,3.74.0
B A N G I T,Aplikasinya error di hape ku udah di uninstall dan install ulang juga gak jalan 😅😁,5,3.74.0,2023-03-22 15:16:06,"Hai Bangit. Kami mohon maaf atas kendala yang kamu alami ya. Supaya bisa mimin bantu cek lebih lanjut, mohon bantu kirimkan foto kendalanya di https://www.traveloka.com/id-id/contactus, ya. Terima kasih. -KK",2023-03-22 15:32:13,3.74.0
Dede Sitompul,goooddd,5,3.74.0,2023-03-22 15:04:53,"Hi Dede, we are so grateful to get a lot of support from you. Hope you continue to enjoy our offers. If you have any feedback or suggestions, let us know on https://www.traveloka.com/contactus, our customer service would love to serve you in 24 hours. Thank you. -KK",2023-03-22 15:34:29,3.74.0
Heri Sunarto,dengan menggunakan Traveloka..kemanapun traveling..sangat mudah,5,3.74.0,2023-03-22 14:19:46,"Hi Kak, senang banget nih dapat rating bagus dari Kakak, terima kasih juga atas feedbacknya! Kenyamanan Kakak adalah prioritas Kami, jika ada pertanyaan lainnya jangan sungkan ya untuk infokan pada kami di https://www.traveloka.com/contactus . Jangan sampai ketinggalan penawaran menarik lainnya di Traveloka Lifestye Super Apps.",2023-03-22 14:30:14,3.74.0
Ornianti Rongre,rekomended skli... sangat membantu,5,3.74.0,2023-03-22 13:00:17,"Halo Kak, terima kasih banyak atas ratingnya, semoga Kakak tetap nyaman dan selau setia menjadi pelanggan Traveloka. Yuk Kak pantengin terus Traveloka Lifestyle Super App karna kami selalu berikan promo-promo yg menarik loooh, jangan sampai ketinggalan ya :)",2023-03-22 13:30:09,3.74.0
Oppo A57new,Bsgus terhibur,5,3.41.0,2023-03-22 12:46:43,"Halo Kak, terima kasih banyak atas ratingnya, semoga Kakak tetap nyaman dan selau setia menjadi pelanggan Traveloka. Yuk Kak pantengin terus Traveloka Lifestyle Super App karna kami selalu berikan promo-promo yg menarik loooh, jangan sampai ketinggalan ya :)",2023-03-22 13:00:24,3.41.0
Muhammad Sahrul,Sangat mengecewakan saya pesan tiket pesawat tujuan timika ke jambi. Tggl23. Di undur jadi tggl25 dari timika Makasar. Tapi kenapa yg dai Makassar ke jambi tggl 24 kan gc masuk akal. Ya walaupun sudah saya redfun tapi tetap saya merasa di rugikan karna uang saya tidak kembali seutuhnya. Dan jangka redfun nya lama sekali. Sangat mengecewakan,1,,2023-03-22 12:33:51,"Halo Sahrul, mohon maaf ketidaknyamanan ini ya. Boleh infokan nomor pesanan kamu melalui tautan ini untuk pengecekan lebih lanjut ya https://www.traveloka.com/id-id/contactus. Terima kasih. -OR",2023-03-22 10:03:36,
Bobby Krisna,memudahkan sekali,5,3.74.0,2023-03-22 12:29:09,"Halo Bobby, makasih untuk feedback yang kamu sampaikan ya. Kalau kamu ada pertanyaan, boleh sampaikan melalui tautan ini https://www.traveloka.com/id-id/contactus. Terima kasih. -OR",2023-03-22 12:32:43,3.74.0
Hend Setiawan,bagaimana cara refund tiket pesawat terbang,5,3.72.0,2023-03-22 11:26:29,"Halo Kak, terima kasih banyak atas ratingnya, semoga Kakak tetap nyaman dan selau setia menjadi pelanggan Traveloka. Yuk Kak pantengin terus Traveloka Lifestyle Super App karna kami selalu berikan promo-promo yg menarik loooh, jangan sampai ketinggalan ya :)",2023-03-22 11:30:12,3.72.0
Darwis Dahlan,mantap sangat membatu terimakasih traveloka,5,3.74.0,2023-03-22 11:21:47,"Hi Kak, senang banget nih dapat rating bagus dari Kakak, terima kasih juga atas feedbacknya! Kenyamanan Kakak adalah prioritas Kami, jika ada pertanyaan lainnya jangan sungkan ya untuk infokan pada kami di https://www.traveloka.com/contactus . Jangan sampai ketinggalan penawaran menarik lainnya di Traveloka Lifestye Super Apps.",2023-03-22 11:30:15,3.74.0
Nurhayati Nasution,pertahankan segalanya,5,3.74.0,2023-03-22 11:15:53,"Hi Kak, terima kasih atas feedbacknya, semoga Kakak tetap setia dengan Traveloka. Jika ada pertanyaan lain bisa langsung infokan pada kami di https://www.traveloka.com/contactus ya, Kak. Pantau terus Traveloka Lifestyle Super App untuk penawaran spesial lainnya!",2023-03-22 11:30:18,3.74.0
Said Tengku,lebih mudah,4,3.72.0,2023-03-22 10:56:25,"Halo Kak, terima kasih banyak atas ratingnya, semoga Kakak tetap nyaman dan selau setia menjadi pelanggan Traveloka. Yuk Kak pantengin terus Traveloka Lifestyle Super App karna kami selalu berikan promo-promo yg menarik loooh, jangan sampai ketinggalan ya :)",2023-03-22 11:00:08,3.72.0
meison satrio,"sudah bayar tiket kereta api sesuai petunjuk dan nominal namun e-tiket tidak terbit sampai kereta berangkat. komplain melalui instagram, email, dan aplikasi tidak ada solusi hanya dijawab robot disuruh menunggu padahal bukti transfer semua dilampirkan lengkap. komplain melalui call center semua sibuk. bener-bener mengecewakan traveloka",1,3.74.0,2023-03-22 10:39:09,"Hai, Kak Meison. Mohon maaf atas ketidaknyamanan yang kamu alami. Mohon infokan nomor pemesanan Traveloka kamu melalui link ini https://www.traveloka.com/id-id/contactus ya. Agar dapat kami bantu lakukan pengecekan. Terima kasih. -PA",2023-03-22 11:04:35,3.74.0
hendrik purnomo,"Kemarin tggl 21 maret 2023 saya pesen Tiket kereta api, Tiket kereta apai jurusan klaten gambir, dan sudah saya bayar sesuai petunjuk dan nomial Rp1.214.521, saya bayar melalui M-banking, Tapi E-tiket tidak terbit sampai sekarang,, dari TRAVELOKA TIDAK ADA SOLUSI SAMA SEKALI,, di chat yang jawab ROBOT",1,3.74.0,2023-03-22 10:35:22,"Hai, Kak Hendrik. Mohon maaf atas ketidaknyamanan yang kamu alami. Mohon infokan nomor pemesanan Traveloka kamu melalui link ini https://www.traveloka.com/id-id/contactus ya. Agar dapat kami bantu lakukan pengecekan. Terima kasih. -PA",2023-03-22 11:04:01,3.74.0
Yuli Ana,bagus,5,3.74.0,2023-03-22 10:31:29,"Hi Kak, senang banget nih dapat rating bagus dari Kakak, terima kasih juga atas feedbacknya! Kenyamanan Kakak adalah prioritas Kami, jika ada pertanyaan lainnya jangan sungkan ya untuk infokan pada kami di https://www.traveloka.com/contactus . Jangan sampai ketinggalan penawaran menarik lainnya di Traveloka Lifestye Super Apps.",2023-03-22 11:00:14,3.74.0
Yt - Almukori,Seneng aja mesen tiketnya,5,3.64.0,2023-03-22 10:01:25,"Halo Kak, terima kasih banyak atas ratingnya, semoga Kakak tetap nyaman dan selau setia menjadi pelanggan Traveloka. Yuk Kak pantengin terus Traveloka Lifestyle Super App karna kami selalu berikan promo-promo yg menarik loooh, jangan sampai ketinggalan ya :)",2023-03-22 10:30:09,3.64.0
Ags 017budi,"Menu bioskop naya kok ngk ad sih aneh. Mau pesen tiket nonton aja bingung 😕😡😠😤bikin kesel, mohon di perbaiki lagi ya Terima kasih",1,3.74.0,2023-03-22 09:47:12,"Hai Budi, Kami menghentikan beberapa produk Non-Travel sebagai bagian dari strategi bisnis dan prioritas perusahaan pada tanggal 13 Februari 2023 pada Pukul 23.59. Selama masa transisi, kami akan tetap mematuhi kesepakatan yang telah disepakati bersama. Terima kasih. -AK",2023-03-22 10:04:51,3.74.0
Dewita Septima Sari,Terima kasih sudah follow up ketidaknyamanan sy.. sy puas,5,3.74.0,2023-03-22 08:39:32,"Hai Dewita, maaf banget buat kamu gak nyaman, jika kamu mengalami kendala pada pesanan kamu, Kakak bisa informasikan melalui kami melalui email di alamat email cs@traveloka.com. Terima kasih. -AK",2023-03-21 08:06:39,3.74.0
Laila Mayasari,Pengen pembaruan aplikasinya tapinya memori penyimpanan internalnya ponselnya ga penuh gimana caranya ya,5,,2023-03-22 08:26:28,"Halo Kak, terima kasih banyak atas ratingnya, semoga Kakak tetap nyaman dan selau setia menjadi pelanggan Traveloka. Yuk Kak pantengin terus Traveloka Lifestyle Super App karna kami selalu berikan promo-promo yg menarik loooh, jangan sampai ketinggalan ya :)",2023-03-22 08:30:22,
Wang Ling,Jangan pernah memakai traveloka aplikasi haram makan riba,1,3.74.0,2023-03-22 07:43:41,"Hai Kak Ling. Mohon maaf sekali ya kak, kami akan berusaha semaksimal mungkin untuk memberikan pelayanan terbaik kami kak. Terkait laporan kamu, pada dasarnya kamu bisa hubungi kami di https://trv.lk/contactus, agar bisa kami bantu lebih lanjut. Terima kasih -NT",2023-03-22 08:04:24,3.74.0
Tri Wanto,Xsexnxx com,1,3.74.0,2023-03-22 07:36:31,"Hai Tri, maaf ya sudah membuatmu tidak nyaman. Dipastikan untuk kenyamanan pengguna Traveloka, kami akan perbaiki & tingkatkan performa Traveloka. jika kamu mempunyai kendala, mohon hubungi kami melalui tautan ini https://www.traveloka.com/id-id/contactus. Terima kasih. -AH",2022-12-14 12:02:57,3.74.0
Melly,"Error merugikan, tidak ada pemberitahuan. Sistem kacau, sangat sulit untuk berbicara dengan customer service. Semua jawaban dari pertanyaan saya adalah ""mohon menunggu"", sudah sehari dari tiket yang bermasalah.",1,3.74.0,2023-03-22 07:02:50,"Hai, Kak Melly. Mohon maaf atas ketidaknyamanan yang kamu alami. Untuk membantu kami memahami kendala kamu, mohon bantuannya untuk menyampaikan detail kendala kamu melalui https://www.traveloka.com/id-id/contactus ya. Terima kasih. -PA",2023-03-22 07:34:09,3.74.0
Siska Maria,Sangat membantu kemudahan pesan tiket,5,3.74.0,2023-03-22 06:22:47,"Halo Siska, terima kasih karena telah setia menggunakan Traveloka. Kami sangat senang dapat membantu dan memudahkan Anda dalam merencanakan perjalanan Anda. Kami harap Anda selalu memiliki pengalaman yang menyenangkan dengan aplikasi Traveloka. Terima kasih telah memberikan tanggapan kepada Traveloka ;)",2019-09-16 09:30:25,3.74.0
Dedy Ridansyah,keren,5,3.74.0,2023-03-22 05:59:10,"Halo Kak, terima kasih banyak atas ratingnya, semoga Kakak tetap nyaman dan selau setia menjadi pelanggan Traveloka. Yuk Kak pantengin terus Traveloka Lifestyle Super App karna kami selalu berikan promo-promo yg menarik loooh, jangan sampai ketinggalan ya :)",2023-03-22 06:00:11,3.74.0
Atep Dadi Sumardi,"Pembayaran kartu kredit di Traveloka yang saya alami selalu bermasalah, transaksi berhasil, tapi tidak/belum diteruskan ke Bank Penerbit, padahal sudah masuk jatuh tempo, akhirnya kita mengalami keterlambatan pembayaran padahal sudah kita lakukan pembayaran tgl 16 Maret. Layanan konsumen / call center hanya berlaku bagi konsumen yang memiliki pesanan/transaksi aktif, selebihnya apabila ada permasalahan harus melalui chat, dengan respon yang sangat lama. Sangat layak untuk dihapus aplikasinya.",1,3.74.0,2023-03-22 05:24:20,"Hai, Atep. Mohon maaf atas ketidaknyamanannya. Laporan kamu terkait transaksi dengan kartu kredit sedang dilakukan pengecekan oleh tim Payment Specialist kami. Mohon menunggu info selanjutnya via pesan di aplikasi Traveloka pada nomor laporan 31XXXX09. Terima kasih. -SM",2023-03-22 05:35:25,3.74.0
S'septian BBS_I,sangat membantu,5,3.73.0,2023-03-22 05:21:52,"Halo Kak, terima kasih banyak atas ratingnya, semoga Kakak tetap nyaman dan selau setia menjadi pelanggan Traveloka. Yuk Kak pantengin terus Traveloka Lifestyle Super App karna kami selalu berikan promo-promo yg menarik loooh, jangan sampai ketinggalan ya :)",2023-03-22 05:30:13,3.73.0
nona kaya,"tidak pernah telat bayar paylater, tp sejak covid playlater saya tidak bs di gunakan. KECEWA",1,3.74.0,2023-03-22 05:20:57,"Hai, Kak. Mohon maaf atas ketidaknyamanan yang kamu alami. Agar dapat kami bantu cek, mohon infokan nama lengkap dan alamat email akun PayLater kamu melalui https://www.traveloka.com/id-id/contactus atau bisa hubungi kamu via IG PayLater Traveloka di link https://www.instagram.com/travelokapaylater/. Terima kasih. -PA",2023-03-22 05:34:44,3.74.0
Dede Irawan,ok,5,3.74.0,2023-03-22 05:03:46,"Hi, we are so grateful to get a lot of support from you. Hope you continue to enjoy our offers. If you have any feedback or suggestions, let us know on https://www.traveloka.com/contactus, our customer service would love to serve you in 24 hours. Thank you!",2023-03-22 05:30:18,3.74.0
sofwan tamami,mantap,5,3.74.0,2023-03-22 04:57:02,"Hai Sofwan. Terima kasih banyak atas ratingnya, semoga kamu tetap nyaman dan selalu setia menjadi pelanggan Traveloka. Yuk Kak pantengin terus Traveloka Lifestyle Super App karna kami selalu berikan promo-promo yang menarik. Jangan sampai ketinggalan ya. :) -NT",2023-03-22 05:02:11,3.74.0
Imam Saiful,aplikasi yg sangat mempermudah dalam pembelian tiket....Promo nya agak di seringkan lah,5,3.63.1,2023-03-22 04:37:23,"Halo Kak, terima kasih banyak atas ratingnya, semoga Kakak tetap nyaman dan selau setia menjadi pelanggan Traveloka. Yuk Kak pantengin terus Traveloka Lifestyle Super App karna kami selalu berikan promo-promo yg menarik loooh, jangan sampai ketinggalan ya :)",2023-03-22 05:00:10,3.63.1
Mahmud Al-Azhary,Mantap...,5,3.74.0,2023-03-22 04:31:08,"Hai Mahmud. Terima kasih banyak atas ratingnya, semoga kamu tetap nyaman dan selalu setia menjadi pelanggan Traveloka. Yuk Kak pantengin terus Traveloka Lifestyle Super App karna kami selalu berikan promo-promo yang menarik. Jangan sampai ketinggalan ya. :) -NT",2023-03-22 05:03:37,3.74.0
Dyah Kusumaningrum,"Mengecewakan, refund dana ribet dan gk ada kejelasan",1,3.74.0,2023-03-22 04:21:59,"Hai, Dyah. Maaf banget ya udah buat kamu kecewa. Untuk pengecekan lebih lanjut boleh dibantu infoin nomor pemesanan kamu melalui link https://www.traveloka.com/contactus ya. Kami akan berusaha untuk membantu kendala kamu tersebut. Terima kasih. -RF",2023-03-22 04:35:42,3.74.0
INDRA AGUS SALAM,"Terbaik untuk penerbangan kami, Traveloka tetap jaya",5,3.74.0,2023-03-22 04:21:06,"Halo Kak, terima kasih banyak atas ratingnya, semoga Kakak tetap nyaman dan selau setia menjadi pelanggan Traveloka. Yuk Kak pantengin terus Traveloka Lifestyle Super App karna kami selalu berikan promo-promo yg menarik loooh, jangan sampai ketinggalan ya :)",2023-03-22 04:30:37,3.74.0
Harry Johanes Karito Butar Butar,Kok gak bisa pesan tiket pesawat lagi ya?,1,3.74.0,2023-03-22 03:51:31,"Hai, Harry. Kami meminta maaf atas kendala yang kamu alami. Kamu dapat menghubungi kami melalui https://www.traveloka.com/id-id/contactus agar masalahmu bisa diselesaikan secepat mungkin. Kami akan berikan solusi terbaik agar kamu dapat merasa puas dan layanan kami layak mendapatkan rating yang lebih baik. Terima kasih. -OE",2023-03-22 04:04:20,3.74.0
Nur Rokhman,"Customer servicenya tidak ada yg dapat interaktif, disiapkan no telpon tetapi hanya mesin operator yg mengarahkan, demikian pula dg chating hanya operator mesin yg jawab. Kalau ada kendala, customer memikir sendiri tanpa dibantu cs yg intrtaktif..",1,3.74.0,2023-03-22 03:37:25,"Hai, Rokhman. Kami meminta maaf atas kendala yang kamu alami. Kamu dapat menghubungi kami melalui https://www.traveloka.com/id-id/contactus agar masalahmu bisa diselesaikan secepat mungkin. Kami akan berikan solusi terbaik agar kamu dapat merasa puas dan layanan kami layak mendapatkan rating yang lebih baik. Terima kasih. -OE",2023-03-22 04:02:09,3.74.0
Ceali Ali,pelayanan bagus,5,3.74.0,2023-03-22 03:19:04,"Halo Kak, terima kasih banyak atas ratingnya, semoga Kakak tetap nyaman dan selau setia menjadi pelanggan Traveloka. Yuk Kak pantengin terus Traveloka Lifestyle Super App karna kami selalu berikan promo-promo yg menarik loooh, jangan sampai ketinggalan ya :)",2023-03-22 03:30:11,3.74.0
novi sari,sangat membantu proses cepat,4,3.72.0,2023-03-22 03:09:26,"Hi Kak, senang banget nih dapat rating bagus dari Kakak, terima kasih juga atas feedbacknya! Kenyamanan Kakak adalah prioritas Kami, jika ada pertanyaan lainnya jangan sungkan ya untuk infokan pada kami di https://www.traveloka.com/contactus . Jangan sampai ketinggalan penawaran menarik lainnya di Traveloka Lifestye Super Apps.",2023-03-22 03:30:13,3.72.0
Sandy Frenzy,ok,4,3.74.0,2023-03-22 02:55:56,"Hi, thank you very much for the positive review! Please feel free to contact us at https://www.traveloka.com/contactus we're more than happy to assist you and Stay tuned for more exciting offers on Traveloka Lifestyle Super App.",2023-03-22 03:00:18,3.74.0
Suratno ratno,"Sangat membantu, simpel dan mudah di akses",5,3.74.0,2023-03-22 02:32:15,"Hi Kak, senang banget nih dapat rating bagus dari Kakak, terima kasih juga atas feedbacknya! Kenyamanan Kakak adalah prioritas Kami, jika ada pertanyaan lainnya jangan sungkan ya untuk infokan pada kami di https://www.traveloka.com/contactus . Jangan sampai ketinggalan penawaran menarik lainnya di Traveloka Lifestye Super Apps.",2023-03-22 03:00:21,3.74.0
Iwayan Juniada,Traveloka emang debes,5,3.73.0,2023-03-22 02:20:29,"Halo Kak, terima kasih banyak atas ratingnya, semoga Kakak tetap nyaman dan selau setia menjadi pelanggan Traveloka. Yuk Kak pantengin terus Traveloka Lifestyle Super App karna kami selalu berikan promo-promo yg menarik loooh, jangan sampai ketinggalan ya :)",2023-03-22 02:30:09,3.73.0
Sudarno Edi,mudah dan cepat,5,3.72.0,2023-03-22 01:25:24,"Halo Kak, terima kasih banyak atas ratingnya, semoga Kakak tetap nyaman dan selau setia menjadi pelanggan Traveloka. Yuk Kak pantengin terus Traveloka Lifestyle Super App karna kami selalu berikan promo-promo yg menarik loooh, jangan sampai ketinggalan ya :)",2023-03-22 01:30:13,3.72.0
Gustri Anti,good,5,3.74.0,2023-03-22 00:55:07,"Hi, thank you very much for the positive review! Please feel free to contact us at https://www.traveloka.com/contactus we're more than happy to assist you and Stay tuned for more exciting offers on Traveloka Lifestyle Super App.",2023-03-22 01:00:20,3.74.0
Suparmi Mi,bagus cepat banget,5,3.74.0,2023-03-22 00:28:53,"Halo Kak, terima kasih banyak atas ratingnya, semoga Kakak tetap nyaman dan selau setia menjadi pelanggan Traveloka. Yuk Kak pantengin terus Traveloka Lifestyle Super App karna kami selalu berikan promo-promo yg menarik loooh, jangan sampai ketinggalan ya :)",2023-03-22 00:30:11,3.74.0
ary farizal,"Awalnya sempet kesel karna tiket pesen dari jam 9 pagi sampe jam 2 siang blm terbit, sampe bela belain ke kantor traveloka supaya bisa ferifikasi. Eeee ternyata saya yg salah input nominal pembayaran.😅 tapi sesuai alhamdulillah uang di kembalikan meskipun 2 hari kerja.🙂.",5,3.74.0,2023-03-22 00:25:59,"Hi Kak, senang banget nih dapat rating bagus dari Kakak, terima kasih juga atas feedbacknya! Kenyamanan Kakak adalah prioritas Kami, jika ada pertanyaan lainnya jangan sungkan ya untuk infokan pada kami di https://www.traveloka.com/contactus . Jangan sampai ketinggalan penawaran menarik lainnya di Traveloka Lifestye Super Apps.",2023-03-22 00:30:14,3.74.0
Imam Syafi'i,ok,5,3.72.0,2023-03-22 00:23:33,Thank you for leaving a good comment to us. Let us know if you have any suggestion for improvement through https://www.traveloka.com/contactus . Stay around for more interesting offers from Traveloka Lifestyle Super App!,2023-03-22 00:30:16,3.72.0
RAGIL MARHUPI,"mantap pelayanan di traveloka, banyak promo menarik",5,3.74.0,2023-03-21 23:36:40,"Halo Kak, terima kasih banyak atas ratingnya, semoga Kakak tetap nyaman dan selau setia menjadi pelanggan Traveloka. Yuk Kak pantengin terus Traveloka Lifestyle Super App karna kami selalu berikan promo-promo yg menarik loooh, jangan sampai ketinggalan ya :)",2023-03-22 00:00:21,3.74.0
keong Racun,puas,4,3.59.0,2023-03-21 23:07:38,"Hai, Kak. Terima kasih atas ratingnya. Semoga kamu tetap nyaman dan selalu setia menjadi pelanggan Traveloka. Yuk pantengin terus Traveloka Lifestyle Super App, karena kami selalu berikan promo-promo yang menarik. Jangan sampai ketinggalan ya :) -WR",2023-03-21 23:31:35,3.59.0
dudik Fs,fast respon,5,3.74.0,2023-03-21 22:47:01,"Hi, we are so grateful to get a lot of support from you. Hope you continue to enjoy our offers. If you have any feedback or suggestions, let us know on https://www.traveloka.com/contactus, our customer service would love to serve you in 24 hours. Thank you!",2023-03-21 23:00:22,3.74.0
husodo ragil Prastowo,aplikasi pemesanan tiket dan lain² yang sangat relevan dan mudah serta informatif,5,3.74.0,2023-03-21 17:08:26,"Halo Kak, terima kasih banyak atas ratingnya, semoga Kakak tetap nyaman dan selau setia menjadi pelanggan Traveloka. Yuk Kak pantengin terus Traveloka Lifestyle Super App karna kami selalu berikan promo-promo yg menarik loooh, jangan sampai ketinggalan ya :)",2023-03-21 17:30:13,3.74.0
Muhammad Badri Coco,baik,5,3.74.0,2023-03-21 16:56:52,"Halo Kak, terima kasih banyak atas ratingnya, semoga Kakak tetap nyaman dan selau setia menjadi pelanggan Traveloka. Yuk Kak pantengin terus Traveloka Lifestyle Super App karna kami selalu berikan promo-promo yg menarik loooh, jangan sampai ketinggalan ya :)",2023-03-21 17:00:12,3.74.0
ARI SETIAWAN,"Uang di ambil, tiket gak dikirim, orang nak berangkat gak difikirkan. Sangat gak profesional",1,,2023-03-21 16:37:39,"Hai Ari, mohon maaf atas ketidaknyamanannya. Kami menemukan informasi keluhan Anda sebelumnya pada nomor laporan 31xxxx78 dan tim kami akan menghubungi Anda kembali melalui Pesan Inbox aplikasi Traveloka. Mohon kesediaannya menunggu informasi selanjutnya dari tim kami. Terima kasih. -CA",2023-03-21 17:02:53,
Buddy Hartawan,sangat memuaskan,5,3.74.0,2023-03-21 16:20:33,"Halo Kak, terima kasih banyak atas ratingnya, semoga Kakak tetap nyaman dan selau setia menjadi pelanggan Traveloka. Yuk Kak pantengin terus Traveloka Lifestyle Super App karna kami selalu berikan promo-promo yg menarik loooh, jangan sampai ketinggalan ya :)",2023-03-21 16:30:10,3.74.0
Moris Imanuel Olang,sangat membantu sekali,5,3.73.0,2023-03-21 15:45:43,"Halo Kak, terima kasih banyak atas ratingnya, semoga Kakak tetap nyaman dan selau setia menjadi pelanggan Traveloka. Yuk Kak pantengin terus Traveloka Lifestyle Super App karna kami selalu berikan promo-promo yg menarik loooh, jangan sampai ketinggalan ya :)",2023-03-21 16:00:22,3.73.0
Jufita “Jufita” Olii,"TRAVELOKA SANGAT SANGAT MENGECEWAKAN DAN MERUGIKAN KONSUMEN/CUSTOMER, PEMBAYARAN SUDAH BERHASIL MASUK KE REKENING PT. TRINUSA TRAVELINDO MELALUI BCA, TETAPI KATANYA DENGAN ALASAN GANGGUAN SISTEM, DANA CUSTOMER DITAHAN OLEH PT. TRINUSA TRAVELINDO, MALAH MENYALAHKAN BCA TDK BISA DIKONFIRMASI UNTUK DANA YG MASUK. CUSTOMER DISARANKAN UNTUK MEMESAN LAGI TIKET SENDIRI, KALAU CUSTOMER NYA PUNYA DANA, KALAU TIDAK PUNYA DANA ???? JADI HARUS BAGAIMANA ??? MERUGIKANNNNNNN",1,3.74.0,2023-03-21 15:31:15,"Hai Jufita, maaf ya atas ketidaknyamanannya. Untuk membantu kami memahami kendala kamu, mohon bantuannya untuk menginformasikan detail kendala yang dimaksud beserta nomor pesanan kamu (jika ada) melalui pesan pada aplikasi kamu atau melalui email ke cs@traveloka.com. -CA",2023-03-21 16:02:55,3.74.0
Yudi Baskara,good,4,3.74.0,2023-03-21 14:56:38,"Hi, thank you very much for the positive review! Please feel free to contact us at https://www.traveloka.com/contactus we're more than happy to assist you and Stay tuned for more exciting offers on Traveloka Lifestyle Super App.",2023-03-21 15:00:11,3.74.0
Ferdinandus Sunarto,"Traveloka sangat membantu, cuma mohon sy dibantu juga untuk proses refund saya. Sy sempat keliru saat memilih Bank utk tujuan refund. Nomor rekeningnya sdh benar seharusnya PT BANK NEGARA INDONESIA tapi terpilih BNI Syariah. Sehingga smp skrg refund belum diproses. Mohon bantuannya cara merubah Bank tujuan.",5,3.71.0,2023-03-21 14:54:31,"Hai Sunarto, untuk dapat kami bantu cek kendala refund kamu, mohon informasikan nomor pesanan Traveloka kamu terlebih dahulu melalui email kami di cs@traveloka.com ya Kak. Terima kasih. -AK",2023-03-21 15:01:23,3.71.0
Pahru Pahru,Masuknya susah...udah didouwnload tp unsinstall,1,3.74.0,2023-03-21 14:43:26,"Hai, Kak Pahru. Mohon maaf atas kendala yang kamu alami. Agar kami bisa bantu cek lebih lanjut, silakan menghubungi kami melalui https://www.traveloka.com/id-id/contactus. Makasih 🙏 -RZ",2023-03-21 15:03:10,3.74.0
Sabas Channel,good sih,5,3.74.0,2023-03-21 14:38:10,"Hi Kak, senang banget nih dapat rating bagus dari Kakak, terima kasih juga atas feedbacknya! Kenyamanan Kakak adalah prioritas Kami, jika ada pertanyaan lainnya jangan sungkan ya untuk infokan pada kami di https://www.traveloka.com/contactus . Jangan sampai ketinggalan penawaran menarik lainnya di Traveloka Lifestye Super Apps.",2023-03-21 15:00:14,3.74.0
Beni Affriadi,Oke banget,5,,2023-03-21 14:37:14,"Hi Kak, terima kasih atas feedbacknya, semoga Kakak tetap setia dengan Traveloka. Jika ada pertanyaan lain bisa langsung infokan pada kami di https://www.traveloka.com/contactus ya, Kak. Pantau terus Traveloka Lifestyle Super App untuk penawaran spesial lainnya!",2023-03-21 15:00:16,
Reisya Putri Julianto,"Aplikasi payah,pembelian tiket begitu transfer langsung waktu kardaluasa ,dan uang saya ga kembali tiket pun tidak ada",1,3.74.0,2023-03-21 14:04:52,"Hai Reisya, maaf banget buat kamu gak nyaman, untuk saat ini sedang terjadi kendala pada verifikasi pembayaran pesanan kamu, mohon informasikan nomor pesanan Traveloka beserta bukti screenshot pembayaran kamu melalui email kami di cs@traveloka.com ya kak. Terima kasih. -AK",2023-03-21 14:33:51,3.74.0
Agus Heriyanto,. lebih mudah mengaksesnya,5,,2023-03-21 13:32:49,"Hi Kak, senang banget nih dapat rating bagus dari Kakak, terima kasih juga atas feedbacknya! Kenyamanan Kakak adalah prioritas Kami, jika ada pertanyaan lainnya jangan sungkan ya untuk infokan pada kami di https://www.traveloka.com/contactus . Jangan sampai ketinggalan penawaran menarik lainnya di Traveloka Lifestye Super Apps.",2023-03-21 14:00:22,
Akbar Rafsanjani,oke,5,3.72.0,2023-03-21 13:30:29,"Halo, Akbar. Terima kasih banyak atas ratingnya, semoga Kakak tetap nyaman dan selau setia menjadi pelanggan Traveloka. Yuk Kak pantengin terus Traveloka Lifestyle Super App karna kami selalu berikan promo-promo yg menarik loooh, jangan sampai ketinggalan ya :) -IN",2023-03-21 14:01:35,3.72.0
Khairul Ashri,pembayaran saya sebelumnya tidak terkonfirmasi,1,3.74.0,2023-03-21 13:18:41,"Hai, Khairul. Mohon maaf atas ketidaknyamanannya. Apabila kamu ada kendala pembayaran pesanan, mohon diinfokan detail pesanan kamu melalui email di cs@traveloka.com. Nantinya kami akan lakukan pengecekan lebih lanjut. Terima kasih. -IN",2023-03-21 13:32:01,3.74.0
Wahyu Hendratmoko,Proses booking mudah,5,3.74.0,2023-03-21 12:59:34,"Halo Kak, terima kasih banyak atas ratingnya, semoga Kakak tetap nyaman dan selau setia menjadi pelanggan Traveloka. Yuk Kak pantengin terus Traveloka Lifestyle Super App karna kami selalu berikan promo-promo yg menarik loooh, jangan sampai ketinggalan ya :)",2023-03-21 13:00:09,3.74.0
Ari Dwi Gunarto,"Hari ini saya kecewa.. Karena pembayaran saya tidak terverifikasi padahal saya membayar sebelum batas yang ditentukan, saya sudah menghubungi lewat chat tapi tidak ada respon, lewat telepon juga tidak ada yang menjawab, lewat email juga tidak ada respon.. Terus uang saya bagaimana.. ????Sangat merugikan, sedang kan tiket yang saya beli sangat dibutuhkan cepat, tapi traveloka tidak ada kepastian.. Kalau memang tidak bisa tolong segera di refund sehingga saya bisa beli tiket yang lain",1,3.74.0,2023-03-21 12:58:55,"Hai Kak Ari, maaf banget kendala vefifikasi pembayaran pesanan kamu. Karena saat ini masih ada pemeliharaan sistem bank BCA, maka verifikasi pembayaran kamu yang menggunakan bank BCA membutuhkan estimasi waktu lama untuk verifikasi. Terima kasih -DZ",2023-03-21 13:04:16,3.74.0
Fiqhi Vigarieka,"Sy sudah menggunakan traveloka udah 5 tahun, tapi system paylaternya sangat mengecewakan beberapa bulan belakangan sy tidak pernah menggunakan limit sy dan pada saat pembayaran sebelum jatuh tempo sy sudah bayar eh ini malah limit sy 0 dan penggunaan tidak sehat, tidak sehat dari mana ga pernah di gunakan.",1,3.72.0,2023-03-21 12:50:23,"Hai, Fiqhi. Mohon maaf atas ketidaknyamanannya. Apabila kamu ada kendala pada akun PayLater. Mohon diinfokan nama lengkap dan alamat email yang terdaftar pada akun PayLater kamu melalui email di cs@traveloka.com. Nantinya kami akan lakukan pengecekan lebih lanjut. Terima kasih. -IN",2023-03-21 13:05:28,3.72.0
Harni Tarno,knp begitu selesai beli tiket penerbangan sdh pembayaran kok lgsg hilang layarx jd putih semua bgm cr mengembalikan seperti semula.sy blm dpt kode booking gmn tuh,4,3.74.0,2023-03-21 10:42:13,"Hai Harni, mohon maaf atas ketidaknyamanan yang kamu alami, perihal kendala pesanan kamu, mohon informasikan nomor pesanan Tersebut melalui email kami di cs@Traveloka.com dengan melampirkan bukti screenshot pembayaran pesanan Tersebut ya Kak. Terima kasih. -AK",2023-03-21 11:06:52,3.74.0
Nurani Mazalan,terbaik 👍👍👍👍,5,3.73.0,2023-03-21 10:37:32,"Halo, Nurani. Senangnya dapat bintang lima dari kamu. Terima kasih untuk apresiasinya ya, semoga kamu tetap nyaman dan selalu setia menjadi pelanggan Traveloka. -SM",2023-03-21 11:03:02,3.73.0
Sudirman Peto,baik,5,3.74.0,2023-03-21 10:27:04,"Halo Kak, terima kasih banyak atas ratingnya, semoga Kakak tetap nyaman dan selau setia menjadi pelanggan Traveloka. Yuk Kak pantengin terus Traveloka Lifestyle Super App karna kami selalu berikan promo-promo yg menarik loooh, jangan sampai ketinggalan ya :)",2023-03-21 10:30:14,3.74.0
Fiter Sianturi,easy,5,3.74.0,2023-03-21 10:23:34,"Hi, we are so grateful to get a lot of support from you. Hope you continue to enjoy our offers. If you have any feedback or suggestions, let us know on https://www.traveloka.com/contactus, our customer service would love to serve you in 24 hours. Thank you!",2023-03-21 10:30:17,3.74.0
ccparamithaaa _,👍👍👍👌👌👌👌,5,,2023-03-21 10:19:38,"Hai, Kak Paramitha. Senang banget dapat bintang lima dari Kakak, terima kasih atas apresiasinya. Semoga selalu suka ya Kak sama Traveloka :) -RU",2023-03-21 10:32:31,
Wisnu Abimanyu,Susah mau pesen tiket bis... Gak pernah berhasil...,1,3.74.0,2023-03-21 10:12:33,"Hai, Wisnu. Mohon maaf untuk kendala yang terjadi. Untuk membantu kendala kamu, mohon hubungi kami melalui tautan ini https://www.traveloka.com/contactus. Terima kasih. -SM",2023-03-21 10:35:42,3.74.0
Fany Purnama,terbaik,5,3.74.0,2023-03-21 09:58:09,"Halo, Fany. Terima kasih untuk apresiasinya ya, semoga kamu tetap nyaman dan selalu setia menjadi pelanggan Traveloka. Jangan lupa pantengin terus Traveloka, karena akan selalu ada promo yang menarik. -SM",2023-03-21 10:02:50,3.74.0
ahmad setiyadi,Sudah Kecewa sama traveloka,1,,2023-03-21 09:56:35,"Halo Ahmad, mohon maaf ketidaknyamanan ini ya. Boleh infokan rincian kendala kamu melalui tautan ini untuk pengecekan lebih lanjut https://www.traveloka.com/id-id/contactus. Terima kasih. -OR",2023-03-21 10:03:25,
owen susanto,Mantap,5,3.74.0,2023-03-21 09:21:51,Makasih ya Kak Owen sudah setia bersama Traveloka :)) -DZ,2023-03-21 09:31:44,3.74.0
Novendra Azmi,ok,5,3.74.0,2023-03-21 09:09:32,"Hi, thank you very much for the positive review! Please feel free to contact us at https://www.traveloka.com/contactus we're more than happy to assist you and Stay tuned for more exciting offers on Traveloka Lifestyle Super App.",2023-03-21 09:30:10,3.74.0
Ayika Riyana,"oks Bgt, sangat membantu",5,3.67.0,2023-03-21 08:59:21,"Halo Kak, terima kasih banyak atas ratingnya, semoga Kakak tetap nyaman dan selau setia menjadi pelanggan Traveloka. Yuk Kak pantengin terus Traveloka Lifestyle Super App karna kami selalu berikan promo-promo yg menarik loooh, jangan sampai ketinggalan ya :)",2023-03-21 09:00:12,3.67.0
inin Fit coach,"Terimakasih ,sangat simple & fast respon",5,3.74.0,2023-03-21 08:44:48,"Hi Kak, senang banget nih dapat rating bagus dari Kakak, terima kasih juga atas feedbacknya! Kenyamanan Kakak adalah prioritas Kami, jika ada pertanyaan lainnya jangan sungkan ya untuk infokan pada kami di https://www.traveloka.com/contactus . Jangan sampai ketinggalan penawaran menarik lainnya di Traveloka Lifestye Super Apps.",2023-03-21 09:00:14,3.74.0
Jihan Riva,makasih traveloka. sudah konsisten dengan kinerja nya,5,3.74.0,2023-03-21 08:19:40,"Halo Kak, terima kasih banyak atas ratingnya, semoga Kakak tetap nyaman dan selau setia menjadi pelanggan Traveloka. Yuk Kak pantengin terus Traveloka Lifestyle Super App karna kami selalu berikan promo-promo yg menarik loooh, jangan sampai ketinggalan ya :)",2023-03-21 08:30:08,3.74.0
Erwin Kristian,Skr ruwet maslh pembayaran,3,3.74.0,2023-03-21 08:19:25,"Hai, Erwin. Mohon maaf atas ketidaknyamanannya. Untuk membantu kami memahami kendala kamu, mohon bantuannya untuk menyampaikan kendala kamu beserta nomor pesanan kamu melalui https://www.traveloka.com/id-id/contactus agar kami dapat bantu cek lebih lanjut. Terima kasih. -SY",2023-03-21 08:39:15,3.74.0
Isnaini Devira,SAYA SANGAT KECEWA KARENA PESAN TIKET HOTEL NAMUN TIKETNYA GAK KELUAR PDAHAL SALDO SAYA SUDAH TERPOTONG MENGGUNAKAN TRANSFER BCA. DI CHAT GAK ADA YG RESPON. APAKAH UANG SAYA BISA KEMBALI KALO KAYAK GINI?! SANGAT MENGECEWAKAN SISTEM TRAVELOKA. MASA SAYA HARUS BELI LAGI?? RUGI,1,3.57.0,2023-03-21 08:05:49,"Hai, Kak Isnaini. Mohon maaf atas ketidaknyamanannya. Saat ini laporan kamu sudah kami bantu tindaklanjuti ke tim Payment Specialist kami. Mohon tunggu konfirmasi selanjutnya dari tim kami melalui inbox aplikasi atau email kamu ya. Terima kasih. -SY",2023-03-21 08:35:47,3.57.0
agus susanto,Ok,5,3.74.0,2023-03-21 07:57:19,"Hi, thank you very much for the positive review! Please feel free to contact us at https://www.traveloka.com/contactus we're more than happy to assist you and Stay tuned for more exciting offers on Traveloka Lifestyle Super App.",2023-03-21 08:00:20,3.74.0
Saya Adalah,Oke baik kamar sudah diganti ke kamar yg bagus🥰 sesuai dengan harganya🙏 terimakasih TRAVELOKA semoga kedepannya bisa semakin lebih canggih dan semakin baik lagi pelayanannya💕,5,,2023-03-21 07:57:01,"Hi Kak, senang banget nih dapat rating bagus dari Kakak, terima kasih juga atas feedbacknya! Kenyamanan Kakak adalah prioritas Kami, jika ada pertanyaan lainnya jangan sungkan ya untuk infokan pada kami di https://www.traveloka.com/contactus . Jangan sampai ketinggalan penawaran menarik lainnya di Traveloka Lifestye Super Apps.",2023-03-21 08:00:23,
Uraaa S,Payah erortt terus mau reshedule,1,3.74.0,2023-03-21 07:39:19,"Hai Ura. Maaf buat gak nyaman. Untuk dapat mimin bantu lebih lanjut kendala kamu, mohon hubungi kami melalui link https://www.traveloka.com/id-id/contactus dengan memberikan nomor pesanan Traveloka kamu. Terima kasih. -RM",2023-03-21 08:08:23,3.74.0
Muhammad Rizkon,Sangat membantu,5,3.74.0,2023-03-21 07:29:59,"Hi Kak, terima kasih atas feedbacknya, semoga Kakak tetap setia dengan Traveloka. Jika ada pertanyaan lain bisa langsung infokan pada kami di https://www.traveloka.com/contactus ya, Kak. Pantau terus Traveloka Lifestyle Super App untuk penawaran spesial lainnya!",2023-03-21 08:00:28,3.74.0
Athisa Dmc,memang terbaik,5,3.74.0,2023-03-21 07:28:40,"Halo Kak, terima kasih banyak atas ratingnya, semoga Kakak tetap nyaman dan selau setia menjadi pelanggan Traveloka. Yuk Kak pantengin terus Traveloka Lifestyle Super App karna kami selalu berikan promo-promo yg menarik loooh, jangan sampai ketinggalan ya :)",2023-03-21 07:30:16,3.74.0
Delly Juliardi,"Ada momen dimana istri saya pesan travel dan sudah bayar. Pembayaran ditujukannya ke bank b*a tapi bayarnya BI Fast dari bank lain dan ketika sudah bayar biasanya tidak usah klik ""saya sudah bayar"" karena otomatis langsung masuk plus dapat e-tiket. Tapi entah kenapa yang ini pembayaran tidak masuk jadi masih dikategorikan belum bayar padahal sudah lunas. Sudah hub cs pembayaran berhasil tapi etiket belum kunjung ada. Alhasil istri saya harus pesan travel yang beda waktu",2,3.74.0,2023-03-21 07:23:31,"Halo Delly, mohon maaf ketidaknyamanan ini ya. Boleh infokan nomor pesanan kamu melalui tautan ini untuk pengecekan lebih lanjut ya https://www.traveloka.com/id-id/contactus. Terima kasih. -OR",2023-03-21 07:37:44,3.74.0
ANZAR MUSAFAR AMIN,semoga selalu diskon setiap waktu,4,3.74.0,2023-03-21 06:59:55,"Halo Kak, terima kasih banyak atas ratingnya, semoga Kakak tetap nyaman dan selau setia menjadi pelanggan Traveloka. Yuk Kak pantengin terus Traveloka Lifestyle Super App karna kami selalu berikan promo-promo yg menarik loooh, jangan sampai ketinggalan ya :)",2023-03-21 07:00:10,3.74.0
Herzi Fahlevi,mantaff,5,3.74.0,2023-03-21 06:51:34,"Hi, we are so grateful to get a lot of support from you. Hope you continue to enjoy our offers. If you have any feedback or suggestions, let us know on https://www.traveloka.com/contactus, our customer service would love to serve you in 24 hours. Thank you!",2023-03-21 07:00:13,3.74.0
Ameliyah Lidia,Masa udh transfer dari jm 9.28 smpe sekarang belum muncul etiket udh mana buru2,1,3.73.0,2023-03-21 06:13:36,"Hai, Ameliyah. Mohon maaf atas ketidaknyamanan yang terjadi. Saat ini memang sedang ada kendala sistem untuk verifikasi pembayaran. Mohon hubungi kami melalui tautan ini https://www.traveloka.com/id-id/contactus untuk dibantu cek lebih lanjut ya. Terima kasih 🙏 -WR
",2023-03-21 06:32:34,3.73.0
Ackley Reynner,Saya gagal keberangkatan tgl 21-03-2023 Astimasi pembayaran jam 08:00 dan saya tranfer pada jam 07:53 dan akhirnya batas waktu sudah habis ini bagaimana kalo waktu nya masih ada kenapa bisa gagal.dan saya sangat di rugikan waktu dan kegagalan keberangkatan jangan mau beli tiket di traveloka kalo tidak mau kalian jadi korban berikut nya,1,3.74.0,2023-03-21 05:50:13,"Hai, Kak Ackley. Mohon maaf atas ketidaknyamanan yang kamu alami. Untuk membantu kami memahami kendala kamu, mohon bantuannya untuk menyampaikan detail kendala kamu melalui https://www.traveloka.com/id-id/contactus ya. Terima kasih. -PA",2023-03-21 05:32:40,3.74.0
Lamhot Sinaga,"Dari dulu saya ambil tiket pakai aplikasi ini,saya daftar payleter gak disetujui. Kurang ajar.",1,3.74.0,2023-03-21 05:42:14,"Halo, Kak Lamhot. Mohon maaf sekali atas ketidaknyamanannya, terkait dengan kendala kamu. Mohon infokan nama lengkap dan alamat email akun PayLater kamu via https://www.traveloka.com/id-id/contactus ya. Kamu juga bisa hubungi langsung ke akun IG PayLater Traveloka https://www.instagram.com/travelokapaylater/ ya. Terima kasih. -PA",2023-03-21 06:05:24,3.74.0
onal antula,9 u. 90,4,3.73.0,2023-03-21 05:34:48,"Hai Onal, makasih untuk feedback kamu ya. Apabila kamu ada pertanyaan, boleh sampaikan melalui tautan ini https://www.traveloka.com/id-id/contactus. Terima kasih. -OR",2023-03-21 06:03:10,3.73.0
Zulkaini Umar,👍👍,5,3.74.0,2023-03-21 05:24:21,"Halo, Zulkaini. Terima kasih atas penilaiannya dan telah memilih Traveloka sebagai partner perjalanan kamu. Terima kasih. -SC",2023-03-21 05:32:55,3.74.0
Dea Sinta,bagus,5,3.74.0,2023-03-21 05:21:11,"Halo Kak, terima kasih banyak atas ratingnya, semoga Kakak tetap nyaman dan selau setia menjadi pelanggan Traveloka. Yuk Kak pantengin terus Traveloka Lifestyle Super App karna kami selalu berikan promo-promo yg menarik loooh, jangan sampai ketinggalan ya :)",2023-03-21 05:30:16,3.74.0
Bang Odet,Good job,5,,2023-03-21 04:59:45,"Hi, thank you very much for the positive review! Please feel free to contact us at https://www.traveloka.com/contactus we're more than happy to assist you and Stay tuned for more exciting offers on Traveloka Lifestyle Super App.",2023-03-21 05:00:21,
Faet khyu chyu,"Sangat buruk ke 2 kalinya uang saya di ambil traveloka, saya sudah transfer tpi tiket saya tidak keluar",1,3.74.0,2023-03-21 04:05:38,Halo Kak. Mohon maaf atas kendala yang kamu alami. Silakan menghubungi kami melalui https://www.traveloka.com/id-id/contactus untuk pengecekan lebih lanjut. Terima kasih. -SC,2023-03-21 04:39:22,3.74.0
dealta dermawan,Pesen tiket pesawat blm terverivikasi padahal udah transfer. Mau tlp call center hanpur stngh jam gak di angkat2. Gw mau edit tgl lahir woy. Seharusnya klo udh sukses tf berarti udh terverifikasi kok ini malahan blm di di veri. Mskin kode boking blm terverivikasi.,1,3.46.0,2023-03-21 04:03:33,"Hai, Dealta. Maaf ya udah buat kamu gak nyaman. Supaya mimin bisa bantu cek, silakan infoin nomor pesanan kamu dan kirim bukti bayarnya juga melalui laman https://www.traveloka.com/contactus ya. Terima kasih. -AM",2023-03-21 04:02:30,3.46.0
R.a. teguh Purwoto,Saya belum pernah Menggunakan,1,,2023-03-21 04:00:21,Halo Teguh. Jika kamu memiliki kendala atau kesulitan jangan ragu menghubungi kami melalui https://www.traveloka.com/id-id/contactus. Terima kasih. -SC,2023-03-21 04:36:28,
Siti Fatimah,Ok,5,3.74.0,2023-03-21 03:41:06,"Hi, thank you very much for the positive review! Please feel free to contact us at https://www.traveloka.com/contactus we're more than happy to assist you and Stay tuned for more exciting offers on Traveloka Lifestyle Super App.",2023-03-21 04:00:16,3.74.0
Muhammad Yazid Fadhillah,"proses verifikasi lama banget sampai tenggat waktu abis, tiket tetap tidak diberikan malah hangus",1,,2023-03-21 03:35:55,"Hai, Yazid. Maaf ya udah buat kamu gak nyaman. Supaya mimin bisa bantu cek, silakan infoin nomor pesanan kamu dan kirim bukti bayarnya juga melalui laman https://www.traveloka.com/contactus ya. Terima kasih. -AM",2023-03-21 04:04:02,
Gustiarif123 Gutiarif123,bagus,5,3.69.0,2023-03-21 03:34:36,"Hi Kak, senang banget nih dapat rating bagus dari Kakak, terima kasih juga atas feedbacknya! Kenyamanan Kakak adalah prioritas Kami, jika ada pertanyaan lainnya jangan sungkan ya untuk infokan pada kami di https://www.traveloka.com/contactus . Jangan sampai ketinggalan penawaran menarik lainnya di Traveloka Lifestye Super Apps.",2023-03-21 04:00:20,3.69.0
Arif Ceci,bagus dan tidak ribet,5,3.74.0,2023-03-21 01:55:30,"Halo Kak, terima kasih banyak atas ratingnya, semoga Kakak tetap nyaman dan selau setia menjadi pelanggan Traveloka. Yuk Kak pantengin terus Traveloka Lifestyle Super App karna kami selalu berikan promo-promo yg menarik loooh, jangan sampai ketinggalan ya :)",2023-03-21 02:00:23,3.74.0
arkania saga,"Kalau beli tiket sih oke2 aja pakai aplikasi ini. Tapi kalo mesen taksi, big no banget..",3,3.74.0,2023-03-21 01:48:26,"Hai, Arkania. Maaf banget ya buat kendala yang terjadi. Apabila kamu memiliki kendala saat melakukan pemesanan di Traveloka, silakan sampaikan melalui link https://www.traveloka.com/contactus ya. Kami akan berusaha untuk membantu kendala kamu tersebut. Terima kasih. -RF",2023-03-21 02:05:35,3.74.0
Dika Nanda,"Kacau ,Udah bayar tapi status pembayaran gagal terverifikasi",1,3.53.0,2023-03-21 01:32:22,Halo Dika. Mohon maaf atas kendala yang kamu alami. Kami bantu cek saat ini kendala kamu sudah dalam penanganan tim Payment Specialist melalui nomor laporan #31xxx193. Mohon menunggu info lanjut dari tim mimin. Terima kasih. -SC,2023-03-21 02:08:06,3.53.0
Kaulan 10,Good,4,3.74.0,2023-03-21 01:15:21,"Hi, thank you very much for the positive review! Please feel free to contact us at https://www.traveloka.com/contactus we're more than happy to assist you and Stay tuned for more exciting offers on Traveloka Lifestyle Super App.",2023-03-21 01:30:09,3.74.0
Ireene Eilert,"Buruk sekali, sudah bayar juga tapi e tiket ga keluar malah blg verifikasi tertunda akhirnya diblg batas waktu habis. Lalu uang ku ntah ditelan kemana. Chat CS ga guna, yg balas malah bot. Fungsi CS buat apa? Ini uang mau refund gabisa, karena verifikasi aja blm. INI UANG SAYA DIKEMANAIN??",1,,2023-03-21 00:45:32,"Hai, Ireene. Kami meminta maaf atas kendala yang kamu alami. Kamu dapat menghubungi kami melalui https://www.traveloka.com/id-id/contactus agar masalahmu bisa diselesaikan secepat mungkin. Kami akan berikan solusi terbaik agar kamu dapat merasa puas dan layanan kami layak mendapatkan rating yang lebih baik. Terima kasih. -OE",2023-03-21 01:02:08,
adi jhons,Kenapa sekarang ga bisa cek in melalui aplikasi,5,3.74.0,2023-03-21 00:03:56,"Hai, Adi. Kalau yang kamu maksud untuk check in tiket Pesawat, hal tersebut tergantung dari kebijakan pihak maskapai. Ada yang bisa dan ada juga yang tidak bisa. Supaya mimin bisa bantu cek kebijakan tiket kamu, silakan hubungi mimin melalui laman ini ya https://www.traveloka.com/contactus. Terima kasih. -AM",2023-03-21 00:33:43,3.74.0
Arroyan Zahretino,cakepp membantu banget traveloka yessss,5,3.41.0,2023-03-20 23:58:37,"Halo Kak, terima kasih banyak atas ratingnya, semoga Kakak tetap nyaman dan selau setia menjadi pelanggan Traveloka. Yuk Kak pantengin terus Traveloka Lifestyle Super App karna kami selalu berikan promo-promo yg menarik loooh, jangan sampai ketinggalan ya :)",2023-03-21 00:00:14,3.41.0
Suji0n0 845ir,didunia tak ada yg sempurn,4,,2023-03-20 23:41:40,"Hi Kak, terima kasih atas feedbacknya, semoga Kakak tetap setia dengan Traveloka. Jika ada pertanyaan lain bisa langsung infokan pada kami di https://www.traveloka.com/contactus ya, Kak. Pantau terus Traveloka Lifestyle Super App untuk penawaran spesial lainnya!",2023-03-21 00:00:22,
Darli Darli,sangat memudahkan dan memuaskan,5,3.74.0,2023-03-20 22:29:07,"Halo Kak, terima kasih banyak atas ratingnya, semoga Kakak tetap nyaman dan selau setia menjadi pelanggan Traveloka. Yuk Kak pantengin terus Traveloka Lifestyle Super App karna kami selalu berikan promo-promo yg menarik loooh, jangan sampai ketinggalan ya :)",2023-03-20 22:30:12,3.74.0
Rahmat Hidayat Mitra mandiri,simple,5,3.74.0,2023-03-20 22:01:07,"Hi, we are so grateful to get a lot of support from you. Hope you continue to enjoy our offers. If you have any feedback or suggestions, let us know on https://www.traveloka.com/contactus, our customer service would love to serve you in 24 hours. Thank you!",2023-03-20 22:30:16,3.74.0
Wisnu Wardana,Saya isi uangku 200k tf nya udh tpi ko di apk nya masih nol nih gmnaa woy balikin,1,3.74.0,2023-03-20 20:04:52,Hai Kak. Mohon maaf atas ketidaknyamanannya. Mohon untuk sampaikan keluhan kamu secara detail melalui https://www.traveloka.com/id-id/contactus. Supaya kami dapat membantu permasalahan kamu. Terima kasih. -DA,2023-03-20 20:31:09,3.74.0
Edwiko Pasda,"Untuk refund kacau, kacau sekali sudah beberapa bulan belum juga ada jawaban. Mengecewakan",1,,2023-03-20 19:27:36,"Hai Edwiko. Mohon maaf sudah bikin kamu kecewa ya. Pada dasarnya untuk lamanya proses refund tergantung dari masing-masing maskapai, Kak. Namun, supaya bisa mimin cek lebih lanjut status refund kamu, mohon bantu infokan nomor pesanan kamu ke https://www.traveloka.com/id-id/contactus, ya. Terima kasih. -KK",2023-03-20 19:33:23,
Erika Clarestha,"Pas mau bayar pake mbanking mandiri ato bca malah perbaikan pdhal udh war tiket.. pas udh nunggu waktu biar bs dibayar tiba"" berudah jd perbaikan lg, tolong dibenerin dong.",1,3.74.0,2023-03-20 18:54:47,Hai Kak. Mohon maaf atas ketidaknyamanannya. Mohon untuk sampaikan keluhan kamu secara detail melalui https://www.traveloka.com/id-id/contactus. Supaya kami dapat membantu permasalahan kamu. Terima kasih. -DA,2023-03-20 19:06:00,3.74.0
Akh Baini Alfin M,baik,5,3.74.0,2023-03-20 18:26:10,"Halo Kak, terima kasih banyak atas ratingnya, semoga Kakak tetap nyaman dan selau setia menjadi pelanggan Traveloka. Yuk Kak pantengin terus Traveloka Lifestyle Super App karna kami selalu berikan promo-promo yg menarik loooh, jangan sampai ketinggalan ya :)",2023-03-20 18:30:13,3.74.0
Arif Hidayatullah,bagus,4,3.72.0,2023-03-20 18:08:17,"Hi Kak, senang banget nih dapat rating bagus dari Kakak, terima kasih juga atas feedbacknya! Kenyamanan Kakak adalah prioritas Kami, jika ada pertanyaan lainnya jangan sungkan ya untuk infokan pada kami di https://www.traveloka.com/contactus . Jangan sampai ketinggalan penawaran menarik lainnya di Traveloka Lifestye Super Apps.",2023-03-20 18:30:16,3.72.0
Bang Jhooo,karena. menurut. sejarah. bangsa. yang. besar. adalah. bangsa. yang. menghormati. kefada. jasa. jasa. fara fahlawannyah. yang. rela. mengorbankan. nyawa. dan. harta. bendanyah. demi. terlefasnyah. ibukota. di. seluruh. fafua. terlefas. dari. kaum. fenjajah. komfeni. belanda. fada. waktu. itu. karena. fenjajah. tidak. berfrikemanusiyaan. karena. sangat. kejam. karena. fenjajahan. di. atas. dunia. harus. di. hafuskan. karena. tidak. berfrikemanusiyaan.,5,,2023-03-20 17:14:56,"Halo Kak, terima kasih banyak atas ratingnya, semoga Kakak tetap nyaman dan selau setia menjadi pelanggan Traveloka. Yuk Kak pantengin terus Traveloka Lifestyle Super App karna kami selalu berikan promo-promo yg menarik loooh, jangan sampai ketinggalan ya :)",2023-03-20 17:30:10,
Ap Chagi,the best pegipegi,1,3.10.0,2023-03-20 16:35:08,Hai Kak. Mohon maaf atas ketidaknyamanannya. Mohon untuk sampaikan keluhan kamu secara detail melalui https://www.traveloka.com/id-id/contactus. Supaya kami dapat membantu permasalahan kamu. Terima kasih. -DA,2023-03-20 17:01:11,3.10.0
Safira Tri,"Gimana min, saya sudah melakukan pembayaran sebelum batas waktu yg ditentukan, (batas wkt pembayaran smpe pukul 21.30 saya membayar dipuku 20.30)tp kenapa wkt saya cek lg dipesanan palah batas wkt yg ditentukan telah habis. Padahal saya sudah membyaar dan saya punya bukti pembayarannya mohon ditindak lanjutin pesanan saya! Saya sudah chat cs tp nggk bsa bantu.",4,3.74.0,2023-03-20 15:01:18,"Hai Safira, maaf ya atas kendalanya. Agar dapat kami cek lebih lanjut, silakan dapat hubungi kami di https://www.traveloka.com/id-id/contactus. Terima kasih. -CA",2023-03-20 15:31:29,3.74.0
Rudi Fadillah,pemesanan okay simple cepat,5,3.74.0,2023-03-20 14:53:41,"Hi Kak, senang banget nih dapat rating bagus dari Kakak, terima kasih juga atas feedbacknya! Kenyamanan Kakak adalah prioritas Kami, jika ada pertanyaan lainnya jangan sungkan ya untuk infokan pada kami di https://www.traveloka.com/contactus . Jangan sampai ketinggalan penawaran menarik lainnya di Traveloka Lifestye Super Apps.",2023-03-20 15:00:19,3.74.0
Iwan 212,memudahkan pembelian tiket,5,3.73.0,2023-03-20 13:52:22,"Hai Iwan, terima kasih atas feedbacknya, semoga kamu tetap setia dengan Traveloka. Jika ada pertanyaan bisa langsung infokan pada kami di https://www.traveloka.com/contactus ya Kak. Pantau terus Traveloka Lifestyle Super App untuk penawaran spesial lainnya! -AH",2023-03-20 14:22:40,3.73.0
lolombulan dua,very good,5,3.74.0,2023-03-20 13:44:19,"Hi, thank you very much for the positive review! Please feel free to contact us at https://www.traveloka.com/contactus we're more than happy to assist you and Stay tuned for more exciting offers on Traveloka Lifestyle Super App.",2023-03-20 14:00:16,3.74.0
Rian Rahmat,good,5,3.74.0,2023-03-20 13:41:46,"Hi, we are so grateful to get a lot of support from you. Hope you continue to enjoy our offers. If you have any feedback or suggestions, let us know on https://www.traveloka.com/contactus, our customer service would love to serve you in 24 hours. Thank you!",2023-03-20 14:00:18,3.74.0
Nanda Rizky Utami,Disaat mendaftar disuruh masukkan 4 kode terkhir dari nomor yg telpon atau sms tetapi dilakukan berulang - ulang kali tetap gagal... Mohon dipermudah didalam pendaftarannya,3,,2023-03-20 13:39:21,"Hai Kak Nanda, maaf banget kendala yang kamu alami. Untuk memudahkan mimin bantu cek, silakan kamu infokan email kamu pada https://www.traveloka.com/id-id/contactus. Terima kasih -DZ",2023-03-20 14:09:05,
Jimmy Utama,"Saya merasa di rugi kan, Krn kemalaman di daerah Maros, setelah order penginapan, penginapan nya ngak di temukan di google map. Mau refund ngak bisa...",1,3.74.0,2023-03-20 13:07:15,"Hai Jimmy, mohon maaf atas kendala yang kamu alami. Untuk dapat kami tindaklanjuti kendala kamu ke tim Hotel Spesialis kami, mohon dapat menginformasikan nomor pesanan kamu melalui link https://www.traveloka.com/id-id/contactus Kak. Terima kasih. -AH",2023-03-20 13:33:29,3.74.0
Diva Putri,sangat bermanfaat,5,3.74.0,2023-03-20 12:30:28,"Halo Kak, terima kasih banyak atas ratingnya, semoga Kakak tetap nyaman dan selau setia menjadi pelanggan Traveloka. Yuk Kak pantengin terus Traveloka Lifestyle Super App karna kami selalu berikan promo-promo yg menarik loooh, jangan sampai ketinggalan ya :)",2023-03-20 13:00:11,3.74.0
Lela Kemala,"Agak kecewa ketika ingin mereschedule tiket, harga perubahan tiket benar² tidak sesuai dengan harga yang berlaku, akhirnya terpaksa direfund aja, daripada direschedule harganya sama seperti beli tiket baru (tiket lama spt tidak diperhitungkan)... Maafkan, terpaksa aku harus pindah ke aplikasi lain... 🙏",3,3.74.0,2023-03-20 12:05:09,"Halo Kak, terima kasih banyak atas ratingnya, semoga Kakak tetap nyaman dan selau setia menjadi pelanggan Traveloka. Yuk Kak pantengin terus Traveloka Lifestyle Super App karna kami selalu berikan promo-promo yg menarik loooh, jangan sampai ketinggalan ya :)",2022-11-22 00:00:13,3.74.0
Erwin Badaruddin,cepat respon,5,3.70.1,2023-03-20 11:56:23,"Halo Kak, terima kasih banyak atas ratingnya, semoga Kakak tetap nyaman dan selau setia menjadi pelanggan Traveloka. Yuk Kak pantengin terus Traveloka Lifestyle Super App karna kami selalu berikan promo-promo yg menarik loooh, jangan sampai ketinggalan ya :)",2023-03-20 12:00:10,3.70.1
ardi darmasetyadi,"Terimakasih sudah menerima dan memperhatikan komplain saya, semoga tetap menjadi pilihan nomor 1 aplikasi para traveler",5,3.72.0,2023-03-20 11:54:35,"Hi, Kak Ardi. Mohon maaf atas ketidaknyamanan kamu ya. Untuk membantu kami memahami kendala yang kamu maksud, mohon bantuan kamu untuk menyampaikan kendala beserta nomor pesanan (jika ada) melalui https://www.traveloka.com/id-id/contactus agar kami dapat membantu kamu lebih lanjut. Terima kasih. -MY",2022-11-11 04:03:34,3.72.0
Brend Hendriko,the best traveloka,5,3.74.0,2023-03-20 09:05:50,"Hi, thank you very much for the positive review! Please feel free to contact us at https://www.traveloka.com/contactus we're more than happy to assist you and Stay tuned for more exciting offers on Traveloka Lifestyle Super App.",2023-03-20 09:30:10,3.74.0
ione oshy,Sangat membantu,5,3.74.0,2023-03-20 09:05:50,"Hi Kak, senang banget nih dapat rating bagus dari Kakak, terima kasih juga atas feedbacknya! Kenyamanan Kakak adalah prioritas Kami, jika ada pertanyaan lainnya jangan sungkan ya untuk infokan pada kami di https://www.traveloka.com/contactus . Jangan sampai ketinggalan penawaran menarik lainnya di Traveloka Lifestye Super Apps.",2023-03-20 09:30:13,3.74.0
Bunda Imoet,mantab buat pesan angkutan apapun..,5,3.74.0,2023-03-20 08:58:05,"Halo Kak, terima kasih banyak atas ratingnya, semoga Kakak tetap nyaman dan selau setia menjadi pelanggan Traveloka. Yuk Kak pantengin terus Traveloka Lifestyle Super App karna kami selalu berikan promo-promo yg menarik loooh, jangan sampai ketinggalan ya :)",2023-03-20 09:00:10,3.74.0
Iyon Mahesa,Min.. inj saldo uangku saya ko ga bisa di buka buat pembayaran q ris d tempat lain selain traveloka..,1,,2023-03-20 08:31:36,"Hai Iyon. Maaf buat gak nyaman. Saat ini Saldo UANGKU bisa digunakan untuk membeli produk Traveloka ya. Infonya bisa kamu cek di link https://bit.ly/3TvgDUP. Jika ada pertanyaan lebih lanjut, silakan hubungi mimin di link https://www.traveloka.com/id-id/contactus. Terima kasih. -RM",2023-03-20 09:03:53,
ismail said,bagus,5,3.74.0,2023-03-20 08:26:16,"Halo Kak, terima kasih banyak atas ratingnya, semoga Kakak tetap nyaman dan selau setia menjadi pelanggan Traveloka. Yuk Kak pantengin terus Traveloka Lifestyle Super App karna kami selalu berikan promo-promo yg menarik loooh, jangan sampai ketinggalan ya :)",2023-03-20 08:30:08,3.74.0
MEDIA AS-syuhada,saya sangat rekomendasikan aplikasi ini,5,3.74.0,2023-03-20 08:16:49,"Hi Kak, senang banget nih dapat rating bagus dari Kakak, terima kasih juga atas feedbacknya! Kenyamanan Kakak adalah prioritas Kami, jika ada pertanyaan lainnya jangan sungkan ya untuk infokan pada kami di https://www.traveloka.com/contactus . Jangan sampai ketinggalan penawaran menarik lainnya di Traveloka Lifestye Super Apps.",2023-03-20 08:30:13,3.74.0
Badali Arisona,Bagus siihh kalau menurut saya nggk tau kalau menurut kalian,5,3.74.0,2023-03-20 07:32:57,"Halo Kak, terima kasih banyak atas ratingnya, semoga Kakak tetap nyaman dan selau setia menjadi pelanggan Traveloka. Yuk Kak pantengin terus Traveloka Lifestyle Super App karna kami selalu berikan promo-promo yg menarik loooh, jangan sampai ketinggalan ya :)",2023-03-20 08:00:22,3.74.0
Marjana Jana,memudahkan pembayaran listrik,5,3.74.0,2023-03-20 06:59:49,"Halo Kak, terima kasih banyak atas ratingnya, semoga Kakak tetap nyaman dan selau setia menjadi pelanggan Traveloka. Yuk Kak pantengin terus Traveloka Lifestyle Super App karna kami selalu berikan promo-promo yg menarik loooh, jangan sampai ketinggalan ya :)",2023-03-20 07:00:16,3.74.0
Dewi Aisyah,All Oke.,5,,2023-03-20 06:31:23,"Hai, Dewi. Terima kasih untuk review dan bintang 5 yang kamu berikan ya, mimin senang banget deh lihatnya hehehe. Sehat dan sukses selalu buat kamu serta keluarga. Mimin tunggu pesanan kamu selanjutnya :) -AM",2023-03-20 07:01:03,
Tres Sutresno,oke,4,3.74.0,2023-03-20 06:26:47,Hai Tres. Makasih buat rating yang kamu berikan ya! Mimin tunggu pesanan kamu selanjutnya di Traveloka :) -RM,2023-03-20 06:32:06,3.74.0
Dwi Yulianto,mudah dan terpercaya,5,3.74.0,2023-03-20 05:55:44,"Halo Kak, terima kasih banyak atas ratingnya, semoga Kakak tetap nyaman dan selau setia menjadi pelanggan Traveloka. Yuk Kak pantengin terus Traveloka Lifestyle Super App karna kami selalu berikan promo-promo yg menarik loooh, jangan sampai ketinggalan ya :)",2023-03-20 06:00:13,3.74.0
Afifah Berliana,respon cepat.,5,3.74.0,2023-03-20 05:49:41,"Hi Kak, senang banget nih dapat rating bagus dari Kakak, terima kasih juga atas feedbacknya! Kenyamanan Kakak adalah prioritas Kami, jika ada pertanyaan lainnya jangan sungkan ya untuk infokan pada kami di https://www.traveloka.com/contactus . Jangan sampai ketinggalan penawaran menarik lainnya di Traveloka Lifestye Super Apps.",2023-03-20 06:00:16,3.74.0
Erwin Suhendi,simple mau kemana2,5,3.74.0,2023-03-20 05:25:02,"Halo Kak, terima kasih banyak atas ratingnya, semoga Kakak tetap nyaman dan selau setia menjadi pelanggan Traveloka. Yuk Kak pantengin terus Traveloka Lifestyle Super App karna kami selalu berikan promo-promo yg menarik loooh, jangan sampai ketinggalan ya :)",2023-03-20 05:30:08,3.74.0
Mochammad Vicky Idris,"Hp saya xiaomi mi 9, traveloka di hp saya susah terbuka, storage hp saya masih kosong, setiap buka harus install ulang terus baru bisa kebuka 1x abis itu kalau ditutup apknya dah gk bisa dibuka harus install ulang lg di playstore",2,3.74.0,2023-03-20 05:15:08,Hai Kak Vicky. Mohon maaf sebelumnya untuk saat ini tidak ada kendala pada sistem kami Kak. Mohon untuk coba login menggunakan device lain terlebih dahulu atau kamu dapat melakukan pemesanan melalui website kami di https://trv.lk ya. Terima kasih. -FR,2023-03-20 05:33:28,3.74.0
Ries Drajat,good,5,3.74.0,2023-03-20 05:06:20,"Hi, we are so grateful to get a lot of support from you. Hope you continue to enjoy our offers. If you have any feedback or suggestions, let us know on https://www.traveloka.com/contactus, our customer service would love to serve you in 24 hours. Thank you!",2023-03-20 05:30:13,3.74.0
RZA Motovlog,"Halo Traveloka, Ini ada tim penagih yg mengatasnamakan Traveloka, sedangkan akun saya tidak ada transaksi paylater tertunggak atau apapun itu",1,3.74.0,2023-03-20 04:47:50,Halo Kak. Mohon maaf atas ketidaknyamanan yang kamu alami. Silakan menghubungi kembali melalui https://www.traveloka.com/id-id/contactus untuk pengecekan lebih lanjut. Terima kasih. -SC,2023-03-20 05:04:28,3.74.0
Zulfikar Zulfi,"Maaf sya hapus gk ada guna nya ,,cukup sekali aja make nya uninstal",1,3.74.0,2023-03-20 04:34:58,Halo Zulfikar. Sebelumnya mohon maaf atas ketidaknyamanan yang kamu alami. Silakan menghubungi kami kembali melalui https://www.traveloka.com/id-id/contactus untuk pengecekan lebih lanjut. Terima kasih. -SC,2023-03-20 05:01:59,3.74.0
Rego Syoftika,enak bagus,5,3.74.0,2023-03-20 04:14:35,"Halo Kak, terima kasih banyak atas ratingnya, semoga Kakak tetap nyaman dan selau setia menjadi pelanggan Traveloka. Yuk Kak pantengin terus Traveloka Lifestyle Super App karna kami selalu berikan promo-promo yg menarik loooh, jangan sampai ketinggalan ya :)",2023-03-20 04:30:16,3.74.0
Putu Lesmana,bagus simple,5,3.74.0,2023-03-20 04:08:46,"Hi Kak, senang banget nih dapat rating bagus dari Kakak, terima kasih juga atas feedbacknya! Kenyamanan Kakak adalah prioritas Kami, jika ada pertanyaan lainnya jangan sungkan ya untuk infokan pada kami di https://www.traveloka.com/contactus . Jangan sampai ketinggalan penawaran menarik lainnya di Traveloka Lifestye Super Apps.",2023-03-20 04:30:18,3.74.0
pptqdq i,"Tiket Dibatalkan maskapai, coba dari kemarin reschedule, atau refund tapi selalu gagal. Gak ada solusi. Telpon cs pun gak bisa bisa.. Harus gimana ya?",1,3.73.0,2023-03-20 03:56:15,"Hai Kak, mohon maaf atas kendala yang kamu alami. Untuk dapat kami bantu cek lebih lanjut mengenai kendala kamu, mohon hubungi kami melalui https://www.traveloka.com/id-id/contactus ya. Terima kasih. -NA",2023-03-20 04:02:59,3.73.0
Andyferu Sukandryn,puas dengan layanan nya👍,5,3.44.0,2023-03-20 03:26:33,"Halo Kak, terima kasih banyak atas ratingnya, semoga Kakak tetap nyaman dan selau setia menjadi pelanggan Traveloka. Yuk Kak pantengin terus Traveloka Lifestyle Super App karna kami selalu berikan promo-promo yg menarik loooh, jangan sampai ketinggalan ya :)",2023-03-20 03:30:20,3.44.0
yanda yandasilegar,Alhamdulillah lanycar,5,3.69.0,2023-03-20 02:15:11,"Halo, Yanda. Terima kasih atas penilaiannya dan telah memilih Traveloka sebagai partner perjalanan kamu. Terima kasih. -SC",2023-03-20 02:32:50,3.69.0
Jeane Leidi,Mantap,5,3.74.0,2023-03-20 01:57:34,"Hai, Jeane. Terima kasih atas review yang kamu berikan dan terima kasih telah menggunakan Traveloka sebagai partner perjalanan kamu. -SY",2023-03-20 02:05:31,3.74.0
Sumarsono,mudah & nyaman,5,3.72.0,2023-03-20 01:48:02,"Hi Kak, senang banget nih dapat rating bagus dari Kakak, terima kasih juga atas feedbacknya! Kenyamanan Kakak adalah prioritas Kami, jika ada pertanyaan lainnya jangan sungkan ya untuk infokan pada kami di https://www.traveloka.com/contactus . Jangan sampai ketinggalan penawaran menarik lainnya di Traveloka Lifestye Super Apps.",2023-03-20 02:00:22,3.72.0
EKA SANDHI,the best simple,5,3.74.0,2023-03-20 01:39:23,Thank you for leaving a good comment to us. Let us know if you have any suggestion for improvement through https://www.traveloka.com/contactus . Stay around for more interesting offers from Traveloka Lifestyle Super App!,2023-03-20 02:00:24,3.74.0
Ghazyah Arsy gizha,"Sangat sangat mengecewakan, akun paylater saya tiba2 aja di nonaktifkan, padahal di app tertera pembayaran lancar, pemakaian limit sehat, tapi tiba2 ngk bisa di pake kecewa bangettt... pas giliran byar tpat waktu pas ada kendala malah ngk bisa nyelesaiin nya.. anehh mmg,",1,3.74.0,2023-03-20 00:49:28,Halo Ghazyah. Mohon maaf atas kendala yang kamu alami. Kami bantu cek kendala kamu sudah ditangani oleh tim PayLater Specialist melalui nomor laporan #31xxx857. Terima kasih. -SC,2023-03-20 01:05:46,3.74.0
Satria Afriand,sangat memuaskan,5,3.74.0,2023-03-19 23:51:31,"Hi Kak, senang banget nih dapat rating bagus dari Kakak, terima kasih juga atas feedbacknya! Kenyamanan Kakak adalah prioritas Kami, jika ada pertanyaan lainnya jangan sungkan ya untuk infokan pada kami di https://www.traveloka.com/contactus . Jangan sampai ketinggalan penawaran menarik lainnya di Traveloka Lifestye Super Apps.",2023-03-20 00:00:33,3.74.0
sofyan tpi,Puasss,5,3.74.0,2023-03-19 23:26:39,"Hai kak, senangnya mendapat bintang lima dari kamu, terima kasih atas apresiasinya, semoga kaka tetap nyaman dan selau setia menjadi pelanggan Traveloka, yuk ka pantengin terus traveloka karna kami selalu berikan promo promo yg menarik loooh, jangan sampai ketinggalan ya. -DA",2023-03-19 23:31:53,3.74.0
Dian Siloka,Semoga lebih baik lagi,5,3.74.0,2023-03-19 22:53:08,"Halo Kak, terima kasih banyak atas ratingnya, semoga Kakak tetap nyaman dan selau setia menjadi pelanggan Traveloka. Yuk Kak pantengin terus Traveloka Lifestyle Super App karna kami selalu berikan promo-promo yg menarik loooh, jangan sampai ketinggalan ya :)",2023-03-19 23:00:10,3.74.0
Agus Budi,sangat membantu,5,3.74.0,2023-03-19 22:29:42,"Halo Kak, terima kasih banyak atas ratingnya, semoga Kakak tetap nyaman dan selau setia menjadi pelanggan Traveloka. Yuk Kak pantengin terus Traveloka Lifestyle Super App karna kami selalu berikan promo-promo yg menarik loooh, jangan sampai ketinggalan ya :)",2023-03-19 22:30:11,3.74.0
Predi Dawarski,Pasang trevel aza,1,3.73.0,2023-03-19 20:31:22,"Hai Predi, Terima kasih atas feedbacknya, semoga Kakak tetap setia dengan Traveloka. Jika ada pertanyaan lain bisa langsung infokan pada kami di https://www.traveloka.com/contactus ya, Kak. Pantau terus Traveloka Lifestyle Super App untuk penawaran spesial lainnya! -CA",2023-03-19 21:01:29,3.73.0
david silaen,aplikasi yg sangat simple & bagus,5,3.74.0,2023-03-19 15:52:36,"Halo Kak, terima kasih banyak atas ratingnya, semoga Kakak tetap nyaman dan selau setia menjadi pelanggan Traveloka. Yuk Kak pantengin terus Traveloka Lifestyle Super App karna kami selalu berikan promo-promo yg menarik loooh, jangan sampai ketinggalan ya :)",2023-03-19 16:00:09,3.74.0
Yunita Unieg,uang return saya kok belum dikirim cancel dari tiket daei kereta api,3,3.74.0,2023-03-19 15:02:05,"Hai Yunita, maaf ya atas kendala yang dialami. Terkait refund tiket Kereta, mengikuti kebijakan dari pihak PT. KAI ya. Kami sarankan silakan dapat menghubungi pihak PT. KAI di 021-121 untuk informasi lebih lanjut. Apabila ada pertanyaan lain, kamu dapat hubungi kami di https://www.traveloka.com/id-id/contactus. Terima kasih. -CA",2023-03-19 15:32:24,3.74.0
Restu medan,mantal,5,3.74.0,2023-03-19 14:48:42,"Hai kak, senangnya mendapat bintang lima dari kamu, terima kasih atas apresiasinya, semoga kaka tetap nyaman dan selau setia menjadi pelanggan Traveloka, yuk ka pantengin terus traveloka karna kami selalu berikan promo promo yg menarik loooh, jangan sampai ketinggalan ya. -DA",2023-03-19 15:01:23,3.74.0
Nur Irawan Kristanto,ringkas,5,3.74.0,2023-03-19 14:18:42,Makasih ya Kak Nur sudah setia bersama Traveloka :)) -DZ,2023-03-19 14:33:19,3.74.0
budi sungkowo,baik,5,3.74.0,2023-03-19 12:34:23,"Halo Kak, terima kasih banyak atas ratingnya, semoga Kakak tetap nyaman dan selau setia menjadi pelanggan Traveloka. Yuk Kak pantengin terus Traveloka Lifestyle Super App karna kami selalu berikan promo-promo yg menarik loooh, jangan sampai ketinggalan ya :)",2023-03-19 13:00:16,3.74.0
Teguh hantono,"Aplikasi gk jelas,Gk ada gunanya...",1,3.74.0,2023-03-19 12:31:58,"Hai Teguh. Mohon maaf sekali sebelumnya, jika memiliki kendala mohon hubungi kami melalui email di cs@traveloka.com atau melalui pesan di aplikasi Traveloka kamu, agar dapat kami bantu lebih lanjut ya. Terima kasih. -FR",2023-03-19 13:02:19,3.74.0
alenna aurenia,trimakasih,5,3.74.0,2023-03-19 10:40:59,"Hi Kak, senang banget nih dapat rating bagus dari Kakak, terima kasih juga atas feedbacknya! Kenyamanan Kakak adalah prioritas Kami, jika ada pertanyaan lainnya jangan sungkan ya untuk infokan pada kami di https://www.traveloka.com/contactus . Jangan sampai ketinggalan penawaran menarik lainnya di Traveloka Lifestye Super Apps.",2023-03-19 11:00:13,3.74.0
Adi Samudra [anaknya & adiknya pembalap sepeda],recommended,5,3.72.0,2023-03-19 10:32:04,Thank you for leaving a good comment to us. Let us know if you have any suggestion for improvement through https://www.traveloka.com/contactus . Stay around for more interesting offers from Traveloka Lifestyle Super App!,2023-03-19 11:00:16,3.72.0
resna dafa,Keren,5,3.74.0,2023-03-19 08:20:12,"Halo Kak, terima kasih banyak atas ratingnya, semoga Kakak tetap nyaman dan selau setia menjadi pelanggan Traveloka. Yuk Kak pantengin terus Traveloka Lifestyle Super App karna kami selalu berikan promo-promo yg menarik loooh, jangan sampai ketinggalan ya :)",2023-03-19 08:30:12,3.74.0
Bayu Frozkill,mantap,5,3.74.0,2023-03-19 08:16:15,Makasih atas review kamu ya Bayu. Makasih juga sudah menjadikan Traveloka sebagai teman perjalanan kamu :) -MZ,2023-03-19 08:32:37,3.74.0
arju wildani,gg,5,3.41.0,2023-03-19 07:57:09,"Hi, thank you very much for the positive review! Please feel free to contact us at https://www.traveloka.com/contactus we're more than happy to assist you and Stay tuned for more exciting offers on Traveloka Lifestyle Super App.",2023-03-19 08:00:09,3.41.0
Taufan nurzaman,"Traveloka lagi kenapa si?, udh bayar tapi gak muncul"" ticket vouchernya . Rugi",3,3.74.0,2023-03-19 07:36:34,"Hai Kak Taufan, maaf banget kendala penerbitan e-ticket kamu. Supaya mimin bisa bantu cek, silakan infokan nomor pesanan kamu melalui https://www.traveloka.com/id-id/contactus Kak. Terima kasih -DZ",2023-03-19 08:02:59,3.74.0
Januarita Ekasari,very good,5,3.71.0,2023-03-19 07:18:38,"Hi, thank you very much for the positive review! Please feel free to contact us at https://www.traveloka.com/contactus we're more than happy to assist you and Stay tuned for more exciting offers on Traveloka Lifestyle Super App.",2023-03-19 07:30:09,3.71.0
Muhammad Dirsan,good job,4,3.74.0,2023-03-19 06:53:25,"Hi, thank you very much for the positive review! Please feel free to contact us at https://www.traveloka.com/contactus we're more than happy to assist you and Stay tuned for more exciting offers on Traveloka Lifestyle Super App.",2023-03-19 07:00:08,3.74.0
Purwantoro,"goodJOB, thanks",5,3.74.0,2023-03-19 06:50:47,"Hi, we are so grateful to get a lot of support from you. Hope you continue to enjoy our offers. If you have any feedback or suggestions, let us know on https://www.traveloka.com/contactus, our customer service would love to serve you in 24 hours. Thank you!",2023-03-19 07:00:11,3.74.0
Fact 100,praktis banget,5,3.74.0,2023-03-19 06:39:18,"Hi Kak, terima kasih atas feedbacknya, semoga Kakak tetap setia dengan Traveloka. Jika ada pertanyaan lain bisa langsung infokan pada kami di https://www.traveloka.com/contactus ya, Kak. Pantau terus Traveloka Lifestyle Super App untuk penawaran spesial lainnya!",2023-03-19 07:00:14,3.74.0
Azmil Faruq,ok,5,3.74.0,2023-03-19 06:36:53,"Hi, thank you very much for the positive review! Please feel free to contact us at https://www.traveloka.com/contactus we're more than happy to assist you and Stay tuned for more exciting offers on Traveloka Lifestyle Super App.",2023-03-19 07:00:15,3.74.0
Anjar Pratami,"Ini kenapa sih, beberapa aplikasi tidak bisa dibuka salah satunya traveloka, pasti muncul ada masalah koneksi. Padahal koneksi internet saya 4G dan kuota juga ada.",1,,2023-03-19 06:14:14,"Hai, Anjar. Maaf ya buat kendala yang terjadi. Apabila kamu terkendala membuka aplikasi Traveloka, mimin saranin untuk uninstall dan install ulang aplikasi Traveloka terlebih dahulu ya. Kalau ada pertanyaan lain, silakan hubungi kami melalui https://www.traveloka.com/contactus ya. Kami akan berusaha untuk membantu kendala kamu. Terima kasih. -RF",2023-03-19 06:32:34,
Syamsul Badri,mantap,4,3.74.0,2023-03-19 06:10:35,"Hai, Syamsul. Terima kasih untuk review dan bintang 4 yang kamu berikan ya, mimin senang banget deh lihatnya hehehe semoga bisa jadi bintang 5 ya. Sehat dan sukses selalu buat kamu serta keluarga. Mimin tunggu pesanan kamu selanjutnya :) -AM",2023-03-19 06:31:40,3.74.0
Tan Widjaja,👍👍👍,5,3.73.0,2023-03-19 06:00:39,"Hai, Tan. Terima kasih untuk review dan bintang 5 yang kamu berikan ya, mimin senang banget deh lihatnya hehehe. Sehat dan sukses selalu buat kamu serta keluarga. Mimin tunggu pesanan kamu selanjutnya :) -AM",2023-03-19 06:31:07,3.73.0
Ria Devita Indah Sari,sangat bagus...proses cek in hotel jadi lebih mudah,5,3.74.0,2023-03-19 05:55:31,"Halo Kak, terima kasih banyak atas ratingnya, semoga Kakak tetap nyaman dan selau setia menjadi pelanggan Traveloka. Yuk Kak pantengin terus Traveloka Lifestyle Super App karna kami selalu berikan promo-promo yg menarik loooh, jangan sampai ketinggalan ya :)",2023-03-19 06:00:17,3.74.0
Novan Setiawan,Goggle,5,,2023-03-19 05:23:45,"Hi, thank you very much for the positive review! Please feel free to contact us at https://www.traveloka.com/contactus we're more than happy to assist you and Stay tuned for more exciting offers on Traveloka Lifestyle Super App.",2023-03-19 05:30:10,
dr Eni Ernawati,Service Exellence tuk smua Book Flight,5,3.74.0,2023-03-19 05:03:03,"Hi, Eni. Thank you for your review and feedback. If you need more assistant, kindly contact us through https://www.traveloka.com/contactus. Thank you. -VK",2023-03-19 05:32:20,3.74.0
Mohammad El_nasir,"tiga bintang dulu,,,, masih sering berhenti. tp gpp bagus kok aplikasinya..",3,3.74.0,2023-03-19 04:12:12,"Hai, El. Terima kasih untuk feedbacknya. Semoga kamu tetap nyaman dan selalu setia menjadi pelanggan Traveloka. Yuk pantengin terus Traveloka Lifestyle Super App, karena kami selalu berikan promo-promo yang menarik. Jangan sampai ketinggalan ya :) -WR",2023-03-19 04:31:55,3.74.0
sulin chen malumbot (Mama naya),semoga terus jaya dan lebih banyak bonusnya,5,3.72.0,2023-03-19 04:07:52,"Halo Kak, terima kasih banyak atas ratingnya, semoga Kakak tetap nyaman dan selau setia menjadi pelanggan Traveloka. Yuk Kak pantengin terus Traveloka Lifestyle Super App karna kami selalu berikan promo-promo yg menarik loooh, jangan sampai ketinggalan ya :)",2023-03-19 04:30:11,3.72.0
Ridwan Jaza'i,"Mohon maaf, gimana cara refund ya? Karena ketika sampai hotel saya ditolak, karena tidak kerjasama dengan Traveloka, padahal saya sudah transfer, mau refund kok tidak bisa, sangat merugikan. Mohon bantuan. Terima kasih Saya Meras ditipu Pihak hotel dan traveloka, Pengajuan refund juga tidak bisa",1,3.73.0,2023-03-19 04:00:01,"Hai, Ridwan. Mohon maaf atas ketidaknyamanannya. Saat ini kami belum menemukan komunikasi kamu ke tim CS kami, untuk membantu kami memahami kendala kamu, mohon bantuannya untuk menyampaikan kendala kamu beserta nomor pesanan kamu melalui https://www.traveloka.com/id-id/contactus agar kami dapat bantu cek lebih lanjut. Terima kasih. -SY",2023-03-18 00:32:58,3.73.0
andi junior,fitur kurang lengkap,4,3.74.0,2023-03-19 03:47:04,"Hai Andi. Mohon maaf atas ketidaknyamanannya. Dipastikan untuk kenyamanan pengguna Traveloka, kami akan perbaiki dan tingkatkan performa Traveloka. Kalau kamu memiliki kendala, mohon hubungi kami melalui tautan ini https://www.traveloka.com/id-id/contactus. Terima kasih 🙏 -WR",2023-03-19 04:01:34,3.74.0
Suwanlimintin Jhon Ibul,mantap,3,3.74.0,2023-03-19 03:38:27,"Hai, Jhon. Terima kasih atas apresiasinya ya, semoga kamu tetap nyaman dan selalu setia menjadi pelanggan Traveloka. Kalau ada pertanyaan lebih lanjut, kamu bisa hubungi kami melalui https://www.traveloka.com/id-id/contactus. Terima kasih. -OE",2023-03-19 04:03:11,3.74.0
Samsung Samsung,okapp,5,,2023-03-19 03:24:36,"Hi, thank you very much for the positive review! Please feel free to contact us at https://www.traveloka.com/contactus we're more than happy to assist you and Stay tuned for more exciting offers on Traveloka Lifestyle Super App.",2023-03-19 03:30:10,
Syamsul Champion,thanks traveloka,5,3.74.0,2023-03-19 03:12:18,"Hi, we are so grateful to get a lot of support from you. Hope you continue to enjoy our offers. If you have any feedback or suggestions, let us know on https://www.traveloka.com/contactus, our customer service would love to serve you in 24 hours. Thank you!",2023-03-19 03:30:12,3.74.0
Agustinus Tonda Mori,"mantap transaksinya cepat, tiket juga cepat terbit",5,3.67.0,2023-03-19 02:55:28,"Halo Kak, terima kasih banyak atas ratingnya, semoga Kakak tetap nyaman dan selau setia menjadi pelanggan Traveloka. Yuk Kak pantengin terus Traveloka Lifestyle Super App karna kami selalu berikan promo-promo yg menarik loooh, jangan sampai ketinggalan ya :)",2023-03-19 03:00:11,3.67.0
Steven Even,sangat puas,5,3.74.0,2023-03-19 02:46:02,"Hi Kak, senang banget nih dapat rating bagus dari Kakak, terima kasih juga atas feedbacknya! Kenyamanan Kakak adalah prioritas Kami, jika ada pertanyaan lainnya jangan sungkan ya untuk infokan pada kami di https://www.traveloka.com/contactus . Jangan sampai ketinggalan penawaran menarik lainnya di Traveloka Lifestye Super Apps.",2023-03-19 03:00:14,3.74.0
ferson abdullah,informatif,5,3.74.0,2023-03-19 02:35:21,"Hi Kak, terima kasih atas feedbacknya, semoga Kakak tetap setia dengan Traveloka. Jika ada pertanyaan lain bisa langsung infokan pada kami di https://www.traveloka.com/contactus ya, Kak. Pantau terus Traveloka Lifestyle Super App untuk penawaran spesial lainnya!",2023-03-19 03:00:17,3.74.0
Rinto 2018,pertahankan,5,3.73.0,2023-03-19 02:10:01,"Hai, Rinto. Terima kasih untuk masukan dan bintang 5 yang kamu berikan ya, mimin senang banget deh lihatnya hehehe. Sehat dan sukses selalu buat kamu serta keluarga. Mimin tunggu pesanan kamu selanjutnya :) -AM",2023-03-19 02:32:18,3.73.0
ichan achan,murah dan proses tiket cepat,5,3.74.0,2023-03-19 01:27:31,"Halo Kak, terima kasih banyak atas ratingnya, semoga Kakak tetap nyaman dan selau setia menjadi pelanggan Traveloka. Yuk Kak pantengin terus Traveloka Lifestyle Super App karna kami selalu berikan promo-promo yg menarik loooh, jangan sampai ketinggalan ya :)",2023-03-19 01:30:10,3.74.0
Anisa dessvia,Pelayanan buruk saya iso saldo uangku sampe saat ini belom masuk,1,3.74.0,2023-03-19 01:14:30,"Hai, Anisa. Mohon maaf atas ketidaknyamanannya. Kalau kamu memiliki kendala, mohon hubungi kami melalui tautan ini https://www.traveloka.com/id-id/contactus untuk dibantu cek lebih lanjut ya. Terima kasih 🙏 -WR",2023-03-19 01:32:50,3.74.0
Dian Rahmawati,Kenapa tidak bisa rescedule,4,3.74.0,2023-03-19 01:13:07,"Hai, Dian. Mohon maaf atas ketidaknyamanannya. Kalau kamu memiliki kendala terkait pemesanan di Traveloka, mohon hubungi kami melalui tautan ini https://www.traveloka.com/id-id/contactus untuk dibantu cek lebih lanjut ya. Terima kasih 🙏 -WR",2023-03-19 01:33:41,3.74.0
anwar clp,excellent,4,,2023-03-19 00:54:40,"Hi, thank you very much for the positive review! Please feel free to contact us at https://www.traveloka.com/contactus we're more than happy to assist you and Stay tuned for more exciting offers on Traveloka Lifestyle Super App.",2023-03-19 01:00:10,
Chairul Syamsi,mantap dan👍👍👍,5,3.74.0,2023-03-19 00:39:53,"Hi Kak, senang banget nih dapat rating bagus dari Kakak, terima kasih juga atas feedbacknya! Kenyamanan Kakak adalah prioritas Kami, jika ada pertanyaan lainnya jangan sungkan ya untuk infokan pada kami di https://www.traveloka.com/contactus . Jangan sampai ketinggalan penawaran menarik lainnya di Traveloka Lifestye Super Apps.",2023-03-19 01:00:13,3.74.0
Orak Arik,ok,5,3.74.0,2023-03-19 00:24:48,"Hi, thank you very much for the positive review! Please feel free to contact us at https://www.traveloka.com/contactus we're more than happy to assist you and Stay tuned for more exciting offers on Traveloka Lifestyle Super App.",2023-03-19 00:30:08,3.74.0
sriadi78 Doank,sangat cocok dan bagus... keamanannya mantap pak security-nya,5,3.74.0,2023-03-18 23:30:34,"Hi Kak, senang banget nih dapat rating bagus dari Kakak, terima kasih juga atas feedbacknya! Kenyamanan Kakak adalah prioritas Kami, jika ada pertanyaan lainnya jangan sungkan ya untuk infokan pada kami di https://www.traveloka.com/contactus . Jangan sampai ketinggalan penawaran menarik lainnya di Traveloka Lifestye Super Apps.",2023-03-19 00:00:16,3.74.0
linda susanti,mudah,5,3.74.0,2023-03-18 21:24:52,"Hai Linda, yuhuuuy senangnya mendapat bintang lima dari kamu, Kenyamananmu adalah prioritas Kami. Apabila ada pertanyaan, silakan dapat mengirimkan email ke kami di cs@traveloka.com atau pesan inbox di aplikasi Traveloka ya. Terima kasih. -CA",2023-03-18 21:45:49,3.74.0
Agus Rohman,Bagus,5,,2023-03-18 20:44:38,"Halo Kak, terima kasih banyak atas ratingnya, semoga Kakak tetap nyaman dan selau setia menjadi pelanggan Traveloka. Yuk Kak pantengin terus Traveloka Lifestyle Super App karna kami selalu berikan promo-promo yg menarik loooh, jangan sampai ketinggalan ya :)",2023-03-18 21:00:17,
Denni Kaisarria,"Jangan percaya sama promo2nya ya. Saya anggota traveloka udah lama. Ada kendala promo itu gk bisa dipake pada saat pembayaran dibilang kuota kupon terbatas,padahal kuota masih ratusan. Promonya sgt menipu. Hati2. Sudah dilaporkan lewat chat tapi sama sekali gk ada solusi. Sy sangat kecewa.",1,3.74.0,2023-03-18 18:13:32,"Hai, Denni. Mohon maaf atas ketidaknyamanannya. Pada dasarnya setiap promo terbatas dan mempunyai syarat dan ketentuan. Apabila kamu sudah mengikuti syarat dan ketentuan yang berlaku dan masih terkendala. Silakan menghubungi kami melalui email di cs@traveloka.com. Nantinya kami akan lakukan pengecekan lebih lanjut. Terima kasih. -IN",2023-03-18 18:33:03,3.74.0
bambang saputraeaawewooqq,sangat bagus,5,3.73.0,2023-03-18 18:11:03,"Halo Kak, terima kasih banyak atas ratingnya, semoga Kakak tetap nyaman dan selau setia menjadi pelanggan Traveloka. Yuk Kak pantengin terus Traveloka Lifestyle Super App karna kami selalu berikan promo-promo yg menarik loooh, jangan sampai ketinggalan ya :)",2023-03-18 18:30:11,3.73.0
Andi Alya Shakila,baik,5,3.72.0,2023-03-18 18:02:55,"Hi Kak, senang banget nih dapat rating bagus dari Kakak, terima kasih juga atas feedbacknya! Kenyamanan Kakak adalah prioritas Kami, jika ada pertanyaan lainnya jangan sungkan ya untuk infokan pada kami di https://www.traveloka.com/contactus . Jangan sampai ketinggalan penawaran menarik lainnya di Traveloka Lifestye Super Apps.",2023-03-18 18:30:14,3.72.0
Gatot Sajiyo,cepat...lengkap,4,3.74.0,2023-03-18 17:30:50,"Halo Kak, terima kasih banyak atas ratingnya, semoga Kakak tetap nyaman dan selau setia menjadi pelanggan Traveloka. Yuk Kak pantengin terus Traveloka Lifestyle Super App karna kami selalu berikan promo-promo yg menarik loooh, jangan sampai ketinggalan ya :)",2023-03-18 18:00:14,3.74.0
Amat Akiong,"Ada apa dgn traveloka, saya tidak dapat melakukan pembelian tiket pesawat, setiap di masukkan nama yg terahir dan di simpan selalu kembali ke menu awal harus pilih maskapai, begitu terus ber ulang-ulang, lalu keluar kolom merah dgn tulisan, maaf ada masalah di sistem kami saat ini, maaf kalo boleh tau ada gangguan apa ya di aplikasi traveloka, mohon infonya, trima kasih",5,3.74.0,2023-03-18 17:19:29,"Hai Akiong, maaf ya atas kendala yang dialami. Terkait kendala pemesanan tiket Pesawat, mimin saranin silakan dicoba kembali dan pastikan koneksi internet stabil dan aplikasi versi terbaru. Apabila ada pertanyaan, silakan dapat hubungi kami di https://www.traveloka.com/id-id/contactus. Terima kasih. -CA",2023-03-18 17:32:10,3.74.0
Muhammad Khairul Umam,aplikasi terbaik untuk boking tiket dan hotel,5,3.74.0,2023-03-18 16:46:05,"Halo Kak, terima kasih banyak atas ratingnya, semoga Kakak tetap nyaman dan selau setia menjadi pelanggan Traveloka. Yuk Kak pantengin terus Traveloka Lifestyle Super App karna kami selalu berikan promo-promo yg menarik loooh, jangan sampai ketinggalan ya :)",2023-03-18 17:00:10,3.74.0
Gobet Mataram,sangat baik dan memuaskan,5,3.74.0,2023-03-18 16:31:23,"Hi Kak, senang banget nih dapat rating bagus dari Kakak, terima kasih juga atas feedbacknya! Kenyamanan Kakak adalah prioritas Kami, jika ada pertanyaan lainnya jangan sungkan ya untuk infokan pada kami di https://www.traveloka.com/contactus . Jangan sampai ketinggalan penawaran menarik lainnya di Traveloka Lifestye Super Apps.",2023-03-18 17:00:14,3.74.0
jk y,👍,5,,2023-03-18 16:06:30,"Hai kak, senangnya mendapat bintang lima dari kamu, terima kasih atas apresiasinya, semoga kaka tetap nyaman dan selau setia menjadi pelanggan Traveloka, yuk ka pantengin terus traveloka karna kami selalu berikan promo promo yg menarik loooh, jangan sampai ketinggalan ya. -DA",2023-03-18 16:31:12,
Pepbri Pepbri,Exis. La/downlod,5,,2023-03-18 15:18:54,"Hai kak, senangnya mendapat bintang lima dari kamu, terima kasih atas apresiasinya. Jika kamu mempunyai kendala mohon untuk sampaikan keluhan kamu secara detail melalui https://www.traveloka.com/id-id/contactus. Supaya kami dapat membantu permasalahan kamu. Terima kasih. -DA",2023-03-18 15:33:02,
sanullah Zj,"Sangat membantu,kebutuhan kami",5,3.74.0,2023-03-18 15:08:09,"Halo Kak, terima kasih banyak atas ratingnya, semoga Kakak tetap nyaman dan selau setia menjadi pelanggan Traveloka. Yuk Kak pantengin terus Traveloka Lifestyle Super App karna kami selalu berikan promo-promo yg menarik loooh, jangan sampai ketinggalan ya :)",2023-03-18 15:30:11,3.74.0
Ahmad Barokah Driver,mudah dan cepat,5,3.74.0,2023-03-18 15:02:29,"Hi Kak, senang banget nih dapat rating bagus dari Kakak, terima kasih juga atas feedbacknya! Kenyamanan Kakak adalah prioritas Kami, jika ada pertanyaan lainnya jangan sungkan ya untuk infokan pada kami di https://www.traveloka.com/contactus . Jangan sampai ketinggalan penawaran menarik lainnya di Traveloka Lifestye Super Apps.",2023-03-18 15:30:14,3.74.0
Franco Fanq,Masa percobaan,3,3.74.0,2023-03-18 14:25:37,"Hai, Franco. Terima kasih atas penilaian kamu ya. Jika kamu butuh bantuan atau ada pertanyaan seputar Traveloka, kamu bisa menghubungi kami melalui https://www.traveloka.com/contactus. Terima kasih.-TK",2023-03-18 14:31:55,3.74.0
Rian Ibnu Andriadi,"Ada apa dengan paylater Traveloka kok mau daftar selalu gagal memuat server terus, gak guna mending uninstall aja",1,3.74.0,2023-03-18 14:16:58,"Halo, Rian. Terima kasih untuk laporan kamu. Mohon maaf atas kendala yang dialami. Mimin butuh data akun Travelokamu agar kendalamu bisa diperiksa secepatnya. Kamu bisa sampaikan datanya melalui https://www.traveloka.com/contactus. Mimin tunggu ya, terima kasih 🙏 -RU",2023-03-18 14:34:54,3.74.0
Buharianto,bagus,5,3.74.0,2023-03-18 13:49:16,"Halo Kak, terima kasih banyak atas ratingnya, semoga Kakak tetap nyaman dan selau setia menjadi pelanggan Traveloka. Yuk Kak pantengin terus Traveloka Lifestyle Super App karna kami selalu berikan promo-promo yg menarik loooh, jangan sampai ketinggalan ya :)",2023-03-18 14:00:12,3.74.0
Leo Simatupang,cepat dan terpercaya,5,3.69.0,2023-03-18 13:41:40,"Hi Kak, senang banget nih dapat rating bagus dari Kakak, terima kasih juga atas feedbacknya! Kenyamanan Kakak adalah prioritas Kami, jika ada pertanyaan lainnya jangan sungkan ya untuk infokan pada kami di https://www.traveloka.com/contactus . Jangan sampai ketinggalan penawaran menarik lainnya di Traveloka Lifestye Super Apps.",2023-03-18 14:00:14,3.69.0
achmad riansah,playlater tidak bisa di pakai. padahal dapat limit Rp. 3.000.000. playlater hoak,1,3.73.0,2023-03-18 12:39:36,"Hai, Achmad. Mohon maaf ya sudah membuatmu tidak nyaman. Untuk membantu kendala kamu, mohon hubungi kami melalui tautan ini https://www.traveloka.com/contactus. Terima kasih. -SM",2023-03-18 13:02:07,3.73.0
Paris Panggabean,bagus,5,3.73.0,2023-03-18 12:09:09,"Halo Kak, terima kasih banyak atas ratingnya, semoga Kakak tetap nyaman dan selau setia menjadi pelanggan Traveloka. Yuk Kak pantengin terus Traveloka Lifestyle Super App karna kami selalu berikan promo-promo yg menarik loooh, jangan sampai ketinggalan ya :)",2023-03-18 12:30:10,3.73.0
Rifqi Rusansa,Uye,5,3.74.0,2023-03-18 11:21:59,"Hai, Kak Rifqi. Senang banget dapat bintang lima dari Kakak. Semoga selalu suka ya Kak sama Traveloka :) -RU",2023-03-18 11:34:24,3.74.0
Iwan Purwanto (Maswanpur),"Nyobain Pengalaman Download Aplikasi Buat Pesan Tiket Bus Perjalanan, Semoga Sukses Barokah :) Thx_Ajkh ^_^",5,,2023-03-18 10:37:59,"Hi Kak, senang banget nih dapat rating bagus dari Kakak, terima kasih juga atas feedbacknya! Kenyamanan Kakak adalah prioritas Kami, jika ada pertanyaan lainnya jangan sungkan ya untuk infokan pada kami di https://www.traveloka.com/contactus . Jangan sampai ketinggalan penawaran menarik lainnya di Traveloka Lifestye Super Apps.",2023-03-18 11:00:12,
Andri Mulyadi,good,5,3.73.0,2023-03-18 10:24:56,"Hi, thank you very much for the positive review! Please feel free to contact us at https://www.traveloka.com/contactus we're more than happy to assist you and Stay tuned for more exciting offers on Traveloka Lifestyle Super App.",2023-03-18 10:30:10,3.73.0
Sofiyan yan,ok,5,,2023-03-18 10:10:11,"Hi, we are so grateful to get a lot of support from you. Hope you continue to enjoy our offers. If you have any feedback or suggestions, let us know on https://www.traveloka.com/contactus, our customer service would love to serve you in 24 hours. Thank you!",2023-03-18 10:30:14,
Eko Setiawan,top,5,3.74.0,2023-03-18 09:45:00,"Hi, thank you very much for the positive review! Please feel free to contact us at https://www.traveloka.com/contactus we're more than happy to assist you and Stay tuned for more exciting offers on Traveloka Lifestyle Super App.",2023-03-18 10:00:14,3.74.0
RYAN NAHAK,bisa membatu,5,3.74.0,2023-03-18 09:21:19,"Halo Kak, terima kasih banyak atas ratingnya, semoga Kakak tetap nyaman dan selau setia menjadi pelanggan Traveloka. Yuk Kak pantengin terus Traveloka Lifestyle Super App karna kami selalu berikan promo-promo yg menarik loooh, jangan sampai ketinggalan ya :)",2023-03-18 09:30:11,3.74.0
Dian Puspitawati,baik,5,3.74.0,2023-03-18 08:57:55,"Halo Kak, terima kasih banyak atas ratingnya, semoga Kakak tetap nyaman dan selau setia menjadi pelanggan Traveloka. Yuk Kak pantengin terus Traveloka Lifestyle Super App karna kami selalu berikan promo-promo yg menarik loooh, jangan sampai ketinggalan ya :)",2023-03-18 09:00:10,3.74.0
Wik De,"Pas nyari hotel dengan filter harga terendah,, ups sistem mengalami gangguan. Wkwkw ram nya 256mb kyk nya nih server",2,3.74.0,2023-03-18 08:46:10,"Hai, Wik. Maaf banget ya buat kendala yang terjadi. Silakan dicoba secara berkala kembali untuk melakukan pemesanan di Traveloka. Apabila ada pertanyaan lain, kamu bisa klik link https://www.traveloka.com/contactus ya. Kami akan berusaha untuk membantu kendala kamu tersebut. Terima kasih. -RF",2023-03-18 09:03:08,3.74.0
riski aminura,"Kecewa dengan traveloka Paylater, sistem dan analisa kreditnya. Historinya saya sebelumnya bekerja di perusahaan yg gajian setiap tanggal 25 set tanggal jatuh tempo sebelumnya adalah tgl 28, dan kemudian saya di hire oleh perusahaan lain dengan salary lebih tinggi, hanya tanggal gajian setiap akhir bulan, saya sudah mengajukan perubahan tanggal jatuh tempo ke traveloka namun di tolak, sehingga beberapa kali saya terhitung telat 3 hari, dan limit nya turun. dan ga ada solusi terkait ini",1,3.72.0,2023-03-18 06:46:42,"Hai, Riski. Mohon maaf atas ketidaknyamanannya. Pada dasarnya untuk perubahan tanggal jatuh tempo tidak bisa dilakukan dan mimin saranin untuk membayar tagihan sebelum tanggal jatuh tempo agar terhindar dari biaya keterlambatan. Jika butuh bantuan lebih lanjut silakan hubungi kami melalui https://www.traveloka.com/id-id/contactus. Terima kasih. -SY",2023-03-18 07:07:13,3.72.0
Hasto Wibowo,"Hai Traveloka, Aplikasinya tidak bisa dibuka. Lebih dari semenit hanya tampilan 11tahun terus setiap mau buka. Sebelum update baik² saja. HP sudah saya restart, shut down tapi masih tidak bisa dibuka. Terima kasih.",5,3.74.0,2023-03-18 06:35:05,"Hai, Kak Hasto. Kami meminta maaf atas kendala yang kamu alami. Kamu dapat menghubungi kami melalui https://www.traveloka.com/id-id/contactus agar masalahmu bisa diselesaikan secepat mungkin. Terima kasih. -OE",2023-02-09 05:04:47,3.74.0
Yulianto Yahya,Nice,5,,2023-03-18 06:18:07,"Hi, thank you very much for the positive review! Please feel free to contact us at https://www.traveloka.com/contactus we're more than happy to assist you and Stay tuned for more exciting offers on Traveloka Lifestyle Super App.",2023-03-18 06:30:11,
Rizki Noor,Dana refund harusnya 260rb - 35rb = 225rb Malah kena yg 205rb -35rb = 170rb Mayan 50 Rb bos Padahal 12-4 jam sebelum keberangkatan,1,3.74.0,2023-03-18 05:05:01,"Hai, Rizki. Mohon maaf atas ketidaknyamanannya. Untuk membantu kami memahami kendala kamu, mohon bantuannya untuk menyampaikan kendala kamu beserta nomor pesanan kamu melalui https://www.traveloka.com/id-id/contactus agar kami dapat bantu cek lebih lanjut. Terima kasih. -SY",2023-03-18 05:35:30,3.74.0
Luhut Sinaga,"Traveloka, pasti ada jalan.",5,3.74.0,2023-03-18 04:53:06,"Halo Kak, terima kasih banyak atas ratingnya, semoga Kakak tetap nyaman dan selau setia menjadi pelanggan Traveloka. Yuk Kak pantengin terus Traveloka Lifestyle Super App karna kami selalu berikan promo-promo yg menarik loooh, jangan sampai ketinggalan ya :)",2023-03-18 05:00:24,3.74.0
Rudi suranta Sitepu,Mantap,5,3.74.0,2023-03-18 04:47:49,"Hai, Rudi. Terima kasih untuk review dan bintang 5 yang kamu berikan ya, mimin senang banget deh lihatnya hehehe. Sehat dan sukses selalu buat kamu serta keluarga. Mimin tunggu pesanan kamu selanjutnya :) -AM",2023-03-18 05:02:22,3.74.0
Kelvin Sanjaya,good,5,3.73.0,2023-03-18 04:43:20,"Hi, we are so grateful to get a lot of support from you. Hope you continue to enjoy our offers. If you have any feedback or suggestions, let us know on https://www.traveloka.com/contactus, our customer service would love to serve you in 24 hours. Thank you!",2023-03-18 05:00:28,3.73.0
Mexander Hutagalung,Njmencc,3,3.71.1,2023-03-18 04:18:56,"Hai, Mexander. Apabila ada pertanyaan atau kendala seputar Traveloka, silakan hubungi customer service Traveloka di laman https://www.traveloka.com/contactus ya. Terima kasih. -AM",2023-03-18 04:32:40,3.71.1
Rina Aprilia,oke,5,3.74.0,2023-03-18 04:11:53,"Hai, Rina. Terima kasih untuk review dan bintang 5 yang kamu berikan ya, mimin senang banget deh lihatnya hehehe. Sehat dan sukses selalu buat kamu serta keluarga. Mimin tunggu pesanan kamu selanjutnya :) -AM",2023-03-18 04:31:16,3.74.0
Pengguna Google,Nyesel habis update malah ga bisa di pake ini apps.. Ngelag begitu tadi belum update baik baik aja.,1,3.21.1,2023-03-18 03:19:03,"Hai, Kak. Mohon maaf atas kendalanya. Untuk membantu kami memahami kendala kamu, mohon bantuannya untuk menyampaikan detail kendala kamu melalui https://www.traveloka.com/contactus agar kami dapat bantu cek lebih lanjut. Terima kasih. -VK",2023-03-18 03:31:40,3.21.1
Stefanus Wicaksono,"paylaternya error, gaje pas mau dipake",1,3.74.0,2023-03-18 03:18:33,"Hai Stefanus. Maaf buat kamu gak nyaman. Untuk dibantu cek lebih lanjut, kamu bisa hubungi mimin melalui link https://www.traveloka.com/id-id/contactus atau kamu juga bisa hubungi langsung akun IG Traveloka PayLater https://www.instagram.com/travelokapaylater/ jika membutuhkan bantuan soal PayLater. Terima kasih. -RM",2023-03-18 03:34:04,3.74.0
Syamsul B Pahar,dipermudah,4,3.74.0,2023-03-18 02:58:28,"Halo Kak, terima kasih banyak atas ratingnya, semoga Kakak tetap nyaman dan selau setia menjadi pelanggan Traveloka. Yuk Kak pantengin terus Traveloka Lifestyle Super App karna kami selalu berikan promo-promo yg menarik loooh, jangan sampai ketinggalan ya :)",2023-03-18 03:00:11,3.74.0
masyruh zukruf,ok,5,3.74.0,2023-03-18 01:53:25,"Hi, thank you very much for the positive review! Please feel free to contact us at https://www.traveloka.com/contactus we're more than happy to assist you and Stay tuned for more exciting offers on Traveloka Lifestyle Super App.",2023-03-18 02:00:10,3.74.0
Mu'ammal Hamidy,Mantap,5,,2023-03-18 01:37:17,"Hai, Hamidy. Terima kasih untuk review dan bintang 5 yang kamu berikan ya, mimin senang banget deh lihatnya hehehe. Sehat dan sukses selalu buat kamu serta keluarga. Mimin tunggu pesanan kamu selanjutnya :) -AM",2023-03-18 02:02:26,
muhamad cahyono,Belum juga seminggu udah minta update lagi🤦,1,,2023-03-18 01:28:40,"Hai, Cahyono. Maaf ya udah buat kamu gak nyaman. Update aplikasi dilakukan agar pengguna semakin nyaman dalam menggunakan aplikasi Traveloka dan juga supaya aplikasi berjalan semakin lancar tidak ada kendala. Terima kasih. -AM",2023-03-18 01:32:09,
Achmad wahyu Priyanto,S .'b,4,3.73.0,2023-03-18 01:20:28,"Hi, thank you very much for the positive review! Please feel free to contact us at https://www.traveloka.com/contactus we're more than happy to assist you and Stay tuned for more exciting offers on Traveloka Lifestyle Super App.",2023-03-18 01:30:11,3.73.0
lilis nurhidayati,kalau kirim kode booking ke no wa saja bisa ngga.,5,3.73.0,2023-03-18 00:53:35,"Hi Kak, senang banget nih dapat rating bagus dari Kakak, terima kasih juga atas feedbacknya! Kenyamanan Kakak adalah prioritas Kami, jika ada pertanyaan lainnya jangan sungkan ya untuk infokan pada kami di https://www.traveloka.com/contactus . Jangan sampai ketinggalan penawaran menarik lainnya di Traveloka Lifestye Super Apps.",2023-03-18 01:00:17,3.73.0
Aida Aida,pemesanan cepat,5,3.74.0,2023-03-18 00:17:59,"Halo Kak, terima kasih banyak atas ratingnya, semoga Kakak tetap nyaman dan selau setia menjadi pelanggan Traveloka. Yuk Kak pantengin terus Traveloka Lifestyle Super App karna kami selalu berikan promo-promo yg menarik loooh, jangan sampai ketinggalan ya :)",2023-03-18 00:30:12,3.74.0
Rosalina Tambunan,Saya mau install aplikasi ini,5,,2023-03-17 23:11:13,"Hai, Kak Rosalina. Terima kasih ya sudah menggunakan Traveloka sebagai partner perjalanan kamu. Jika ada pertanyaan dan butuh bantuan silakan hubungi kami melalui https://www.traveloka.com/id-id/contactus. Terima kasih. -SY",2023-03-17 23:35:03,
Megah Andiarto,proses mudah....sayang syarat unt kupon terlalu sulit,5,3.74.0,2023-03-17 22:27:31,"Halo Kak, terima kasih banyak atas ratingnya, semoga Kakak tetap nyaman dan selau setia menjadi pelanggan Traveloka. Yuk Kak pantengin terus Traveloka Lifestyle Super App karna kami selalu berikan promo-promo yg menarik loooh, jangan sampai ketinggalan ya :)",2023-03-17 22:30:18,3.74.0
Jonathan Tutu,Memberikan informasi mengenai layanan yang bersifat publik,4,3.74.0,2023-03-17 21:40:48,"Halo Kak, terima kasih banyak atas ratingnya, semoga Kakak tetap nyaman dan selau setia menjadi pelanggan Traveloka. Yuk Kak pantengin terus Traveloka Lifestyle Super App karna kami selalu berikan promo-promo yg menarik loooh, jangan sampai ketinggalan ya :)",2023-03-17 22:00:10,3.74.0
Mahmudah Mudah,membantu di saat diperlukan,5,3.74.0,2023-03-17 20:48:48,"Halo Kak, terima kasih banyak atas ratingnya, semoga Kakak tetap nyaman dan selau setia menjadi pelanggan Traveloka. Yuk Kak pantengin terus Traveloka Lifestyle Super App karna kami selalu berikan promo-promo yg menarik loooh, jangan sampai ketinggalan ya :)",2023-03-17 21:00:10,3.74.0
Adi Khesya,makasi jos,5,3.74.0,2023-03-17 18:31:10,"Hai Adi, terima kasih atas feedbacknya, semoga kamu tetap setia dengan Traveloka. Jika ada pertanyaan bisa langsung infokan pada kami di https://www.traveloka.com/contactus ya Kak. Pantau terus Traveloka Lifestyle Super App untuk penawaran spesial lainnya! -AH",2023-03-17 19:01:52,3.74.0
Erwin Lim,Terima kasih untuk aplikasi Traveloka,5,3.69.1,2023-03-17 17:02:33,"Halo Kak, terima kasih banyak atas ratingnya, semoga Kakak tetap nyaman dan selau setia menjadi pelanggan Traveloka. Yuk Kak pantengin terus Traveloka Lifestyle Super App karna kami selalu berikan promo-promo yg menarik loooh, jangan sampai ketinggalan ya :)",2023-03-17 17:30:15,3.69.1
Rahmatulloh Akbar,"Tertunda, saya jdi kehabisan travel pdhl ad urusan penting. Kecewa berat saya mohon maaf g bisa ditoleransi",1,3.73.0,2023-03-17 14:16:28,"Hai Kak Rahmatulloh, maaf banget ketidaknyamanan kamu. Kalau ada kendala terkait pesanan kamu, silakan sampaikan melalui https://www.traveloka.com/id-id/contactus supaya mimin bisa bantu. Terima kasih -DZ",2023-03-17 14:35:36,3.73.0
Rosmiati Kadir,👍,2,3.74.0,2023-03-17 14:11:31,"Halo Rosmiati, makasih untuk feedback yang kamu sampaikan ya. Kalau kamu ada pertanyaan, bole sampaikan melalui tautan ini https://www.traveloka.com/id-id/contactus. Terima kasih. -OR",2023-03-17 14:37:37,3.74.0
Agus Salim,Good,5,3.74.0,2023-03-17 14:09:13,"Hi, thank you very much for the positive review! Please feel free to contact us at https://www.traveloka.com/contactus we're more than happy to assist you and Stay tuned for more exciting offers on Traveloka Lifestyle Super App.",2023-03-17 14:30:19,3.74.0
asbin wibowo,jarang dapat promo,1,3.73.0,2023-03-17 14:03:40,"Hai, Asbin. Mohon maaf sebelumnya. Kamu bisa cek informasi promo terupdate melalui halaman promotion Traveloka ya. Apabila mengalami kendala penggunaan promo, kamu bisa menghubungi kami melalui email di cs@traveloka.com. Nantinya kami akan lakukan pengecekan lebih lanjut. Terima kasih. -IN",2023-03-17 14:36:00,3.73.0
Irfan Baharuddin dolla,luar biasa,5,3.73.0,2023-03-17 13:39:41,Makasih ya Kak Irfan sudah menjadi partner setia pemesanan kamu bersama Traveloka :)) -DZ,2023-03-17 14:06:54,3.73.0
Riduan Riduan,puas,4,3.74.0,2023-03-17 13:37:54,"Hai Riduan, makasih untuk feedback yang kamu sampaikan ya. Kalau kamu ada pertanyaan, boleh sampaikan melalui tautan ini https://www.traveloka.com/id-id/contactus. Terima kasih. -OR",2023-03-17 14:05:28,3.74.0
muksin hamid,semoga selamat sampai tujuan. amin.,5,3.73.0,2023-03-17 12:56:03,"Halo Kak, terima kasih banyak atas ratingnya, semoga Kakak tetap nyaman dan selau setia menjadi pelanggan Traveloka. Yuk Kak pantengin terus Traveloka Lifestyle Super App karna kami selalu berikan promo-promo yg menarik loooh, jangan sampai ketinggalan ya :)",2023-03-17 13:00:09,3.73.0
Lumerz 22,good app,5,3.74.0,2023-03-17 12:48:54,"Hi, we are so grateful to get a lot of support from you. Hope you continue to enjoy our offers. If you have any feedback or suggestions, let us know on https://www.traveloka.com/contactus, our customer service would love to serve you in 24 hours. Thank you!",2023-03-17 13:00:12,3.74.0
Nanda Secank,baik,5,3.69.0,2023-03-17 12:40:05,"Hi Kak, terima kasih atas feedbacknya, semoga Kakak tetap setia dengan Traveloka. Jika ada pertanyaan lain bisa langsung infokan pada kami di https://www.traveloka.com/contactus ya, Kak. Pantau terus Traveloka Lifestyle Super App untuk penawaran spesial lainnya!",2023-03-17 13:00:15,3.69.0
Pak Angel,ok,5,3.73.0,2023-03-17 12:06:30,"Hi, thank you very much for the positive review! Please feel free to contact us at https://www.traveloka.com/contactus we're more than happy to assist you and Stay tuned for more exciting offers on Traveloka Lifestyle Super App.",2023-03-17 12:30:14,3.73.0
Rio Chandra,Mantap,5,3.74.0,2023-03-17 11:50:50,"Halo, Rio. Senangnya dapat bintang lima dari kamu. Terima kasih untuk apresiasinya ya, semoga kamu tetap nyaman dan selalu setia menjadi pelanggan Traveloka. -SM",2023-03-17 12:01:22,3.74.0
Aaheriaprilia,ok,5,3.72.0,2023-03-17 11:35:34,"Hi, thank you very much for the positive review! Please feel free to contact us at https://www.traveloka.com/contactus we're more than happy to assist you and Stay tuned for more exciting offers on Traveloka Lifestyle Super App.",2023-03-17 12:00:14,3.72.0
Muhammad Abdur Rochim,tidak bisa download mohon diperbaiki,1,2.18.1,2023-03-17 11:35:09,"Hai Abdur, mohon maaf atas kendala yang kamu alami. Mohon pastikan kembali jaringan internet dalam keadaan stabil dan ruang penyimpanan pada device kamu masih mencukupi ya. Terima kasih. -NA",2023-03-17 12:04:19,2.18.1
NurYanti,saya suka pelayanannya cepat👍,5,3.73.0,2023-03-17 11:01:48,"Halo Kak, terima kasih banyak atas ratingnya, semoga Kakak tetap nyaman dan selau setia menjadi pelanggan Traveloka. Yuk Kak pantengin terus Traveloka Lifestyle Super App karna kami selalu berikan promo-promo yg menarik loooh, jangan sampai ketinggalan ya :)",2023-03-17 11:30:10,3.73.0
Nolan Vie,terbaik,5,3.74.0,2023-03-17 10:51:47,Makasih ya Kak Nolan sudah setia bersama Traveloka :)) -DZ,2023-03-17 11:01:43,3.74.0
Lucky,"Kecewa sekali dengan pihak traveloka, karena proses pengajuan refund yang tidak bisa di atasi dengan baik dan malah mempersulit",1,3.74.0,2023-03-17 09:31:06,"Halo, Kak Lucky. Terima kasih telah menggunakan Traveloka dan mohon maaf atas ketidaknyamanan yang Kakak alami. Saat ini kami belum menemukan komunikasi Kakak ke tim CS kami, untuk membantu lebih lanjut, mohon bantuannya untuk menyampaikan kembali kendala beserta nomor pesanan Kakak melalui https://www.traveloka.com/contactus. Terima kasih 🙏 -RU",2023-03-17 10:03:04,3.74.0
Hakim Dede,Bagusss,5,3.74.0,2023-03-17 09:00:46,"Halo Kak, terima kasih banyak atas ratingnya, semoga Kakak tetap nyaman dan selau setia menjadi pelanggan Traveloka. Yuk Kak pantengin terus Traveloka Lifestyle Super App karna kami selalu berikan promo-promo yg menarik loooh, jangan sampai ketinggalan ya :)",2023-03-17 09:30:09,3.74.0
KS SUDARSONO,Lanjut,5,3.74.0,2023-03-17 08:40:22,"Halo Kak, terima kasih banyak atas ratingnya, semoga Kakak tetap nyaman dan selau setia menjadi pelanggan Traveloka. Yuk Kak pantengin terus Traveloka Lifestyle Super App karna kami selalu berikan promo-promo yg menarik loooh, jangan sampai ketinggalan ya :)",2023-03-17 09:00:10,3.74.0
Della Oktarina Armaini,"RUGII!!!! TRANSAKSI SUDAH DI TRANSFER DAN BERHASIL TETAPI SERIAL BOOKING TIDAK MASUK, PADAHAL DI SISTEM PROSES JELAS BERHASIL, PIHAK CS JUGA DI HUBUNGI TETAPI DI SITU TERTULIS KESALAHAN SISTEM",1,3.70.1,2023-03-17 07:50:47,"Hai Della. Kami mohon maaf atas kendala yang kamu alami dengan pesanan kamu ya. Supaya kami bisa bantu cek pesanan kamu lebih lanjut, mohon bantu infokan nomor pesanan dan bukti bayarnya di https://www.traveloka.com/id-id/contactus, ya Kak. Terima kasih. -KK",2023-03-17 08:06:12,3.70.1
Dewi Myrnawati,tolong kupon promo nya di tambah lagi,5,3.64.0,2023-03-17 07:28:31,"Halo Kak, terima kasih banyak atas ratingnya, semoga Kakak tetap nyaman dan selau setia menjadi pelanggan Traveloka. Yuk Kak pantengin terus Traveloka Lifestyle Super App karna kami selalu berikan promo-promo yg menarik loooh, jangan sampai ketinggalan ya :)",2023-03-17 07:30:09,3.64.0
Jamz Hia,thx,5,3.73.0,2023-03-17 07:18:41,"Hi, we are so grateful to get a lot of support from you. Hope you continue to enjoy our offers. If you have any feedback or suggestions, let us know on https://www.traveloka.com/contactus, our customer service would love to serve you in 24 hours. Thank you!",2023-03-17 07:30:12,3.73.0
Buka Turbo,Paylater saya tidak bisa di gunakan.. Limit masi ada kok gk bisa di pakai..,1,3.74.0,2023-03-17 06:35:39,"Hai, Kak. Mohon maaf sebelumnya. Terkait hal tersebut, mohon bantuannya untuk menyampaikan nama lengkap dan alamat email yang terhubung dengan akun PayLater kamu melalui https://www.traveloka.com/contactus. Kamu juga bisa menghubungi langsung IG PayLater Traveloka di link https://www.instagram.com/travelokapaylater/. Terima kasih. -VK",2023-03-17 07:05:16,3.74.0
Angie Yuanita,memudahkan,5,3.73.0,2023-03-17 06:34:34,Hai Angie. Makasih buat rating yang kamu berikan ya! Mimin tunggu pesanan kamu selanjutnya di Traveloka :) -RM,2023-03-17 07:02:42,3.73.0
Tiyou Yusuf,aplikasi yg memudahkan kita keluar kota,5,3.74.0,2023-03-17 06:19:41,"Halo Kak, terima kasih banyak atas ratingnya, semoga Kakak tetap nyaman dan selau setia menjadi pelanggan Traveloka. Yuk Kak pantengin terus Traveloka Lifestyle Super App karna kami selalu berikan promo-promo yg menarik loooh, jangan sampai ketinggalan ya :)",2023-03-17 06:30:21,3.74.0
CHRISTIAN HASIHOLAN LUBIS,Customer service nya kek anjjjeng!!!! Aplikasi babbbi!!!!,1,3.74.0,2023-03-17 06:03:06,Halo Christian. Mohon maaf atas ketidaknyamanan yang kamu alami. Laporan kamu sedang dalam penanganan oleh tim kami melalui nomor laporan #31xxx199. Silakan menunggu info lanjut melalui Inbox aplikasi. Terima kasih. -SC,2023-03-17 06:43:11,3.74.0
Hidayat Tulloh,good,5,3.74.0,2023-03-17 05:06:02,"Hi, thank you very much for the positive review! Please feel free to contact us at https://www.traveloka.com/contactus we're more than happy to assist you and Stay tuned for more exciting offers on Traveloka Lifestyle Super App.",2023-03-17 05:30:10,3.74.0
DARWIS ARYANTO PURBA,TOP DEH👍🙏,5,3.73.0,2023-03-17 03:36:34,"Halo Kak, terima kasih banyak atas ratingnya, semoga Kakak tetap nyaman dan selau setia menjadi pelanggan Traveloka. Yuk Kak pantengin terus Traveloka Lifestyle Super App karna kami selalu berikan promo-promo yg menarik loooh, jangan sampai ketinggalan ya :)",2023-03-17 04:00:14,3.73.0
Kristiani Prihatiningtyas,luar biasa,5,3.73.0,2023-03-17 03:22:43,"Halo, Kristiani. Terima kasih atas penilaiannya dan telah memilih Traveloka sebagai partner perjalanan kamu. Terima kasih. -SC",2023-03-17 03:36:23,3.73.0
Island Homes Bali,You will lost your Money Doing transacrion here.. i lost mine and pay extra,1,3.74.0,2023-03-17 02:07:26,"Hi. Sorry for the inconvenience, please inform us your details problem via https://www.traveloka.com/contactus so we can help check. Thank you. -PA",2023-03-17 02:37:39,3.74.0
edy saputra,proses mudah,4,3.72.0,2023-03-17 00:26:16,"Halo Kak, terima kasih banyak atas ratingnya, semoga Kakak tetap nyaman dan selau setia menjadi pelanggan Traveloka. Yuk Kak pantengin terus Traveloka Lifestyle Super App karna kami selalu berikan promo-promo yg menarik loooh, jangan sampai ketinggalan ya :)",2023-03-17 00:30:10,3.72.0
chichiri ratna,selalu sangat membantu,5,3.73.0,2023-03-16 23:46:23,"Halo Kak, terima kasih banyak atas ratingnya, semoga Kakak tetap nyaman dan selau setia menjadi pelanggan Traveloka. Yuk Kak pantengin terus Traveloka Lifestyle Super App karna kami selalu berikan promo-promo yg menarik loooh, jangan sampai ketinggalan ya :)",2023-03-17 00:00:18,3.73.0
yusran amivet,good,5,3.74.0,2023-03-16 23:36:24,"Hi, we are so grateful to get a lot of support from you. Hope you continue to enjoy our offers. If you have any feedback or suggestions, let us know on https://www.traveloka.com/contactus, our customer service would love to serve you in 24 hours. Thank you!",2023-03-17 00:00:21,3.74.0
Salma Salma,tercepat🥰🥰,5,3.73.0,2023-03-16 22:22:30,"Halo Kak, terima kasih banyak atas ratingnya, semoga Kakak tetap nyaman dan selau setia menjadi pelanggan Traveloka. Yuk Kak pantengin terus Traveloka Lifestyle Super App karna kami selalu berikan promo-promo yg menarik loooh, jangan sampai ketinggalan ya :)",2023-03-16 22:30:11,3.73.0
Boma Nuroso,quickly action,5,3.73.0,2023-03-16 22:04:13,"Hi, we are so grateful to get a lot of support from you. Hope you continue to enjoy our offers. If you have any feedback or suggestions, let us know on https://www.traveloka.com/contactus, our customer service would love to serve you in 24 hours. Thank you!",2023-03-16 22:30:14,3.73.0
aan nama kecilku,Kenapa akun saya tiba tiba non aktif dan gag ada pemberitahuan :(,1,3.74.0,2023-03-16 21:47:19,"Hai, Kak Aan. Mohon maaf atas kendala yang terjadi. Agar kami bisa bantu cek lebih lanjut, silakan menghubungi kami melalui https://www.traveloka.com/id-id/contactus dengan menginformasikan detail kendala serta email/nomor telepon yang kamu gunakan sebagai akun Traveloka kamu. Makasih 🙏🏻 -RZ",2023-03-16 22:05:07,3.74.0
virgiawan listianto,Kenapa di saat seperti arus balik lebaran server malah down,1,3.74.0,2023-03-16 17:57:38,"Hai, Kak Virgiawan. Mohon maaf atas kendala yang kamu alami. Agar kami bisa bantu cek lebih lanjut, silakan menghubungi kami melalui https://www.traveloka.com/id-id/contactus. Makasih 🙏🏻 -RZ",2023-03-16 18:05:47,3.74.0
Surawisesa,Not Recomended,1,,2023-03-16 17:06:52,"Hello Sura, we're deeply sorry for your inconvenience. Currently, We're not able to detect your report. Please kindly help to inform us your problem along with your booking number via https://www.traveloka.com/contactus so we can assist you immediately.
We're hoping that our assistance can increase your satisfaction towards our service 🙏🏻 -RZ",2023-03-16 17:37:28,
ROBI DAUD SAPUTRA,Terima travel. Saya hapus aplikasi. Toling jaga data saya. Atau hapus. Takut nya nnti ada yg menyalahgunakan . Terima kasih,4,3.74.0,2023-03-16 15:50:17,"Halo Kak, terima kasih banyak atas ratingnya, semoga Kakak tetap nyaman dan selau setia menjadi pelanggan Traveloka. Yuk Kak pantengin terus Traveloka Lifestyle Super App karna kami selalu berikan promo-promo yg menarik loooh, jangan sampai ketinggalan ya :)",2023-03-16 16:00:32,3.74.0
Ari Fin,baik,5,3.73.0,2023-03-16 15:13:19,"Halo Kak, terima kasih banyak atas ratingnya, semoga Kakak tetap nyaman dan selau setia menjadi pelanggan Traveloka. Yuk Kak pantengin terus Traveloka Lifestyle Super App karna kami selalu berikan promo-promo yg menarik loooh, jangan sampai ketinggalan ya :)",2023-03-16 15:30:09,3.73.0
Eko Suprihanto,Membantu sekali,5,3.71.0,2023-03-16 14:51:56,"Halo Kak, terima kasih banyak atas ratingnya, semoga Kakak tetap nyaman dan selau setia menjadi pelanggan Traveloka. Yuk Kak pantengin terus Traveloka Lifestyle Super App karna kami selalu berikan promo-promo yg menarik loooh, jangan sampai ketinggalan ya :)",2023-03-16 15:00:31,3.71.0
Cahyono Mustakim,sangat membantu,5,3.72.0,2023-03-16 13:52:03,"Halo Kak, terima kasih banyak atas ratingnya, semoga Kakak tetap nyaman dan selau setia menjadi pelanggan Traveloka. Yuk Kak pantengin terus Traveloka Lifestyle Super App karna kami selalu berikan promo-promo yg menarik loooh, jangan sampai ketinggalan ya :)",2023-03-16 14:00:15,3.72.0
mujian ningsih,keren,4,3.73.0,2023-03-16 13:12:46,"Halo Kak, terima kasih banyak atas ratingnya, semoga Kakak tetap nyaman dan selau setia menjadi pelanggan Traveloka. Yuk Kak pantengin terus Traveloka Lifestyle Super App karna kami selalu berikan promo-promo yg menarik loooh, jangan sampai ketinggalan ya :)",2023-03-16 13:30:10,3.73.0
Sarwono 23,Mengecewakan bintang 1 saja,1,3.74.0,2023-03-16 12:45:22,"Hai, Sarwono. Mohon maaf ya sudah membuatmu kecewa. Untuk membantu memahami kendala kamu, mohon hubungi kami melalui tautan ini https://www.traveloka.com/contactus. Terima kasih. -SM",2023-03-16 13:01:58,3.74.0
Mila Amelia99,Masak isi alamat udah lengkap Masi aja gagal,1,,2023-03-16 12:33:22,"Halo Mila. Mohon maaf atas kendala yang kamu alami. Jika yang kamu maksud adalah adalah isi alamat pada PayLater, maka mohon isi alamat dengan sesuai. Sebagai referensi, kamu bisa cek alamat kamu melalui Gmaps. Terima kasih. -SC",2023-03-16 13:03:29,
haris imansyah,Aplikasi terbaik untuk perjalanan anda,5,3.72.0,2023-03-16 12:18:49,"Halo Kak, terima kasih banyak atas ratingnya, semoga Kakak tetap nyaman dan selau setia menjadi pelanggan Traveloka. Yuk Kak pantengin terus Traveloka Lifestyle Super App karna kami selalu berikan promo-promo yg menarik loooh, jangan sampai ketinggalan ya :)",2023-03-16 12:30:10,3.72.0
Kasman Papua,susah nya kalo kita ajukan paylayer padahal sudah isi data sesuai fakta yg ada,3,3.73.0,2023-03-16 11:55:56,"Hai, Kasman. Mohon maaf atas ketidaknyamanannya. Perihal tersebut sepenuhnya penilaian dari tim analis PayLater Traveloka. Apabila pengajuan kamu belum dapat diterima, silakan kamu melalukan pengajuan kembali sesuai estimasi waktu yang diinfokan melalui aplikasi Traveloka kamu. Terima kasih. -IN",2023-03-16 12:02:04,3.73.0
Khotim Saifu,Krng ter update lemot,3,3.74.0,2023-03-16 11:55:32,"Halo, Khotim. Mohon maaf atas ketidaknyamanannya. Pastikan jaringan kamu stabil dan aplikasi Traveloka kamu sudah versi terbaru ya. Untuk memahami kendala kamu, mohon hubungi kami melalui tautan ini https://www.traveloka.com/contactus. Terima kasih. -SM",2023-03-16 12:04:54,3.74.0
Arsyfa Salsabila,mantap,5,3.74.0,2023-03-16 11:45:34,"Halo, Arsyfa. Senangnya dapat bintang lima dari kamu. Terima kasih untuk apresiasinya ya, semoga kamu tetap nyaman dan selalu setia menjadi pelanggan Traveloka. -SM",2023-03-16 12:01:33,3.74.0
wijaya alexander,Good,5,3.5.0,2023-03-16 11:36:34,"Hi, thank you very much for the positive review! Please feel free to contact us at https://www.traveloka.com/contactus we're more than happy to assist you and Stay tuned for more exciting offers on Traveloka Lifestyle Super App.",2023-03-16 12:00:13,3.5.0
AGUS INDRA GUNAWAN,Traveloka paling pas,5,3.74.0,2023-03-16 10:23:19,"Hai, Agus. Terima kasih atas penilaian dan feedback dari kamu, kami akan terus meningkatkan kepuasan para pengguna. Jika ada pertanyaan lainnya jangan sungkan ya untuk infokan pada kami di https://www.traveloka.com/contactus. Jangan sampai ketinggalan juga penawaran menarik lainnya di Traveloka Lifestye Super Apps. Terima kasih. -KK",2023-03-16 10:33:15,3.74.0
ilham Saputra,mantap,5,3.73.0,2023-03-16 09:55:13,"Hai, Ilham. Terima kasih atas penilaian dan feedback dari kamu, kami akan terus meningkatkan kepuasan para pengguna. Jika ada pertanyaan lainnya jangan sungkan ya untuk infokan pada kami di https://www.traveloka.com/contactus. Jangan sampai ketinggalan juga penawaran menarik lainnya di Traveloka Lifestye Super Apps. Terima kasih. -KK",2023-03-16 10:05:38,3.73.0
Toni Saputro,sangat membantu,5,3.73.0,2023-03-16 09:45:08,"Halo Kak, terima kasih banyak atas ratingnya, semoga Kakak tetap nyaman dan selau setia menjadi pelanggan Traveloka. Yuk Kak pantengin terus Traveloka Lifestyle Super App karna kami selalu berikan promo-promo yg menarik loooh, jangan sampai ketinggalan ya :)",2023-03-16 10:00:12,3.73.0
Asyifa Fanara sahari,týf,2,3.72.0,2023-03-16 09:25:51,"Halo Asyifa, kalau kamu ada pertanyaan perihal Traveloka, boleh sampaikan melalui tautan ini ya https://www.traveloka.com/id-id/contactus. Terima kasih. -OR",2023-03-16 09:32:51,3.72.0
Mahar Dian,cepat dan aman,5,3.73.0,2023-03-16 09:24:22,"Halo Kak, terima kasih banyak atas ratingnya, semoga Kakak tetap nyaman dan selau setia menjadi pelanggan Traveloka. Yuk Kak pantengin terus Traveloka Lifestyle Super App karna kami selalu berikan promo-promo yg menarik loooh, jangan sampai ketinggalan ya :)",2023-03-16 09:30:16,3.73.0
Andy Herlambang,mantappss,5,3.74.0,2023-03-16 09:18:14,"Hai Andy, makasih untuk feedback yang kamu sampaikan ya. Apabila kamu ada pertanyaan, boleh sampaikan melalui tautan ini https://www.traveloka.com/id-id/contactus. Terima kasih. -OR",2023-03-16 09:34:03,3.74.0
Dedikaharudin Dedikaharudin,bagus,5,3.68.0,2023-03-16 09:04:46,"Hi Kak, senang banget nih dapat rating bagus dari Kakak, terima kasih juga atas feedbacknya! Kenyamanan Kakak adalah prioritas Kami, jika ada pertanyaan lainnya jangan sungkan ya untuk infokan pada kami di https://www.traveloka.com/contactus . Jangan sampai ketinggalan penawaran menarik lainnya di Traveloka Lifestye Super Apps.",2023-03-16 09:30:21,3.68.0
Sandy Prima Yuris,"Setan mau refund disuruh masukin kode pesanan udah benar masukin kodenya nelpon cs, ehh jawab cs robot setan Ampe 100 sampai pulsa habis tetap aja dibilang salah brengsek langsung uninstal aja aplikasinya ngk bermutu",1,3.73.0,2023-03-16 09:02:54,"Hai Sandy, maaf ya atas ketidaknyamanannya. Agar dapat kami bantu pengecekan lebih lanjut, silakan dapat hubungi kami melalui email di cs@traveloka.com atau pesan inbox aplikasi Traveloka ya. Terima kasih. -CA",2023-03-16 09:33:47,3.73.0
Gusnita Darmawati,Oke,5,3.72.0,2023-03-16 08:48:04,"Halo, Gusnita. Terima kasih banyak atas ratingnya, semoga Kakak tetap nyaman dan selau setia menjadi pelanggan Traveloka. Yuk Kak pantengin terus Traveloka Lifestyle Super App karna kami selalu berikan promo-promo yg menarik loooh, jangan sampai ketinggalan ya :) -IN",2023-03-16 09:02:08,3.72.0
Kencana Ambulance,Cakep,5,3.74.0,2023-03-16 08:29:10,"Halo Kak, terima kasih banyak atas ratingnya, semoga Kakak tetap nyaman dan selau setia menjadi pelanggan Traveloka. Yuk Kak pantengin terus Traveloka Lifestyle Super App karna kami selalu berikan promo-promo yg menarik loooh, jangan sampai ketinggalan ya :)",2023-03-16 08:30:21,3.74.0
USMAN ISMAIL,memudahkan transaksi mantap,5,3.73.0,2023-03-16 08:08:38,"Hi Kak, senang banget nih dapat rating bagus dari Kakak, terima kasih juga atas feedbacknya! Kenyamanan Kakak adalah prioritas Kami, jika ada pertanyaan lainnya jangan sungkan ya untuk infokan pada kami di https://www.traveloka.com/contactus . Jangan sampai ketinggalan penawaran menarik lainnya di Traveloka Lifestye Super Apps.",2023-03-16 08:30:23,3.73.0
LAODE HARIANTO,🌴🌊🚣🌅🏄🌊🐬🐬🍃💐🍎🍹🍒👒⛱️🌴,5,3.72.0,2023-03-16 08:02:08,"Hai Laode, apabila kamu ada pertanyaan, silakan dapat hubungi kami melalui https://www.traveloka.com/id-id/contactus. Terima kasih. -CA",2023-03-16 08:31:28,3.72.0
Wandra Susilo,Hi.. Ada apa dengan traveloka? Kenapa tidak bisa login pada hari ini kamis 16 maret 2023?,5,3.74.0,2023-03-16 06:38:25,"Halo Wandra, mohon maaf terkait hal ini ya. Boleh infokan email dan nomor ponsel kamu melalui tautan ini untuk pengecekan lebih lanjut https://www.traveloka.com/id-id/contactus. Terima kasih. -OR",2023-03-16 07:01:53,3.74.0
Islachul Majid,mudah,5,3.73.0,2023-03-16 06:37:17,"Halo, Islachul. Terima kasih atas penilaiannya dan telah memilih Traveloka sebagai partner perjalanan kamu. Terima kasih. -SC",2023-03-16 07:01:15,3.73.0
Idham Rifai,mantap,5,3.72.0,2023-03-16 04:53:43,"Halo, Idham. Terima kasih atas penilaiannya dan telah memilih Traveloka sebagai partner perjalanan kamu. Terima kasih. -SC",2023-03-16 05:01:06,3.72.0
Heru Iskandar,bagus,5,3.73.0,2023-03-16 04:48:42,"Halo Kak, terima kasih banyak atas ratingnya, semoga Kakak tetap nyaman dan selau setia menjadi pelanggan Traveloka. Yuk Kak pantengin terus Traveloka Lifestyle Super App karna kami selalu berikan promo-promo yg menarik loooh, jangan sampai ketinggalan ya :)",2023-03-16 05:00:35,3.73.0
Ismi Ismi,baik,1,3.73.0,2023-03-16 04:40:03,"Hai Ismi, terima kasih sudah menggunakan Traveloka. Jika ada pertanyaan atau kendala yang bisa kami bantu, silakan hubungi kami melalui https://www.traveloka.com/id-id/contactus ya. Terima kasih. -NA",2023-03-16 05:01:32,3.73.0
Ismunandar Is,trimakasih,2,3.71.0,2023-03-16 04:10:31,"Hai, Ismunandar. Kami meminta maaf atas kendala yang kamu alami. Kamu dapat menghubungi kami melalui https://www.traveloka.com/id-id/contactus agar masalahmu bisa diselesaikan secepat mungkin.
Kami akan berikan solusi terbaik agar kamu dapat merasa puas dan layanan kami layak mendapatkan rating yang lebih baik. Terima kasih. -OE",2023-03-16 04:34:41,3.71.0
Muhammad Zain,mantap,3,3.73.0,2023-03-16 04:01:15,"Hai, Zain. Terima kasih untuk review dan bintang 3 yang kamu berikan ya, semoga bisa berubah jadi bintang 5 hehehe. Sehat dan sukses selalu buat kamu serta keluarga. Mimin tunggu pesanan kamu selanjutnya :) -AM",2023-03-16 04:32:29,3.73.0
Rindang Darto,Klw pesan tiket pesawat kok tidak ada kolong buat ngisi nomer NIK KTP ya,5,,2023-03-16 03:52:36,"Hai Rindang. Kamu tidak perlu khawatir, untuk beberapa maskapai memang pada saat kamu melakukan pemesanan di aplikasi Traveloka tidak perlu menginput nomor NIK. Namun, pastikan untuk nama penumpang yang input menyesuaikan identitas ya. Terima kasih. -RM",2023-03-16 04:02:53,
Ramdhan Laksana,membantu,5,3.73.0,2023-03-16 03:02:30,"Hai, Ramdhan. Senang sekali mendapat bintang lima dari kamu. Terima kasih atas apresiasinya ya, semoga kamu tetap nyaman dan selalu setia menjadi pelanggan Traveloka. Yuk pantengin terus Traveloka karena kami akan selalu berikan promo-promo menarik loh, jangan sampai ketinggalan ya! -OE",2023-03-16 03:32:01,3.73.0
Abuthoriq Umroh,top,5,3.73.0,2023-03-16 02:49:45,"Hi, thank you very much for the positive review! Please feel free to contact us at https://www.traveloka.com/contactus we're more than happy to assist you and Stay tuned for more exciting offers on Traveloka Lifestyle Super App.",2023-03-16 03:00:08,3.73.0
Bimo Wiharyo,baik,5,3.73.0,2023-03-16 01:31:44,"Halo Kak, terima kasih banyak atas ratingnya, semoga Kakak tetap nyaman dan selau setia menjadi pelanggan Traveloka. Yuk Kak pantengin terus Traveloka Lifestyle Super App karna kami selalu berikan promo-promo yg menarik loooh, jangan sampai ketinggalan ya :)",2023-03-16 02:00:11,3.73.0
Imam Sucipto,waww,5,3.74.0,2023-03-15 22:09:56,"Hai Imam, terima kasih atas feedbacknya, semoga kamu tetap setia dengan Traveloka. Jika ada pertanyaan bisa langsung infokan pada kami di https://www.traveloka.com/contactus ya Kak. Pantau terus Traveloka Lifestyle Super App untuk penawaran spesial lainnya! -AH",2023-03-15 22:33:18,3.74.0
Jangkep Satrio,sangat membantu,5,3.72.0,2023-03-15 22:07:21,"Halo Kak, terima kasih banyak atas ratingnya, semoga Kakak tetap nyaman dan selau setia menjadi pelanggan Traveloka. Yuk Kak pantengin terus Traveloka Lifestyle Super App karna kami selalu berikan promo-promo yg menarik loooh, jangan sampai ketinggalan ya :)",2023-03-15 22:30:09,3.72.0
Handi.samsung J,aplikasi sangat membantu...mudah dan nyaman,5,3.74.0,2023-03-15 21:40:50,"Halo Kak, terima kasih banyak atas ratingnya, semoga Kakak tetap nyaman dan selau setia menjadi pelanggan Traveloka. Yuk Kak pantengin terus Traveloka Lifestyle Super App karna kami selalu berikan promo-promo yg menarik loooh, jangan sampai ketinggalan ya :)",2023-03-15 22:00:09,3.74.0
Syarif Hidayat,oks,4,3.73.0,2023-03-15 18:58:08,"Terima kasih ya Kak Syarif untuk penilaian kamu, jangan lupa selalu pesan menggunakan aplikasi Traveloka untuk menjadi teman liburan kamu dan jangan ragu menghubungi kami melalui alamat email kami di cs@traveloka.com jika mendapati kendala terkait pemesanan kamu ya Kak. Terima kasih -AK",2023-03-15 19:03:36,3.73.0
Abas GAMING,Apk gak jelas sering eror,1,3.73.0,2023-03-15 18:12:35,"Hai Abas, mohon maaf buat kamu gak nyaman, perihal kendala yang kamu alami mohon informasikan detail kendala kamu melalui email kami di cs@traveloka.com ya Kak untuk dapat kami bantu tindaklanjuti kendala kamu ya Kak. Terima kasih. -AK",2023-03-15 18:31:28,3.73.0
Aka Rifqul Maula,Sangat membantu dalam segala hal yg berhubungan dengan Travelling,5,3.73.0,2023-03-15 18:10:45,"Halo Kak, terima kasih banyak atas ratingnya, semoga Kakak tetap nyaman dan selau setia menjadi pelanggan Traveloka. Yuk Kak pantengin terus Traveloka Lifestyle Super App karna kami selalu berikan promo-promo yg menarik loooh, jangan sampai ketinggalan ya :)",2023-03-15 18:30:14,3.73.0
Okky Satriyo,"Traveloka monyet mau beli tiket aja mesti update dulu , bangsatt udah tau gw gak suka aplikasi begini update2",1,3.74.0,2023-03-15 18:02:28,"Hai, Kak Okky. Mohon maaf atas ketidaknyamanannya. Untuk update aplikasi diperlukan agar tidak terjadi bug dan agar pemesanan kamu berjalan dengan lancar ya Kak. Makasih. -RZ",2023-03-15 18:35:05,3.74.0
Juli Padli,Bismillah,5,,2023-03-15 18:01:57,"Hai Padli, terima kasih atas feedbacknya, semoga kamu tetap setia dengan Traveloka. Jika ada pertanyaan bisa langsung infokan pada kami di https://www.traveloka.com/contactus ya Kak. Pantau terus Traveloka Lifestyle Super App untuk penawaran spesial lainnya! -AH",2023-03-15 18:31:26,
annisa leli nurkhasanah,"""Sistem mengalami gangguan"" mulu",1,3.73.0,2023-03-15 17:50:55,"Hai Annisa, mohon maaf atas ketidaknyamanan yang kamu alami, perihal kendala pemesanan mohon informasikan bukti screenshot kendala pada saat melakukan pemesanan melalui email kami di cs@traveloka.com Terima kasih. -AK",2023-03-15 18:06:13,3.73.0
nahrowi 473,Masih blom bisa pakai traveloka payleter saya ini kak bpk ibu adek,1,3.73.0,2023-03-15 17:31:52,"Hai, Kak Nahrowi. Mohon maaf atas ketidaknyamanannya. Agar kami bisa bantu cek lebih lanjut, silakan menghubungi kami melalui https://www.traveloka.com/id-id/contactus. Makasih. -RZ",2023-03-15 18:03:51,3.73.0
Asrar Azzahra,sangat membantu,5,3.73.0,2023-03-15 15:49:52,"Halo Kak, terima kasih banyak atas ratingnya, semoga Kakak tetap nyaman dan selau setia menjadi pelanggan Traveloka. Yuk Kak pantengin terus Traveloka Lifestyle Super App karna kami selalu berikan promo-promo yg menarik loooh, jangan sampai ketinggalan ya :)",2023-03-15 16:00:12,3.73.0
Wijayanto,cepat dan membantu,4,3.73.0,2023-03-15 15:44:17,"Hi Kak, senang banget nih dapat rating bagus dari Kakak, terima kasih juga atas feedbacknya! Kenyamanan Kakak adalah prioritas Kami, jika ada pertanyaan lainnya jangan sungkan ya untuk infokan pada kami di https://www.traveloka.com/contactus . Jangan sampai ketinggalan penawaran menarik lainnya di Traveloka Lifestye Super Apps.",2023-03-15 16:00:14,3.73.0
GSW CISS,Sangat burukkkkk... Kamar sudah penuh masih terima orderan... Begitu kita datang di hotel yg kita pesan malah di lemparkan ke hotel lain... Ga bisa di kembalikan uangnya... Bener2 sangat buruuuukkkkkkkkk... Saya sangat setuju sekali dengan yg ngasih bintang 1...karena memang begitu buruknya,1,3.72.0,2023-03-15 15:38:52,"Hai Kak, maaf sudah membuat kamu tidak nyaman. Terkait kendala pemesanan Hotel kamu, mohon dapat menginformasikan nomor pesanan kamu melalui link https://www.traveloka.com/id-id/contactus untuk pengecekan lebih lanjut. Terima kasih. -AH",2023-03-15 16:02:41,3.72.0
daniel sularso,"Fitur paylater sebenarnya sangat membantu dalam transaksi di traveloka, tapi sangat susah untuk mendaftar. Beberapa kali coba dan ulangi tapi selalu gagal dan ditolak",4,3.74.0,2023-03-15 14:41:59,"Hai Daniel, mohon maaf atas ketidaknyamanan yang kamu alami perihal pendaftaran PayLater mengikuti hasil analisa dari tim Analyst PayLater kami ya Kak, jika kamu masih terkendala untuk pendaftaran PayLater Kakak bisa menghubungi kami di akun IG PayLater Traveloka https://www.instagram.com/travelokapaylater/ ya. Makasih. -AK
",2023-03-15 15:03:05,3.74.0
Ich mag dich sehr gerne,keren GNJR,5,3.74.0,2023-03-15 14:35:24,"Halo Kak, terima kasih banyak atas ratingnya, semoga Kakak tetap nyaman dan selau setia menjadi pelanggan Traveloka. Yuk Kak pantengin terus Traveloka Lifestyle Super App karna kami selalu berikan promo-promo yg menarik loooh, jangan sampai ketinggalan ya :)",2023-03-15 15:00:10,3.74.0
Demarjeni Jeni,Mantap is the best,5,3.73.0,2023-03-15 14:29:52,"Hi, thank you very much for the positive review! Please feel free to contact us at https://www.traveloka.com/contactus we're more than happy to assist you and Stay tuned for more exciting offers on Traveloka Lifestyle Super App.",2023-03-15 14:30:16,3.73.0
Hedi Pamungkas,"sangat membantu ,dan proses sangat cepat",5,3.73.0,2023-03-15 14:29:33,"Hi Kak, senang banget nih dapat rating bagus dari Kakak, terima kasih juga atas feedbacknya! Kenyamanan Kakak adalah prioritas Kami, jika ada pertanyaan lainnya jangan sungkan ya untuk infokan pada kami di https://www.traveloka.com/contactus . Jangan sampai ketinggalan penawaran menarik lainnya di Traveloka Lifestye Super Apps.",2023-03-15 14:30:19,3.73.0
muhammad idris,bagus,5,,2023-03-15 14:20:46,"Hi Kak, terima kasih atas feedbacknya, semoga Kakak tetap setia dengan Traveloka. Jika ada pertanyaan lain bisa langsung infokan pada kami di https://www.traveloka.com/contactus ya, Kak. Pantau terus Traveloka Lifestyle Super App untuk penawaran spesial lainnya!",2023-03-15 14:30:22,
Pasang Gigi,Mahal banget skrang terbang beli tiket ditraveloka.,1,3.73.0,2023-03-15 14:02:36,"Hai Kak. Mengenai harga tiket Pesawat bersifat fluktuatif dan bisa berubah sewaktu-waktu dari maskapai ya. Kamu juga dapat pakai promo aktif yang ada pada aplikasi Traveloka. Apabila ada pertanyaan, silakan dapat hubungi kami di https://www.traveloka.com/id-id/contactus. Terima kasih. -CA",2023-03-15 14:32:14,3.73.0
Abu athailah Muhidin,Masya Allah mantaf,5,3.73.0,2023-03-15 13:03:10,"Hai, Abu. Terima kasih atas penilaian dan feedback dari kamu, kami akan terus meningkatkan kepuasan para pengguna. Jika ada pertanyaan lainnya jangan sungkan ya untuk infokan pada kami di https://www.traveloka.com/contactus. Jangan sampai ketinggalan juga penawaran menarik lainnya di Traveloka Lifestye Super Apps. Terima kasih. -KK",2023-03-15 13:32:45,3.73.0
Abd Malik,terimakasih traveloka,5,3.74.0,2023-03-15 13:02:32,"Halo Kak, terima kasih banyak atas ratingnya, semoga Kakak tetap nyaman dan selau setia menjadi pelanggan Traveloka. Yuk Kak pantengin terus Traveloka Lifestyle Super App karna kami selalu berikan promo-promo yg menarik loooh, jangan sampai ketinggalan ya :)",2023-03-15 13:30:14,3.74.0
adrian 1997,Sya ganti hp dan login ke traveloka namun kode verifikasi tdk masuk ke email...dan sdh sy ulang berkali2 namun hasilnya sama..tdk ada kode verifikasi/otp yg masuk mhn pencerahanya.,2,3.73.0,2023-03-15 12:40:29,"Hai, Adrian. Mohon maaf atas kendala yang kamu alami. Pada dasarnya untuk pengiriman kode verifikasi, bisa kamu cek juga pada folder spam dan promosi. Untuk lakukan pengecekan lebih lanjut, kamu bisa hubungi kami https://www.traveloka.com/contactus. Terima kasih.-TK",2023-03-15 13:02:11,3.73.0
ASY Official,"AQ udah 2x kali pesen tiket pesawat ,tiket PP trus pesan hotel.. Alhamdulillah cepet sih tinggal klik"" pake hp 😁",5,3.74.0,2023-03-15 12:37:39,"Hai, Kak. Terima kasih atas penilaian dan feedback dari kamu, kami akan terus meningkatkan kepuasan para pengguna. Jika ada pertanyaan lainnya jangan sungkan ya untuk infokan pada kami di https://www.traveloka.com/contactus. Jangan sampai ketinggalan juga penawaran menarik lainnya di Traveloka Lifestye Super Apps. Terima kasih. -KK",2023-03-15 13:02:53,3.74.0
Irvan Ready,good aplikasi memudahkan,5,,2023-03-15 12:32:10,"Halo Kak, terima kasih banyak atas ratingnya, semoga Kakak tetap nyaman dan selau setia menjadi pelanggan Traveloka. Yuk Kak pantengin terus Traveloka Lifestyle Super App karna kami selalu berikan promo-promo yg menarik loooh, jangan sampai ketinggalan ya :)",2023-03-15 13:00:09,
Febri Edwin,Makasi traveloka,5,3.73.0,2023-03-15 12:04:48,"Halo Kak, terima kasih banyak atas ratingnya, semoga Kakak tetap nyaman dan selau setia menjadi pelanggan Traveloka. Yuk Kak pantengin terus Traveloka Lifestyle Super App karna kami selalu berikan promo-promo yg menarik loooh, jangan sampai ketinggalan ya :)",2023-03-15 12:30:10,3.73.0
Mr Sagar,good job,5,3.73.0,2023-03-15 11:27:13,"Hi, thank you very much for the positive review! Please feel free to contact us at https://www.traveloka.com/contactus we're more than happy to assist you and Stay tuned for more exciting offers on Traveloka Lifestyle Super App.",2023-03-15 11:30:14,3.73.0
sunardie _edo,terbaik,5,3.69.1,2023-03-15 10:57:33,"Halo, Sunardie. Terima kasih atas penilaiannya dan telah memilih Traveloka sebagai partner perjalanan kamu. Terima kasih. -SC",2023-03-15 11:02:11,3.69.1
Tani Wilis,"Menu REFUND tidak bisa dilihat/terbuka,selalu log out dan muncul tulisan : Maaf,terjadi kendala pada sistem kami. Sy sudah capek bikin laporan tapi tidak ada solusi nya.",1,3.74.0,2023-03-15 09:39:21,"Hai, Tani Wilis. Mohon maaf atas kendalanya. Untuk membantu kami melakukan pengecekan, mohon infokan nomor pesanan kamu melalui https://www.traveloka.com/id-id/contactus agar kami dapat bantu cek lebih lanjut ya. Terima kasih. -SY",2023-03-15 04:33:51,3.74.0
Yandri Yessy,keren,5,3.73.0,2023-03-15 09:15:45,"Halo Kak, terima kasih banyak atas ratingnya, semoga Kakak tetap nyaman dan selau setia menjadi pelanggan Traveloka. Yuk Kak pantengin terus Traveloka Lifestyle Super App karna kami selalu berikan promo-promo yg menarik loooh, jangan sampai ketinggalan ya :)",2023-03-15 09:30:15,3.73.0
Puji Heri Santoso,mantap,5,3.73.0,2023-03-15 08:53:27,Makasih ya Kak Puji sudah setia bersama Traveloka :)) -DZ,2023-03-15 09:01:44,3.73.0
Fauzana Humairah,oke,5,3.74.0,2023-03-15 08:53:10,"Halo, Fauzana. Terima kasih atas penilaiannya dan telah memilih Traveloka sebagai partner perjalanan kamu. Terima kasih. -SC",2023-03-15 09:01:17,3.74.0
Muslim Family,"Sistem refund bila memilih utk transit 2 pesawat merugikan customer, tiket pesawat kedua kena reschedule maskapai, tiket pesawat pertama kena imbas dipaksa self refund, total refund harga tiket kena pangkas banyak. Trus utk apa naik pesawat bila tujuan utamanya tidak sesuai jadwal. .... Sangat Mengecewakan. CS nya cuma alasan kebijakan perusahaan berulang2.",1,,2023-03-15 08:34:37,Hai Muslim. Mohon maaf sekali bahwa kebijakan refund merupakan kebijakan dari pihak maskapai sepenuhnya. Jika memiliki kendala lainnya kamu bisa hubungi kami melalui pesan di aplikasi Traveloka kamu atau melalui email di cs@traveloka.com. Terima kasih.-FR,2023-03-15 09:05:47,
Nur Qalbi,Bagusssss,5,3.73.0,2023-03-15 08:31:56,"Hi Kak, senang banget nih dapat rating bagus dari Kakak, terima kasih juga atas feedbacknya! Kenyamanan Kakak adalah prioritas Kami, jika ada pertanyaan lainnya jangan sungkan ya untuk infokan pada kami di https://www.traveloka.com/contactus . Jangan sampai ketinggalan penawaran menarik lainnya di Traveloka Lifestye Super Apps.",2023-03-15 09:00:19,3.73.0
Gia Go 321,Ticket dari Lion Air Tidak tersedia lagi ya di Traveloka ? Kok Hilang,1,3.74.0,2023-03-15 08:21:04,Halo Gia. Pada dasarnya tiket yang tersedia mengikuti ketersediaan dari pihak maskapai. Silakan coba di tanggal lain jika tidak ada di tanggal yang kamu pilih. Terima kasih. -SC,2023-03-15 08:35:37,3.74.0
Eny Martikasari,membantu sekali,5,3.73.0,2023-03-15 07:30:38,"Halo Kak, terima kasih banyak atas ratingnya, semoga Kakak tetap nyaman dan selau setia menjadi pelanggan Traveloka. Yuk Kak pantengin terus Traveloka Lifestyle Super App karna kami selalu berikan promo-promo yg menarik loooh, jangan sampai ketinggalan ya :)",2023-03-15 08:00:14,3.73.0
MUHAMMAD ARIF SH,terbaik,5,3.73.0,2023-03-15 07:19:36,"Halo, Arif. Terima kasih atas penilaiannya dan telah memilih Traveloka sebagai partner perjalanan kamu. Terima kasih. -SC",2023-03-15 07:31:08,3.73.0
esa Rahmat,Mau cek penerbangan banyak yang kurang atau tidak lengkap tidak seperti aplikasi sebelah lengkap sekali tampilan penerbangan tidak hilang saat di buka..,2,,2023-03-15 07:12:22,"Hai, Kak Esa. Terima kasih buat kritik dan saran kamu, untuk kedepannya kami akan terus meningkatkan dalam memberikan pelayanan yang maksimal dan prima. Kalau kamu memiliki kendala, mohon hubungi kami melalui tautan ini https://www.traveloka.com/id-id/contactus. Terima kasih. -NT",2023-03-15 07:33:47,
NoviyanaWorlds 96,kereeennnn bgt topp. payleter nya jg membantuuuu,5,3.72.0,2023-03-15 07:09:49,"Halo Kak, terima kasih banyak atas ratingnya, semoga Kakak tetap nyaman dan selau setia menjadi pelanggan Traveloka. Yuk Kak pantengin terus Traveloka Lifestyle Super App karna kami selalu berikan promo-promo yg menarik loooh, jangan sampai ketinggalan ya :)",2023-03-15 07:30:20,3.72.0
Zahra 12,bagus dan sangat membantu tuk perjalanan kami,5,3.73.0,2023-03-15 06:47:26,"Halo Kak, terima kasih banyak atas ratingnya, semoga Kakak tetap nyaman dan selau setia menjadi pelanggan Traveloka. Yuk Kak pantengin terus Traveloka Lifestyle Super App karna kami selalu berikan promo-promo yg menarik loooh, jangan sampai ketinggalan ya :)",2023-03-15 07:00:15,3.73.0
Drh. Kadek nency marcolina,"murah dari yg lain, harga yang terlihat tidak menipu, itu sdh termasuk Ppn. pembayaran gampang tidak ribet. semoga semakin banyak promo lagi.",5,3.74.0,2023-03-15 05:33:17,"Halo Kak, terima kasih banyak atas ratingnya, semoga Kakak tetap nyaman dan selau setia menjadi pelanggan Traveloka. Yuk Kak pantengin terus Traveloka Lifestyle Super App karna kami selalu berikan promo-promo yg menarik loooh, jangan sampai ketinggalan ya :)",2023-03-15 06:00:15,3.74.0
Riyu IC,Cara check-in online di aplikasi baru bagaimana ya? Setelah perbarui aplikasi justru tidak bisa check-in online,2,3.73.0,2023-03-15 04:44:02,"Hai Riyu, Pada dasarnya check in online bergantung juga dengan kebijakan masing-masing maskapai. Jika kamu masih terkendala untuk check in online di aplikasi, silakan hubungi kami melalui https://www.traveloka.com/id-id/contactus ya. Terima kasih. -NA",2023-03-15 05:03:26,3.73.0
Widia Natalia390,Oke,2,3.63.1,2023-03-15 04:40:58,"Hai, Widia. Terima kasih untuk review yang kamu berikan ya, semoga ke depannya bisa menjadi bintang 5 hehehe. Sehat dan sukses selalu buat kamu serta keluarga. Mimin tunggu pesanan kamu selanjutnya :) -AM
",2023-03-15 05:02:04,3.63.1
Randi Gunawan,lawak,1,3.73.0,2023-03-15 04:40:55,"Halo Kak. Jika ada pertanyaan atau kendala pada pesanan kamu di Traveloka, silakan menghubungi kami melalui https://www.traveloka.com/id-id/contactus. Terima kasih. -MZ",2023-03-15 05:02:49,3.73.0
Anna Keyra,"terima kasih traviloka sangat membantu sekali segala pembayaran apa pun cepat,mudah dan praktis sekali",5,3.74.0,2023-03-15 04:14:43,"Halo Kak, terima kasih banyak atas ratingnya, semoga Kakak tetap nyaman dan selau setia menjadi pelanggan Traveloka. Yuk Kak pantengin terus Traveloka Lifestyle Super App karna kami selalu berikan promo-promo yg menarik loooh, jangan sampai ketinggalan ya :)",2023-03-15 04:30:09,3.74.0
Maryadi Usman,Mantap,5,3.73.0,2023-03-15 04:08:15,"Hai, Maryadi. Terima kasih atas review yang kamu berikan dan terima kasih telah menggunakan Traveloka sebagai partner perjalanan kamu. -SY",2023-03-15 04:35:10,3.73.0
dony omponk,"sorry gw unistal, traveloka Penipuan pengalaman gw pake traveloka pernah skali gw gunain payleater nya dan hw bayar seperti biasa, terakhir gw nunggak karna ada kendala, salah gw juga, dan DC nipu, suruh bayar biar akun nya bisa aktif lagi, giliran udh di bayar akun di blokir permanen Penipuan, jgn begituu traveloka kalau cara nya begituu orang2 pada ogah pake traveloka dan lari ke yg lain, ogah lagi gw pake traveloka",1,,2023-03-15 04:00:00,"Halo Dony. Mohon maaf atas ketidaknyamanan yang kamu alami. Terkait kendala kamu, silakan menghubungi kami melalui https://www.traveloka.com/id-id/contactus untuk pengecekan lebih lanjut akun PayLater kamu. Terima kasih. -MZ",2023-03-15 04:34:07,
Pingo Bingo,luar biasa,5,3.74.0,2023-03-15 03:29:51,"Makasih atas review kamu ya Kak. Makasih juga sudah menjadikan Traveloka sebagai teman perjalanan kamu. Jika butuh bantuan, kamu bisa menghubungi kami melalui https://www.traveloka.com/id-id/contactus :) -MZ",2023-03-15 04:06:52,3.74.0
Indrian aska La suma,bagaimana cara tukar poin please,5,3.72.0,2023-03-15 02:51:38,"Halo Kak, terima kasih banyak atas ratingnya, semoga Kakak tetap nyaman dan selau setia menjadi pelanggan Traveloka. Yuk Kak pantengin terus Traveloka Lifestyle Super App karna kami selalu berikan promo-promo yg menarik loooh, jangan sampai ketinggalan ya :)",2023-03-15 03:00:12,3.72.0
Aprichiliana Roeroe,AML,5,,2023-03-15 01:48:39,"Hi, thank you very much for the positive review! Please feel free to contact us at https://www.traveloka.com/contactus we're more than happy to assist you and Stay tuned for more exciting offers on Traveloka Lifestyle Super App.",2023-03-15 02:00:09,
mislan alan,good job,5,3.72.0,2023-03-15 01:45:39,"Hi, we are so grateful to get a lot of support from you. Hope you continue to enjoy our offers. If you have any feedback or suggestions, let us know on https://www.traveloka.com/contactus, our customer service would love to serve you in 24 hours. Thank you!",2023-03-15 02:00:11,3.72.0
Saeful Faqih,Alhamdulillah aplikasi yg memudahkan,5,3.50.0,2023-03-15 01:11:32,"Hai, Saeful. Terima kasih untuk review dan bintang 5 yang kamu berikan ya, mimin senang banget deh lihatnya hehehe. Sehat dan sukses selalu buat kamu serta keluarga. Mimin tunggu pesanan kamu selanjutnya :) -AM",2023-03-15 01:33:56,3.50.0
Nasrullah Tho sinjai,Bagus,5,,2023-03-15 00:56:01,"Halo Kak, terima kasih banyak atas ratingnya, semoga Kakak tetap nyaman dan selau setia menjadi pelanggan Traveloka. Yuk Kak pantengin terus Traveloka Lifestyle Super App karna kami selalu berikan promo-promo yg menarik loooh, jangan sampai ketinggalan ya :)",2023-03-15 01:00:17,
Mulyadi Rusly,Very nice,5,,2023-03-15 00:39:03,"Hi, we are so grateful to get a lot of support from you. Hope you continue to enjoy our offers. If you have any feedback or suggestions, let us know on https://www.traveloka.com/contactus, our customer service would love to serve you in 24 hours. Thank you!",2023-03-15 01:00:20,
Muhammad Ghilman,"Woi, saya sudah memesan tiket buat nanti & sudah membayarnya ya? Tp knp tdk ada kode QR nya. Padahal saya sudh membeli tiketnya sudah dari tgl 12 maret 2023. Tolong solusinya",1,3.73.0,2023-03-15 00:29:12,"Hai, Kak Ghilman. Mohon maaf atas ketidaknyamanannya. Saat ini laporan kamu sedang dalam pengecekan tim terkait kami. Mohon tunggu konfirmasi selanjutnya dari tim kami melalui inbox aplikasi kamu ya. Terima kasih. -SY",2023-03-15 00:37:49,3.73.0
Kamaludin Kamaludin,Bagus,5,3.73.0,2023-03-15 00:19:56,"Halo Kak, terima kasih banyak atas ratingnya, semoga Kakak tetap nyaman dan selau setia menjadi pelanggan Traveloka. Yuk Kak pantengin terus Traveloka Lifestyle Super App karna kami selalu berikan promo-promo yg menarik loooh, jangan sampai ketinggalan ya :)",2023-03-15 00:30:10,3.73.0
Edi Satmoko,"Menu lengkal, Praktis dan cepat,",5,3.73.0,2023-03-14 23:37:26,"Halo Kak, terima kasih banyak atas ratingnya, semoga Kakak tetap nyaman dan selau setia menjadi pelanggan Traveloka. Yuk Kak pantengin terus Traveloka Lifestyle Super App karna kami selalu berikan promo-promo yg menarik loooh, jangan sampai ketinggalan ya :)",2023-03-15 00:00:18,3.73.0
iwan ridwan,very nice,3,3.72.0,2023-03-14 23:19:42,"Thank you for your rating, don't forget to always book using the Traveloka application to be your vacation companion and don't hesitate to contact us via our email address at cs@traveloka.com if you have any problems regarding your booking. Thank you -AK",2023-03-14 23:33:54,3.72.0
Big Prima,Kecewa dengan pelayanan Traveloka resechedule dikenakan biaya. Trus tidak diberi tahu klo ada penggantian pesawat secepatnya. Pelayanan sangat buruk,1,3.73.0,2023-03-14 23:18:55,"Halo Prima, mohon maaf ketidaknyamanan ini ya. Boleh infokan nomor pesanan kamu melalui tautan ini untuk pengecekan lebih lanjut ya https://www.traveloka.com/id-id/contactus. Terima kasih. -OR",2023-03-14 23:31:36,3.73.0
DBS 76,"saya pengguna traveloka sudah lama dan tidak pernah telat bayat cicilan..mlh kenapa skrmg akun dinonaktifkan???bnr2 kecewa saya pdhl limit 50jt tp dinonaktifkan..parah semua koment bintang 1,dah rame2 galbay aja semua dan pindah keaplikasi sebelah yg lebih baik dan lbh melihat cs...travelosit👎👎👎👎👎👎👎👎 not recommend aplikation in world..like your familly",1,3.73.0,2023-03-14 20:29:51,"Hai, Kak. Mohon maaf atas ketidaknyamanannya. Untuk perihal tersebut sepenuhnya kebijakan dari tim analis PayLater Traveloka. Maka dari itu, supaya bisa dilakukan pengecekan lebih lanjut, silakan diinfokan nama lengkap dan alamat email yang terdaftar pada akun PayLater kamu melalui email di cs@traveloka.com. Terima kasih. -IN",2023-03-13 21:02:25,3.73.0
eko sugianto,ini aplikasi knpa gx bisa di buka ya,2,,2023-03-14 19:47:00,"Hai eko, Maaf banget buat kamu gak nyaman ya, perihal kendala aplikasi Traveloka kamu bisa cek berkala dan pastingan aplikasi Traveloka kamu sudah versi terbaru dan pastikan juga jaringan yang kamu gunakan stabil dikarenakan saat ini mimin tidak mendapati informasi perihal kendala pada aplikasi Traveloka. Terima kasih. -AK",2023-03-14 20:01:52,
DRENA RENA,Tidak dapat menghapus,5,,2023-03-14 18:50:05,"Hai Rena, mohon informasikan detail kendala yang kamu alami melalui email kami di cs@traveloka.com untuk dapat kami bantu tindaklanjuti kendala kamu ya Kak. Terima kasih. -AK",2023-03-14 19:01:29,
Rifan Bayu ahmad,Vidio bokep,3,,2023-03-14 17:22:00,"Halo Rifan, apabila kamu ada pertanyaan mengenai Traveloka, boleh sampaikan melalui tautan ini ya https://www.traveloka.com/id-id/contactus. Terima kasih. -OR",2023-03-14 17:32:43,
Yuni Orisa,oke,5,3.73.0,2023-03-14 16:08:30,"Halo, Yuni. Terima kasih banyak atas ratingnya, semoga Kakak tetap nyaman dan selau setia menjadi pelanggan Traveloka. Yuk Kak pantengin terus Traveloka Lifestyle Super App karna kami selalu berikan promo-promo yg menarik loooh, jangan sampai ketinggalan ya :) -IN",2023-03-14 16:31:37,3.73.0
Nellyh. Bako,Ok,5,,2023-03-14 15:27:03,"Hi, thank you very much for the positive review! Please feel free to contact us at https://www.traveloka.com/contactus we're more than happy to assist you and Stay tuned for more exciting offers on Traveloka Lifestyle Super App.",2023-03-14 15:30:16,
murniati noor,mantap,5,3.73.0,2023-03-14 15:05:32,"Hai Murniati, yuhuuuy senangnya mendapat bintang lima dari kamu, Kenyamananmu adalah prioritas Kami. Apabila ada pertanyaan, silakan dapat mengirimkan email ke kami di cs@traveloka.com atau pesan inbox di aplikasi Traveloka ya. Terima kasih. -CA",2023-03-14 15:32:32,3.73.0
Alfian Aris,good,5,3.73.0,2023-03-14 15:03:02,"Hi, we are so grateful to get a lot of support from you. Hope you continue to enjoy our offers. If you have any feedback or suggestions, let us know on https://www.traveloka.com/contactus, our customer service would love to serve you in 24 hours. Thank you!",2023-03-14 15:30:19,3.73.0
D N A Chant,good,5,3.73.0,2023-03-14 14:28:42,"Hi, thank you very much for the positive review! Please feel free to contact us at https://www.traveloka.com/contactus we're more than happy to assist you and Stay tuned for more exciting offers on Traveloka Lifestyle Super App.",2023-03-14 14:30:09,3.73.0
Mardian Syah,lebih baik,1,3.73.0,2023-03-14 14:20:47,"Hai Mardian, terima kasih atas feedbacknya ya, semoga Kakak tetap setia dengan Traveloka. Jika ada pertanyaan lain bisa langsung infokan pada kami di https://www.traveloka.com/contactus ya, Kak. Pantau terus Traveloka Lifestyle Super App untuk penawaran spesial lainnya! -CA",2023-03-14 14:31:57,3.73.0
Arif R,Pembokingan tiket kereta api,5,,2023-03-14 13:43:55,"Makasih ya Kak Arif, sudah setia bersama Traveloka. Yuk langsung kamu cek ketersediaannya pada web/app Traveloka kamu :)) -DZ",2023-03-14 14:03:19,
Hadi Kesawa,terima kasih....siiiiiipppppp....,5,3.73.0,2023-03-14 13:15:33,"Halo, Hadi. Terima kasih atas feedback kamu, jangan sungkan untuk hubungi kami ya jika mempunyai pertanyaan. Kakak bisa hubungi kami melalui https://www.traveloka.com/id-id/contactus ya. Terima kasih. -PA",2023-03-14 13:33:51,3.73.0
latanza firdaus,"Hati2 pake traveloka udah booking ternyata hotelnya gak tersedia, trus boking ulang eh hotelnya minta uang tambahan, tanpa pemberitahuan",1,3.72.0,2023-03-14 13:10:09,"Hai Latanza. Mohon maaf sekali atas ketidaknyamanan yang kamu alami. Terkait kendala kamu, mohon infokan detail melalui pesan di aplikasi Traveloka kamu atau via email ke cs@traveloka.com, untuk kami bantu lebih lanjut ya. Terima kasih. -FR",2023-03-14 13:32:37,3.72.0
Ryandi Irvan,Sekarang kalo mau pesan tiket bioskop sudah tidak bisa lg ya min?,2,3.72.0,2023-03-14 13:02:11,Hai Ryandi. Mohon maaf sebelumnya Kak. Kami sudah menghentikan Movies sebagai bagian dari strategi bisnis dan prioritas perusahaan pada tanggal 28 Februari 2023. Jadi untuk saat ini Movies sudah tidak tersedia ya Kak. Terima kasih atas pengertiannya. -FR,2023-03-14 13:34:43,3.72.0
Andhika Pancaran Jaya Kusumah,"Terlalu banyak notifikasi iklan, gak penting. Akibatnya bikin repot hapusin nya",1,3.73.0,2023-03-14 12:44:38,"Hai Kak Andhika, silakan abaikan iklan yang muncul Kak. Karena iklan Traveloka yang muncul adalah kerjasama Traveloka dengan app lain yang kamu gunakan. Terima kasih -DZ",2023-03-14 13:01:51,3.73.0
agil wadriansyah,aplikasi bagusss,5,3.74.0,2023-03-14 11:54:11,"Halo Kak, terima kasih banyak atas ratingnya, semoga Kakak tetap nyaman dan selau setia menjadi pelanggan Traveloka. Yuk Kak pantengin terus Traveloka Lifestyle Super App karna kami selalu berikan promo-promo yg menarik loooh, jangan sampai ketinggalan ya :)",2023-03-14 12:00:12,3.74.0
Tantan vandekil,gampang dan cepat pelayaman nya,5,3.72.0,2023-03-14 11:52:11,"Hi Kak, senang banget nih dapat rating bagus dari Kakak, terima kasih juga atas feedbacknya! Kenyamanan Kakak adalah prioritas Kami, jika ada pertanyaan lainnya jangan sungkan ya untuk infokan pada kami di https://www.traveloka.com/contactus . Jangan sampai ketinggalan penawaran menarik lainnya di Traveloka Lifestye Super Apps.",2023-03-14 12:00:15,3.72.0
Andy Lourdez Wai,sangat memuaskan,5,3.73.0,2023-03-14 11:39:46,"Hi Kak, terima kasih atas feedbacknya, semoga Kakak tetap setia dengan Traveloka. Jika ada pertanyaan lain bisa langsung infokan pada kami di https://www.traveloka.com/contactus ya, Kak. Pantau terus Traveloka Lifestyle Super App untuk penawaran spesial lainnya!",2023-03-14 12:00:18,3.73.0
Aprilia Rosary,Sangat membantu,5,3.72.0,2023-03-14 10:51:08,"Halo Kak, terima kasih banyak atas ratingnya, semoga Kakak tetap nyaman dan selau setia menjadi pelanggan Traveloka. Yuk Kak pantengin terus Traveloka Lifestyle Super App karna kami selalu berikan promo-promo yg menarik loooh, jangan sampai ketinggalan ya :)",2023-03-14 11:00:11,3.72.0
Meimi Lilla,👍👍,5,,2023-03-14 10:19:45,"Hai, Kak Meimi. Senang banget dapat bintang lima dari Kakak, terima kasih atas apresiasinya. Semoga pengalaman Kakak bersama Traveloka selalu menyenangkan :) -RU",2023-03-14 10:32:14,
Mursalin Ismail,bagus respon nya,5,3.73.0,2023-03-14 10:18:48,"Halo Kak, terima kasih banyak atas ratingnya, semoga Kakak tetap nyaman dan selau setia menjadi pelanggan Traveloka. Yuk Kak pantengin terus Traveloka Lifestyle Super App karna kami selalu berikan promo-promo yg menarik loooh, jangan sampai ketinggalan ya :)",2023-03-14 10:30:25,3.73.0
Achmad Taufiq,mantap puas banget dengan traveloka,5,3.72.0,2023-03-14 09:45:39,"Halo Kak, terima kasih banyak atas ratingnya, semoga Kakak tetap nyaman dan selau setia menjadi pelanggan Traveloka. Yuk Kak pantengin terus Traveloka Lifestyle Super App karna kami selalu berikan promo-promo yg menarik loooh, jangan sampai ketinggalan ya :)",2023-03-14 10:00:08,3.72.0
Yosef Irwin,"Mendaftar paylater ,data sudah lengkap giliran upload terjadi kesalahan & sinyal lancar Aneh paylater disini",1,3.73.0,2023-03-14 09:10:05,"Halo, Yosef. Mohon maaf atas ketidaknyamanan yang kamu alami. Untuk membantu kami memahami kendala kamu, mohon bantuannya untuk menyampaikan detail kendala kamu melalui https://www.traveloka.com/id-id/contactus ya. Terima kasih. -PA",2023-03-14 09:33:19,3.73.0
Baynani 54321,bagus traveloka,5,3.73.0,2023-03-14 09:08:26,"Halo Kak, terima kasih banyak atas ratingnya, semoga Kakak tetap nyaman dan selau setia menjadi pelanggan Traveloka. Yuk Kak pantengin terus Traveloka Lifestyle Super App karna kami selalu berikan promo-promo yg menarik loooh, jangan sampai ketinggalan ya :)",2023-03-14 09:30:17,3.73.0
Andi Bajaa,baik,2,3.72.0,2023-03-14 08:51:24,"Halo, Andi. Terima kasih atas feedback kamu, jangan sungkan untuk hubungi kami ya jika mempunyai pertanyaan. Kakak bisa hubungi kami melalui https://www.traveloka.com/id-id/contactus ya. Terima kasih. -PA",2023-03-14 09:02:21,3.72.0
Roni Fatra. H,Very good .,5,3.73.0,2023-03-14 08:27:34,"Hi, thank you very much for the positive review! Please feel free to contact us at https://www.traveloka.com/contactus we're more than happy to assist you and Stay tuned for more exciting offers on Traveloka Lifestyle Super App.",2023-03-14 08:30:12,3.73.0
Golan Kasengke,mantap,5,3.74.0,2023-03-14 08:23:21,"Hai Kak, terima kasih atas feedbacknya, semoga kamu tetap setia dengan Traveloka. Jika ada pertanyaan bisa langsung infokan pada kami di https://www.traveloka.com/contactus ya Kak. Pantau terus Traveloka Lifestyle Super App untuk penawaran spesial lainnya! -AH",2023-03-14 08:32:50,3.74.0
Gita Fauzy,"Saya suka banget dengan Traveloka,,kalo saya mau pergi atau pulang bisa cek harga tiket berapa,,terima kasih Traveloka👍👍👍👍👍",5,3.72.0,2023-03-14 08:10:43,"Hi Kak, senang banget nih dapat rating bagus dari Kakak, terima kasih juga atas feedbacknya! Kenyamanan Kakak adalah prioritas Kami, jika ada pertanyaan lainnya jangan sungkan ya untuk infokan pada kami di https://www.traveloka.com/contactus . Jangan sampai ketinggalan penawaran menarik lainnya di Traveloka Lifestye Super Apps.",2023-03-14 08:30:15,3.72.0
Sukis Wong,Top,5,3.73.0,2023-03-14 07:52:57,"Hi, thank you very much for the positive review! Please feel free to contact us at https://www.traveloka.com/contactus we're more than happy to assist you and Stay tuned for more exciting offers on Traveloka Lifestyle Super App.",2023-03-14 08:00:15,3.73.0
Aryava Putra,Kurang lengkap,4,3.69.0,2023-03-14 07:24:04,"Hai Kak Aryava, kalau ada kekurangan pada saat kamu memesan di Traveloka, silakan sampaikan kritik-sarannya pada https://www.traveloka.com/id-id/contactus, supaya mimin bisa sampaikan ke tim mimin. Terima kasih -DZ",2023-03-14 07:34:36,3.69.0
Ilham Emong,"Tolong dong penjelasanya d bagusin lagi pas pembelian tiket d treveloka apalagi nama, nama saya bermasalah malah d tolak pas cek in refoun nya pun malah eror terus",1,3.73.0,2023-03-14 07:13:51,"Hai, Ilham. Mohon maaf atas ketidaknyamanannya. Untuk membantu kami memahami kendala kamu, mohon bantuannya untuk menyampaikan kendala kamu beserta nomor pesanan kamu melalui https://www.traveloka.com/id-id/contactus agar kami dapat bantu cek lebih lanjut. Terima kasih. -SY",2023-03-14 07:33:12,3.73.0
Nurlina Pangestu,bagus pelayananny,5,,2023-03-14 07:12:23,"Halo Kak, terima kasih banyak atas ratingnya, semoga Kakak tetap nyaman dan selau setia menjadi pelanggan Traveloka. Yuk Kak pantengin terus Traveloka Lifestyle Super App karna kami selalu berikan promo-promo yg menarik loooh, jangan sampai ketinggalan ya :)",2023-03-14 07:30:18,
Hari Putrawan,cepat,5,3.74.0,2023-03-14 06:05:44,"Hi Kak, senang banget nih dapat rating bagus dari Kakak, terima kasih juga atas feedbacknya! Kenyamanan Kakak adalah prioritas Kami, jika ada pertanyaan lainnya jangan sungkan ya untuk infokan pada kami di https://www.traveloka.com/contactus . Jangan sampai ketinggalan penawaran menarik lainnya di Traveloka Lifestye Super Apps.",2023-03-14 06:30:31,3.74.0
Muhammad habibi,baik,5,3.73.0,2023-03-14 05:18:02,"Halo Kak, terima kasih banyak atas ratingnya, semoga Kakak tetap nyaman dan selau setia menjadi pelanggan Traveloka. Yuk Kak pantengin terus Traveloka Lifestyle Super App karna kami selalu berikan promo-promo yg menarik loooh, jangan sampai ketinggalan ya :)",2023-03-14 05:30:10,3.73.0
Nanda Richa,"Gak usah sok sok an masang iklan banyak Voucer, Voucer gada yg bisa di pake!!! Notemerahnya Voucer hbs 😅😅😅",1,3.72.0,2023-03-14 04:51:10,"Hai, Kak Nanda. Mohon maaf atas ketidaknyamanan yang kamu alami. Untuk membantu kami memahami kendala kamu, mohon bantuannya untuk menyampaikan detail kendala kamu melalui https://www.traveloka.com/id-id/contactus ya. Terima kasih. -PA",2023-03-14 05:03:14,3.72.0
MariaNensiana Dhua,Banyakan promo,5,3.73.0,2023-03-14 04:10:24,"Halo Kak, terima kasih banyak atas ratingnya, semoga Kakak tetap nyaman dan selau setia menjadi pelanggan Traveloka. Yuk Kak pantengin terus Traveloka Lifestyle Super App karna kami selalu berikan promo-promo yg menarik loooh, jangan sampai ketinggalan ya :)",2023-03-14 04:30:10,3.73.0
Hermawan Hermawan,Paylater ko ngak bisa di akses,5,3.73.0,2023-03-14 03:42:43,"Hai Hermawan. Maaf buat kamu gak nyaman. Untuk dapat kami bantu lebih lanjut, mohon dapat menghubungi kami di link https://www.traveloka.com/id-id/contactus. Oh iya, kamu juga bisa hubungi langsung akun IG Traveloka PayLater https://www.instagram.com/travelokapaylater/ jika membutuhkan bantuan soal PayLater. Terima kasih. -RM",2023-03-14 04:05:11,3.73.0
TJM official,cepat tidak ribet,5,3.72.0,2023-03-14 03:30:17,"Halo Kak, terima kasih banyak atas ratingnya, semoga Kakak tetap nyaman dan selau setia menjadi pelanggan Traveloka. Yuk Kak pantengin terus Traveloka Lifestyle Super App karna kami selalu berikan promo-promo yg menarik loooh, jangan sampai ketinggalan ya :)",2023-03-14 04:00:10,3.72.0
Narto 623,selalu yg terbaik,4,3.73.0,2023-03-14 03:19:08,"Halo Kak, terima kasih banyak atas ratingnya, semoga Kakak tetap nyaman dan selau setia menjadi pelanggan Traveloka. Yuk Kak pantengin terus Traveloka Lifestyle Super App karna kami selalu berikan promo-promo yg menarik loooh, jangan sampai ketinggalan ya :)",2023-03-14 03:30:10,3.73.0
Alika Mega,ok,5,3.73.0,2023-03-14 02:48:38,"Hi, thank you very much for the positive review! Please feel free to contact us at https://www.traveloka.com/contactus we're more than happy to assist you and Stay tuned for more exciting offers on Traveloka Lifestyle Super App.",2023-03-14 03:00:09,3.73.0
Sabar Utama,mantab sangat memudahkan buat transaksi...,5,3.73.0,2023-03-14 02:17:43,"Halo Kak, terima kasih banyak atas ratingnya, semoga Kakak tetap nyaman dan selau setia menjadi pelanggan Traveloka. Yuk Kak pantengin terus Traveloka Lifestyle Super App karna kami selalu berikan promo-promo yg menarik loooh, jangan sampai ketinggalan ya :)",2023-03-14 02:30:16,3.73.0
Putra Maju,mantap,5,3.73.0,2023-03-14 02:01:03,"Makasih atas review kamu ya Putra. Makasih juga sudah menjadikan Traveloka sebagai teman perjalanan kamu. Jika butuh bantuan, kamu bisa menghubungi kami melalui https://www.traveloka.com/id-id/contactus :) -MZ",2023-03-14 02:34:43,3.73.0
Ahmad Yusuf,sangat membantu dan mudah,5,3.73.0,2023-03-14 01:36:21,"Halo Kak, terima kasih banyak atas ratingnya, semoga Kakak tetap nyaman dan selau setia menjadi pelanggan Traveloka. Yuk Kak pantengin terus Traveloka Lifestyle Super App karna kami selalu berikan promo-promo yg menarik loooh, jangan sampai ketinggalan ya :)",2023-03-14 02:00:15,3.73.0
Dwi Astuti,bagus,5,3.73.0,2023-03-14 01:09:29,"Halo Kak, terima kasih banyak atas ratingnya, semoga Kakak tetap nyaman dan selau setia menjadi pelanggan Traveloka. Yuk Kak pantengin terus Traveloka Lifestyle Super App karna kami selalu berikan promo-promo yg menarik loooh, jangan sampai ketinggalan ya :)",2023-03-14 01:30:19,3.73.0
A.RACHIM BAIM,tidk ada promo,1,3.73.0,2023-03-14 00:44:45,"Hai. Rachim. Pada dasarnya untuk promo yang sedang berjalan bisa langsung kamu cek pada link www.traveloka.com ya. Serta pantengin terus sosial media Traveloka untuk update promo terbaru lainnya. Apabila ada pertanyaan lain, silakan klik link https://www.traveloka.com/contactus. Kami akan berusaha untuk membantu kendala kamu. Terima kasih. -RF",2023-03-14 01:04:23,3.73.0
Ida Made Dwipayana,exellence,5,3.72.0,2023-03-14 00:31:56,"Hi Ida, so happy to get five stars from you, thank you for the appreciation. We look forward for your next order :) -RM",2023-03-14 01:03:33,3.72.0
Cucu Kurniawan,mantap banget,5,3.73.0,2023-03-14 00:26:04,"Halo Kak, terima kasih banyak atas ratingnya, semoga Kakak tetap nyaman dan selau setia menjadi pelanggan Traveloka. Yuk Kak pantengin terus Traveloka Lifestyle Super App karna kami selalu berikan promo-promo yg menarik loooh, jangan sampai ketinggalan ya :)",2023-03-14 00:30:09,3.73.0
Iank Riank,terimakasih,4,3.69.0,2023-03-14 00:19:26,"Hi Kak, senang banget nih dapat rating bagus dari Kakak, terima kasih juga atas feedbacknya! Kenyamanan Kakak adalah prioritas Kami, jika ada pertanyaan lainnya jangan sungkan ya untuk infokan pada kami di https://www.traveloka.com/contactus . Jangan sampai ketinggalan penawaran menarik lainnya di Traveloka Lifestye Super Apps.",2023-03-14 00:30:11,3.69.0
Dwi Siswanto,Pesen tiket bos..,4,,2023-03-14 00:15:42,"Hi Kak, terima kasih atas feedbacknya, semoga Kakak tetap setia dengan Traveloka. Jika ada pertanyaan lain bisa langsung infokan pada kami di https://www.traveloka.com/contactus ya, Kak. Pantau terus Traveloka Lifestyle Super App untuk penawaran spesial lainnya!",2023-03-14 00:30:13,
Daniel Tanamal,mempermudah segala hal tentang traveling!!,5,3.73.0,2023-03-13 23:21:04,"Halo Kak, terima kasih banyak atas ratingnya, semoga Kakak tetap nyaman dan selau setia menjadi pelanggan Traveloka. Yuk Kak pantengin terus Traveloka Lifestyle Super App karna kami selalu berikan promo-promo yg menarik loooh, jangan sampai ketinggalan ya :)",2023-03-13 23:30:10,3.73.0
Cici Indah Wardani,Kenapa sekarang di traveloka nggak bisa buat pesan tiket bioskop?,1,3.73.0,2023-03-13 22:31:24,"Mohon maaf atas ketidaknyamanan yang kamu alami, kami menghentikan beberapa produk Non-Travel sebagai bagian dari strategi bisnis dan prioritas perusahaan pada tanggal 13 Februari 2023 pada Pukul 23.59. Selama masa transisi, kami akan tetap mematuhi kesepakatan yang telah disepakati bersama. Terima kasih. -AK",2023-03-13 23:07:19,3.73.0
Ahmad San,Saya user baru . Ini kenapa tiap mau ngecek tiket pesawat ga bisa ??. Udah 10 kali . Udah log.out akun log.in lagi tetep gabisa . Apk udah versi terbaru (terupdate),2,3.73.0,2023-03-13 20:19:13,"Hai, Ahmad. Mohon maaf atas ketidaknyamanannya. Apabila kamu masih mengalami kendala melakukan pemesanan. Silakan diinfokan ya detail pesanan yang ingin kamu pesan melalui email di cs@traveloka.com. Nantinya kami akan lakukan pengecekan lebih lanjut. Terima kasih. -IN",2023-03-13 20:35:07,3.73.0
Willy Sanjaya,Oke,4,,2023-03-13 20:04:03,"Hai Willy, makasih untuk feedback yang kamu sampaikan ya. Kalau kamu ada pertanyaan ataupun kendala, boleh sampaikan melalui tautan ini ya https://www.traveloka.com/id-id/contactus. Terima kasih. -OR",2023-03-13 20:31:38,
ANDI TIAWARMAN,ok mantap,5,3.73.0,2023-03-13 15:13:55,"Halo Kak, terima kasih banyak atas ratingnya, semoga Kakak tetap nyaman dan selau setia menjadi pelanggan Traveloka. Yuk Kak pantengin terus Traveloka Lifestyle Super App karna kami selalu berikan promo-promo yg menarik loooh, jangan sampai ketinggalan ya :)",2023-03-13 15:30:08,3.73.0
Arlin 88,good,4,3.72.0,2023-03-13 14:53:12,"Hi, thank you very much for the positive review! Please feel free to contact us at https://www.traveloka.com/contactus we're more than happy to assist you and Stay tuned for more exciting offers on Traveloka Lifestyle Super App.",2023-03-13 15:00:12,3.72.0
Heri Yanti,mmng Traveloka mmng murah,4,3.73.0,2023-03-13 14:37:26,"Hai, Kak Yanti. Senang sekali menerima bintang 4 dari Kakak, terima kasih juga atas reviewnya, semoga ke depannya kami bisa dapat bintang 5 dari kamu ya Kak :) -RU",2023-03-13 15:04:48,3.73.0
Helmy Hellboy,mayan,5,3.73.0,2023-03-13 13:52:01,"Hai, Kak Helmy. Senang banget dapat bintang lima dari Kakak, terima kasih atas apresiasinya. Semoga selalu suka ya Kak sama Traveloka :) -RU",2023-03-13 14:01:41,3.73.0
satya stark,baik,4,3.73.0,2023-03-13 13:50:27,"Halo Kak, terima kasih banyak atas ratingnya, semoga Kakak tetap nyaman dan selau setia menjadi pelanggan Traveloka. Yuk Kak pantengin terus Traveloka Lifestyle Super App karna kami selalu berikan promo-promo yg menarik loooh, jangan sampai ketinggalan ya :)",2023-03-13 14:00:11,3.73.0
Purnama lampung,Ok,5,3.73.0,2023-03-13 13:22:36,"Hi, thank you very much for the positive review! Please feel free to contact us at https://www.traveloka.com/contactus we're more than happy to assist you and Stay tuned for more exciting offers on Traveloka Lifestyle Super App.",2023-03-13 13:30:12,3.73.0
Ferdi Maulana,Ok,5,,2023-03-13 13:15:57,"Hi, we are so grateful to get a lot of support from you. Hope you continue to enjoy our offers. If you have any feedback or suggestions, let us know on https://www.traveloka.com/contactus, our customer service would love to serve you in 24 hours. Thank you!",2023-03-13 13:30:15,
Aco Nur,AClGameStop,5,,2023-03-13 12:23:47,"Hi, thank you very much for the positive review! Please feel free to contact us at https://www.traveloka.com/contactus we're more than happy to assist you and Stay tuned for more exciting offers on Traveloka Lifestyle Super App.",2023-03-13 12:30:12,
Andi Wijaya,sangat membantu di waktu yg sulit. Thanks Traveloka,5,3.73.0,2023-03-13 12:14:13,"Hi Kak, senang banget nih dapat rating bagus dari Kakak, terima kasih juga atas feedbacknya! Kenyamanan Kakak adalah prioritas Kami, jika ada pertanyaan lainnya jangan sungkan ya untuk infokan pada kami di https://www.traveloka.com/contactus . Jangan sampai ketinggalan penawaran menarik lainnya di Traveloka Lifestye Super Apps.",2023-03-13 12:30:15,3.73.0
Yuni Yuni,cepet diproses,5,3.73.0,2023-03-13 11:57:00,"Halo Kak, terima kasih banyak atas ratingnya, semoga Kakak tetap nyaman dan selau setia menjadi pelanggan Traveloka. Yuk Kak pantengin terus Traveloka Lifestyle Super App karna kami selalu berikan promo-promo yg menarik loooh, jangan sampai ketinggalan ya :)",2023-03-13 12:00:11,3.73.0
Suhendra Khilal,mantaff respon cepat...,5,3.73.0,2023-03-13 11:49:35,"Hi Kak, senang banget nih dapat rating bagus dari Kakak, terima kasih juga atas feedbacknya! Kenyamanan Kakak adalah prioritas Kami, jika ada pertanyaan lainnya jangan sungkan ya untuk infokan pada kami di https://www.traveloka.com/contactus . Jangan sampai ketinggalan penawaran menarik lainnya di Traveloka Lifestye Super Apps.",2023-03-13 12:00:15,3.73.0
Adella Khalifah,Tbtb gabisa download masa,3,,2023-03-13 11:37:44,"Hai Kak Adella, maaf banget kendalanya. Pastikan koneksi internet kamu stabil dan memory di device yang digunakan mencukupi supaya app Traveloka bisa kamu download Kak. Terima kasih -DZ",2023-03-13 12:01:50,
Lukman Hakim,maaf sy tranfer 2 kali dgn nilai berbeda bgm caranya.....,4,3.72.0,2023-03-13 10:57:22,"Hai, Kak Lukman. Jika kamu melakukan pembayaran ganda, mohon hubungi kami melalui https://www.traveloka.com/contactus beserta Booking ID dan bukti transaksi agar masalahmu bisa diselesaikan secepat mungkin.

Kami akan berikan solusi terbaik agar kamu dapat merasa puas dan layanan kami layak mendapatkan rating yang lebih baik. Terima kasih 🙏 -RU",2023-03-13 11:04:08,3.72.0
rezado anandya,membantu aktifitas traveling,5,3.19.0,2023-03-13 10:36:39,"Halo Kak, terima kasih banyak atas ratingnya, semoga Kakak tetap nyaman dan selau setia menjadi pelanggan Traveloka. Yuk Kak pantengin terus Traveloka Lifestyle Super App karna kami selalu berikan promo-promo yg menarik loooh, jangan sampai ketinggalan ya :)",2023-03-13 11:00:26,3.19.0
Agus Darmuji,sangat² membantu dah lama guna Traveloka dan dpt htga yg berbalaoi,5,3.71.0,2023-03-13 10:25:54,Makasih ya Kak Agus sudah setia bersama Traveloka :)) -DZ,2023-03-13 10:31:49,3.71.0
md.sosro picture,perjalanan mudah dengan traveloka,5,3.73.0,2023-03-13 10:23:58,"Halo Kak, terima kasih banyak atas ratingnya, semoga Kakak tetap nyaman dan selau setia menjadi pelanggan Traveloka. Yuk Kak pantengin terus Traveloka Lifestyle Super App karna kami selalu berikan promo-promo yg menarik loooh, jangan sampai ketinggalan ya :)",2023-03-13 10:30:26,3.73.0
Nongko Brondong,mohon diperbanyak lagi discountnya,5,3.73.0,2023-03-13 09:54:34,"Halo Kak, terima kasih banyak atas ratingnya, semoga Kakak tetap nyaman dan selau setia menjadi pelanggan Traveloka. Yuk Kak pantengin terus Traveloka Lifestyle Super App karna kami selalu berikan promo-promo yg menarik loooh, jangan sampai ketinggalan ya :)",2023-03-13 10:00:53,3.73.0
Dede Cahyana,proses cepat,4,3.72.0,2023-03-13 09:46:54,"Hi Kak, senang banget nih dapat rating bagus dari Kakak, terima kasih juga atas feedbacknya! Kenyamanan Kakak adalah prioritas Kami, jika ada pertanyaan lainnya jangan sungkan ya untuk infokan pada kami di https://www.traveloka.com/contactus . Jangan sampai ketinggalan penawaran menarik lainnya di Traveloka Lifestye Super Apps.",2023-03-13 10:00:55,3.72.0
Syarif Hamid,cukup baik,4,3.73.0,2023-03-13 09:04:47,"Halo Kak, terima kasih banyak atas ratingnya, semoga Kakak tetap nyaman dan selau setia menjadi pelanggan Traveloka. Yuk Kak pantengin terus Traveloka Lifestyle Super App karna kami selalu berikan promo-promo yg menarik loooh, jangan sampai ketinggalan ya :)",2023-03-13 09:30:17,3.73.0
Chuchu chanel,terimakasih Traveloka sangat membantu bangettt di kala ada urusan mendadak slalu siap.. terimakasih..,5,3.39.0,2023-03-13 07:16:58,"Halo Kak, terima kasih banyak atas ratingnya, semoga Kakak tetap nyaman dan selau setia menjadi pelanggan Traveloka. Yuk Kak pantengin terus Traveloka Lifestyle Super App karna kami selalu berikan promo-promo yg menarik loooh, jangan sampai ketinggalan ya :)",2023-03-13 07:30:09,3.39.0
lux lux,"lumayan, tapi perlu ditingkatkan lg",3,3.73.0,2023-03-13 06:07:18,"Halo, Kak. Terima kasih atas feedback dan saran kamu, jangan sungkan untuk hubungi kami ya jika mempunyai pertanyaan. Kakak bisa hubungi kami melalui https://www.traveloka.com/id-id/contactus ya. Terima kasih. -PA",2023-03-13 06:32:46,3.73.0
Nuna Niza,Hati2 klo pakai traveloka pengajuan traveloka payletter malah data2 kita di sebar lgsg uninstal traveloka mending pakai yg lain jgn pakai traveloka,1,3.48.0,2023-03-13 05:50:07,"Hai, Nuna. Jika yang kamu maksud adalah kendala UANGKU, silakan hubungi Customer Service UANGKU lewat telepon 021-50100000 atau email cs@uangku.co.id dengan melampirkan bukti pembayaran agar tim UANGKU cek kendala kamu lebih lanjut. Terima kasih 🙏 -MA",2022-04-10 07:33:04,3.48.0
violis bangkit,"Terulang kembali sudah 2 kali,,,, agak mengecewakan",1,3.69.0,2023-03-13 05:43:18,"Hai, Kak Violis. Mohon maaf atas ketidaknyamanan yang kamu alami. Untuk membantu kami memahami kendala kamu, mohon bantuannya untuk menyampaikan detail kendala kamu melalui https://www.traveloka.com/id-id/contactus ya. Terima kasih. -PA",2023-03-13 06:06:22,3.69.0
Erpan Pranata,good,5,3.72.0,2023-03-13 05:37:04,"Hi, thank you very much for the positive review! Please feel free to contact us at https://www.traveloka.com/contactus we're more than happy to assist you and Stay tuned for more exciting offers on Traveloka Lifestyle Super App.",2023-03-13 06:00:12,3.72.0
riris sinaga,mudah & cepat,5,3.73.0,2023-03-13 05:28:30,"Halo Kak, terima kasih banyak atas ratingnya, semoga Kakak tetap nyaman dan selau setia menjadi pelanggan Traveloka. Yuk Kak pantengin terus Traveloka Lifestyle Super App karna kami selalu berikan promo-promo yg menarik loooh, jangan sampai ketinggalan ya :)",2023-03-13 05:30:20,3.73.0
Muh. Sultan Adiyatma serkan,bagus CPT n bxk promo,5,3.73.0,2023-03-13 04:21:18,"Halo Kak, terima kasih banyak atas ratingnya, semoga Kakak tetap nyaman dan selau setia menjadi pelanggan Traveloka. Yuk Kak pantengin terus Traveloka Lifestyle Super App karna kami selalu berikan promo-promo yg menarik loooh, jangan sampai ketinggalan ya :)",2023-03-13 04:30:10,3.73.0
Anita Kusumawati,bagus,5,3.73.0,2023-03-13 04:12:41,"Hi Kak, senang banget nih dapat rating bagus dari Kakak, terima kasih juga atas feedbacknya! Kenyamanan Kakak adalah prioritas Kami, jika ada pertanyaan lainnya jangan sungkan ya untuk infokan pada kami di https://www.traveloka.com/contactus . Jangan sampai ketinggalan penawaran menarik lainnya di Traveloka Lifestye Super Apps.",2023-03-13 04:30:14,3.73.0
roy sudirman,ok,5,3.73.0,2023-03-13 04:09:13,Thank you for leaving a good comment to us. Let us know if you have any suggestion for improvement through https://www.traveloka.com/contactus . Stay around for more interesting offers from Traveloka Lifestyle Super App!,2023-03-13 04:30:15,3.73.0
Rahmat Hidayat,keren,5,3.73.0,2023-03-13 03:50:35,"Halo Kak, terima kasih banyak atas ratingnya, semoga Kakak tetap nyaman dan selau setia menjadi pelanggan Traveloka. Yuk Kak pantengin terus Traveloka Lifestyle Super App karna kami selalu berikan promo-promo yg menarik loooh, jangan sampai ketinggalan ya :)",2023-03-13 04:00:14,3.73.0
putrymbarep14 CHANEL,sangat puas,5,3.73.0,2023-03-13 03:02:28,"Halo Kak, terima kasih banyak atas ratingnya, semoga Kakak tetap nyaman dan selau setia menjadi pelanggan Traveloka. Yuk Kak pantengin terus Traveloka Lifestyle Super App karna kami selalu berikan promo-promo yg menarik loooh, jangan sampai ketinggalan ya :)",2023-03-13 03:30:18,3.73.0
Rince Switta,Sejak layar birthday 11 thn ini aplikasinya error gk bisa kebuka lgi,2,3.73.0,2023-03-13 03:00:16,"Hai Rince, maaf sudah buat kamu ga nyaman. Kami infokan selain upgrade aplikasi Traveloka kamu ke versi terbaru, pastikan jaringan internet kamu stabil dan perangkat memiliki ruang penyimpanan yang cukup. Jika ada pertanyaan atau kendala yang bisa kami bantu, silakan hubungi kami melalui https://www.traveloka.com/contactus ya. Terima kasih. -NA",2023-03-13 03:34:33,3.73.0
Ibnu Tsaif,Mantab,5,3.73.0,2023-03-13 02:44:19,"Halo Kak, terima kasih banyak atas ratingnya, semoga Kakak tetap nyaman dan selau setia menjadi pelanggan Traveloka. Yuk Kak pantengin terus Traveloka Lifestyle Super App karna kami selalu berikan promo-promo yg menarik loooh, jangan sampai ketinggalan ya :)",2023-03-13 03:00:20,3.73.0
Sinar Matahari,sangat baik,5,,2023-03-13 02:21:48,"Halo Kak, terima kasih banyak atas ratingnya, semoga Kakak tetap nyaman dan selau setia menjadi pelanggan Traveloka. Yuk Kak pantengin terus Traveloka Lifestyle Super App karna kami selalu berikan promo-promo yg menarik loooh, jangan sampai ketinggalan ya :)",2023-03-13 02:30:15,
WiDi ARieS,good,5,3.73.0,2023-03-13 02:14:54,Thank you for leaving a good comment to us. Let us know if you have any suggestion for improvement through https://www.traveloka.com/contactus . Stay around for more interesting offers from Traveloka Lifestyle Super App!,2023-03-13 02:30:19,3.73.0
Noer Fitriya,ok,5,3.73.0,2023-03-13 02:13:03,"Hi, thank you very much for the positive review! Please feel free to contact us at https://www.traveloka.com/contactus we're more than happy to assist you and Stay tuned for more exciting offers on Traveloka Lifestyle Super App.",2023-03-13 02:30:22,3.73.0
Sinyo Edan scooter,Berapa lama proses refund pengembalian dana,5,3.73.0,2023-03-13 02:11:00,"Hai Sinyo. Maaf buat gak nyaman. Proses pengembalian dana pada dasarnya bergantung dari pihak maskapai atau supplier. Kamu bisa cek proses refund yang sedang berjalan di aplikasi Traveloka bagian Refund Saya. Jika ada pertanyaan lebih lanjut, mohon hubungi kami di link https://www.traveloka.com/id-id/contactus. Terima kasih. -RM",2023-03-13 02:34:07,3.73.0
Andika Bhayangkara,Melayani yang terbaik,5,3.73.0,2023-03-13 02:02:50,"Hi Kak, senang banget nih dapat rating bagus dari Kakak, terima kasih juga atas feedbacknya! Kenyamanan Kakak adalah prioritas Kami, jika ada pertanyaan lainnya jangan sungkan ya untuk infokan pada kami di https://www.traveloka.com/contactus . Jangan sampai ketinggalan penawaran menarik lainnya di Traveloka Lifestye Super Apps.",2023-03-13 02:30:26,3.73.0
Jainal Arifin,"cepat,tepat,dan aman.😇👍",5,3.73.0,2023-03-13 01:50:44,"Halo Kak, terima kasih banyak atas ratingnya, semoga Kakak tetap nyaman dan selau setia menjadi pelanggan Traveloka. Yuk Kak pantengin terus Traveloka Lifestyle Super App karna kami selalu berikan promo-promo yg menarik loooh, jangan sampai ketinggalan ya :)",2023-03-13 02:00:13,3.73.0
Thio Alfathir,ok tks,5,3.73.0,2023-03-13 01:48:58,"Hi, we are so grateful to get a lot of support from you. Hope you continue to enjoy our offers. If you have any feedback or suggestions, let us know on https://www.traveloka.com/contactus, our customer service would love to serve you in 24 hours. Thank you!",2023-03-13 02:00:16,3.73.0
Muhammad Jainudin,bagus proses cepat,5,3.73.0,2023-03-13 01:48:29,"Hi Kak, terima kasih atas feedbacknya, semoga Kakak tetap setia dengan Traveloka. Jika ada pertanyaan lain bisa langsung infokan pada kami di https://www.traveloka.com/contactus ya, Kak. Pantau terus Traveloka Lifestyle Super App untuk penawaran spesial lainnya!",2023-03-13 02:00:19,3.73.0
Yono Chandra,nice,5,3.72.0,2023-03-13 01:08:39,"Hi, thank you very much for the positive review! Please feel free to contact us at https://www.traveloka.com/contactus we're more than happy to assist you and Stay tuned for more exciting offers on Traveloka Lifestyle Super App.",2023-03-13 01:30:12,3.72.0
HANDRI MOMING,"semakin efesien utk transaksi,dab hrg semakin bersaing,ngapain hrs cari yg lain",5,3.73.0,2023-03-13 00:26:59,"Halo Kak, terima kasih banyak atas ratingnya, semoga Kakak tetap nyaman dan selau setia menjadi pelanggan Traveloka. Yuk Kak pantengin terus Traveloka Lifestyle Super App karna kami selalu berikan promo-promo yg menarik loooh, jangan sampai ketinggalan ya :)",2023-03-13 00:30:10,3.73.0
AHMAD BARKAH,lebih mudah proses nya,5,3.72.0,2023-03-12 23:44:18,"Halo Kak, terima kasih banyak atas ratingnya, semoga Kakak tetap nyaman dan selau setia menjadi pelanggan Traveloka. Yuk Kak pantengin terus Traveloka Lifestyle Super App karna kami selalu berikan promo-promo yg menarik loooh, jangan sampai ketinggalan ya :)",2023-03-13 00:00:17,3.72.0
Abd Rahman Surya,the best,5,3.73.0,2023-03-12 23:38:48,"Hi, we are so grateful to get a lot of support from you. Hope you continue to enjoy our offers. If you have any feedback or suggestions, let us know on https://www.traveloka.com/contactus, our customer service would love to serve you in 24 hours. Thank you!",2023-03-13 00:00:19,3.73.0
Daniel Gunawan,Aplikasi mantap,5,3.73.0,2023-03-12 23:31:03,"Hi Kak, senang banget nih dapat rating bagus dari Kakak, terima kasih juga atas feedbacknya! Kenyamanan Kakak adalah prioritas Kami, jika ada pertanyaan lainnya jangan sungkan ya untuk infokan pada kami di https://www.traveloka.com/contactus . Jangan sampai ketinggalan penawaran menarik lainnya di Traveloka Lifestye Super Apps.",2023-03-12 23:30:11,3.73.0
firdaus go,sangat membantu pemesanan hotel,5,3.72.0,2023-03-12 23:19:51,"Halo Kak, terima kasih banyak atas ratingnya, semoga Kakak tetap nyaman dan selau setia menjadi pelanggan Traveloka. Yuk Kak pantengin terus Traveloka Lifestyle Super App karna kami selalu berikan promo-promo yg menarik loooh, jangan sampai ketinggalan ya :)",2023-03-12 23:30:09,3.72.0
Hendri Gunawan,baik,5,3.73.0,2023-03-12 21:41:41,"Halo Kak, terima kasih banyak atas ratingnya, semoga Kakak tetap nyaman dan selau setia menjadi pelanggan Traveloka. Yuk Kak pantengin terus Traveloka Lifestyle Super App karna kami selalu berikan promo-promo yg menarik loooh, jangan sampai ketinggalan ya :)",2023-03-12 22:00:15,3.73.0
Mamluatul Lailiyah9,"Traveloka jelek bgt apps nya. Susah buat peswn apa apa. Walaupun lebih murah, tpi kalo useless buat apa",1,3.73.0,2023-03-12 20:50:07,"Hai, Kak Mamluatul. Mohon maaf atas kendala yang kamu alami. Agar kami bisa bantu cek lebih lanjut, silakan menghubungi kami melalui https://www.traveloka.com/id-id/contactus. Makasih 🙏 -RZ",2023-03-12 21:06:19,3.73.0
isnayni Prikhatin,puas dan sangat membantu membeli tiket dn boking hotel,5,3.72.0,2023-03-12 20:40:55,"Halo Kak, terima kasih banyak atas ratingnya, semoga Kakak tetap nyaman dan selau setia menjadi pelanggan Traveloka. Yuk Kak pantengin terus Traveloka Lifestyle Super App karna kami selalu berikan promo-promo yg menarik loooh, jangan sampai ketinggalan ya :)",2023-03-12 21:00:14,3.72.0
Sugi Arto,ok,5,3.72.0,2023-03-12 20:28:23,"Hi, thank you very much for the positive review! Please feel free to contact us at https://www.traveloka.com/contactus we're more than happy to assist you and Stay tuned for more exciting offers on Traveloka Lifestyle Super App.",2023-03-12 20:30:10,3.72.0
Ipung Dunkde,good service,5,3.73.0,2023-03-12 19:08:47,"Hi, thank you very much for the positive review! Please feel free to contact us at https://www.traveloka.com/contactus we're more than happy to assist you and Stay tuned for more exciting offers on Traveloka Lifestyle Super App.",2023-03-12 19:30:08,3.73.0
Fikhifazilllah P.,Ini aplikasi paling bagus dripada apk yang lain untuk pesen tiket kereta api .. Walaupun untuk tiket mudik sering trouble.. tapi selalu dapat di traveloka... Thank you traveloka..,5,3.73.0,2023-03-12 19:04:15,"Hi Kak, senang banget nih dapat rating bagus dari Kakak, terima kasih juga atas feedbacknya! Kenyamanan Kakak adalah prioritas Kami, jika ada pertanyaan lainnya jangan sungkan ya untuk infokan pada kami di https://www.traveloka.com/contactus . Jangan sampai ketinggalan penawaran menarik lainnya di Traveloka Lifestye Super Apps.",2023-03-12 19:30:11,3.73.0
rizki sagita,"Sangat membantu kami selama bepergian, Terimakasih",5,,2023-03-12 17:42:13,"Hi Kak, senang banget nih dapat rating bagus dari Kakak, terima kasih juga atas feedbacknya! Kenyamanan Kakak adalah prioritas Kami, jika ada pertanyaan lainnya jangan sungkan ya untuk infokan pada kami di https://www.traveloka.com/contactus . Jangan sampai ketinggalan penawaran menarik lainnya di Traveloka Lifestye Super Apps.",2023-03-12 18:00:26,
Fadly Setiawan,Mau pesan tiket balik yg tgl 27 pake acara server sibuk. Lain kali developer nya diperbaiki jaman udh canggih masih aja gk sanggup serverny!!,1,3.73.0,2023-03-12 17:24:19,"Hai Fadly, mohon maaf atas kendala yang kamu alami. Untuk pengecekan lebih lanjut kendala kamu, mohon menghubungi kami melalui link https://www.traveloka.com/id-id/contactus dengan menginformasikan screenshot kendala kamu. Terima kasih. -AH",2023-03-12 17:31:54,3.73.0
diki bilal,oke,5,3.73.0,2023-03-12 16:30:17,"Hai, Kak Diki. Terima kasih banyak atas ratingnya, semoga kamu tetap nyaman dan selalu setia menjadi pelanggan Traveloka 😊 -RZ",2023-03-12 17:06:25,3.73.0
smkpentra212 punggur,Keren,5,3.73.0,2023-03-12 16:15:26,"Halo Kak, terima kasih banyak atas ratingnya, semoga Kakak tetap nyaman dan selau setia menjadi pelanggan Traveloka. Yuk Kak pantengin terus Traveloka Lifestyle Super App karna kami selalu berikan promo-promo yg menarik loooh, jangan sampai ketinggalan ya :)",2023-03-12 16:30:08,3.73.0
Did1kuswandi08,bgaus,5,3.73.0,2023-03-12 15:35:26,"Hi, thank you very much for the positive review! Please feel free to contact us at https://www.traveloka.com/contactus we're more than happy to assist you and Stay tuned for more exciting offers on Traveloka Lifestyle Super App.",2023-03-12 16:00:34,3.73.0
Surya Pratama,Not bad,1,3.28.0,2023-03-12 15:17:12,"Hai Surya. Terima kasih atas feedbacknya. Jika ada pertanyaan lain bisa langsung infokan pada kami di https://www.traveloka.com/contactus ya, Kak. Pantau terus Traveloka Lifestyle Super App untuk penawaran spesial lainnya! -CA",2023-03-12 15:34:24,3.28.0
Usee lilik suhaimi,ok,5,3.73.0,2023-03-12 14:39:52,"Hi, we are so grateful to get a lot of support from you. Hope you continue to enjoy our offers. If you have any feedback or suggestions, let us know on https://www.traveloka.com/contactus, our customer service would love to serve you in 24 hours. Thank you!",2023-03-12 15:00:21,3.73.0
Bella Rizki,mantap,5,3.73.0,2023-03-12 14:21:55,"Hai Bella, senangnya mendapat bintang lima dari kamu, terima kasih atas apresiasinya, semoga kaka tetap nyaman dan selau setia menjadi pelanggan Traveloka, yuk ka pantengin terus traveloka karna kami selalu berikan promo promo yg menarik loooh, jangan sampai ketinggalan ya. -DA",2023-03-12 14:31:33,3.73.0
Endang Rahayu,jos,5,3.71.0,2023-03-12 13:14:29,"Hai Endang. Terima kasih banyak atas ratingnya, semoga kamu tetap nyaman dan selalu setia menjadi pelanggan Traveloka. Yuk Kak pantengin terus Traveloka Lifestyle Super App karna kami selalu berikan promo-promo yang menarik. Jangan sampai ketinggalan ya. :) -NT",2023-03-12 13:31:32,3.71.0
rosward zulfikar,Lelet aplikasi nya... Kebanyakan update,2,3.73.0,2023-03-12 13:10:13,"Hai, Rosward. Mohon maaf atas kendalanya. Pastikan jaringan internet kamu stabil dan kapasitas memori di perangkat kamu cukup. Jika ada kendala lainnya, jangan ragu untuk sampaikan melalui https://www.traveloka.com/contactus agar kami dapat bantu cek lebih lanjut. Terima kasih. -VK",2023-03-12 13:32:51,3.73.0
Febrya GN,"Sayang,number virtual aq d non aktifkan.pdhl g ada telat byr nya,gara aq belanja d shoope sering cancel akhirnya d non aktifkan.plzzz aktifkan lagi number virtual nya lg",4,3.73.0,2023-03-12 13:03:11,"Hai Kak Febrya, maaf banget buat kamu gak nyaman ya Kak perihal PayLater kamu, untuk dapat kami bantu tindaklanjuti kendala pada PayLater tersebut. mohon informasikan alamat email dan nomor telepon PayLater Traveloka kamu melalui akun Instagram PayLater Traveloka https://www.instagram.com/travelokapaylater/ ya. Makasih. -AK
",2023-03-12 13:33:16,3.73.0
novianto mh,nyaman bertransaksi,5,3.73.0,2023-03-12 12:42:15,"Halo Kak, terima kasih banyak atas ratingnya, semoga Kakak tetap nyaman dan selau setia menjadi pelanggan Traveloka. Yuk Kak pantengin terus Traveloka Lifestyle Super App karna kami selalu berikan promo-promo yg menarik loooh, jangan sampai ketinggalan ya :)",2023-03-12 13:00:27,3.73.0
Bali Treasure,"Klo vaksin 2 gak boleh naik kereta kenapa disini masih boleh beli tiket coek,,, merugikan orang saja,,, pengembalian masih dipotong 25% dan masih nunggu 30hari,,, otak dimana lu,,, bakalan bangkrut kamu makan uang haram,,,",1,,2023-03-12 12:24:49,Hai Kak. Mohon maaf atas ketidaknyamanannya. Mohon untuk sampaikan keluhan kamu secara detail melalui https://www.traveloka.com/id-id/contactus. Supaya kami dapat membantu permasalahan kamu. Terima kasih. -DA,2023-03-12 12:31:22,
Sultan Dali,bagus,4,3.73.0,2023-03-12 11:52:35,"Halo Kak, terima kasih banyak atas ratingnya, semoga Kakak tetap nyaman dan selau setia menjadi pelanggan Traveloka. Yuk Kak pantengin terus Traveloka Lifestyle Super App karna kami selalu berikan promo-promo yg menarik loooh, jangan sampai ketinggalan ya :)",2023-03-12 12:00:24,3.73.0
Budi Yulianto,sangat membantu,5,3.73.0,2023-03-12 10:30:01,"Hi Kak, senang banget nih dapat rating bagus dari Kakak, terima kasih juga atas feedbacknya! Kenyamanan Kakak adalah prioritas Kami, jika ada pertanyaan lainnya jangan sungkan ya untuk infokan pada kami di https://www.traveloka.com/contactus . Jangan sampai ketinggalan penawaran menarik lainnya di Traveloka Lifestye Super Apps.",2023-03-12 11:00:22,3.73.0
Santoso Budi,good job👍👍👍👍👍,5,3.73.0,2023-03-12 10:26:06,"Hi, thank you very much for the positive review! Please feel free to contact us at https://www.traveloka.com/contactus we're more than happy to assist you and Stay tuned for more exciting offers on Traveloka Lifestyle Super App.",2023-03-12 10:30:11,3.73.0
Anwar Prabowo,mntap,4,3.72.0,2023-03-12 10:08:53,"Hi Kak, senang banget nih dapat rating bagus dari Kakak, terima kasih juga atas feedbacknya! Kenyamanan Kakak adalah prioritas Kami, jika ada pertanyaan lainnya jangan sungkan ya untuk infokan pada kami di https://www.traveloka.com/contactus . Jangan sampai ketinggalan penawaran menarik lainnya di Traveloka Lifestye Super Apps.",2023-03-12 10:30:13,3.72.0
Muhammad Rhosidin,mantap,5,3.73.0,2023-03-12 10:07:11,"Hai Roshidin. Terima kasih banyak atas ratingnya, semoga kamu tetap nyaman dan selalu setia menjadi pelanggan Traveloka. Yuk Kak pantengin terus Traveloka Lifestyle Super App karna kami selalu berikan promo-promo yang menarik. Jangan sampai ketinggalan ya. :) -NT",2023-03-12 10:31:48,3.73.0
PIKI ZET JULIANDA,mantap,5,3.73.0,2023-03-12 09:48:30,"Hai Julianda. Terima kasih banyak atas ratingnya, semoga kamu tetap nyaman dan selalu setia menjadi pelanggan Traveloka. Yuk Kak pantengin terus Traveloka Lifestyle Super App karna kami selalu berikan promo-promo yang menarik. Jangan sampai ketinggalan ya. :) -NT",2023-03-12 10:01:52,3.73.0
ika nurullailiyah,ok,5,,2023-03-12 09:46:25,"Hi, thank you very much for the positive review! Please feel free to contact us at https://www.traveloka.com/contactus we're more than happy to assist you and Stay tuned for more exciting offers on Traveloka Lifestyle Super App.",2023-03-12 10:00:14,
Ode Basir,Paaling bagus,5,,2023-03-12 08:57:46,"Halo Kak, terima kasih banyak atas ratingnya, semoga Kakak tetap nyaman dan selau setia menjadi pelanggan Traveloka. Yuk Kak pantengin terus Traveloka Lifestyle Super App karna kami selalu berikan promo-promo yg menarik loooh, jangan sampai ketinggalan ya :)",2023-03-12 09:00:11,
Andibabulrahmat Hidayat,bagus,5,3.61.0,2023-03-12 08:18:42,"Halo Kak, terima kasih banyak atas ratingnya, semoga Kakak tetap nyaman dan selau setia menjadi pelanggan Traveloka. Yuk Kak pantengin terus Traveloka Lifestyle Super App karna kami selalu berikan promo-promo yg menarik loooh, jangan sampai ketinggalan ya :)",2023-03-12 08:30:08,3.61.0
Subarman Kaffa,baik,5,3.69.0,2023-03-12 08:02:47,"Hi Kak, senang banget nih dapat rating bagus dari Kakak, terima kasih juga atas feedbacknya! Kenyamanan Kakak adalah prioritas Kami, jika ada pertanyaan lainnya jangan sungkan ya untuk infokan pada kami di https://www.traveloka.com/contactus . Jangan sampai ketinggalan penawaran menarik lainnya di Traveloka Lifestye Super Apps.",2023-03-12 08:30:10,3.69.0
sugeng dyan,terimakasih sangat membantu,5,3.73.0,2023-03-12 07:48:09,"Halo Kak, terima kasih banyak atas ratingnya, semoga Kakak tetap nyaman dan selau setia menjadi pelanggan Traveloka. Yuk Kak pantengin terus Traveloka Lifestyle Super App karna kami selalu berikan promo-promo yg menarik loooh, jangan sampai ketinggalan ya :)",2023-03-12 08:00:09,3.73.0
Bangjuhri Official,Parah sih ini Tiket Cepat banget Naiknya di treveloka kayak ada permainan harga,1,3.73.0,2023-03-12 07:44:54,Hai Kak. Mohon maaf atas ketidaknyamanannya. Pada dasaranya terkait dengan kebijakan harga merupakan otoritas penuh dari pihak penyedia layanan ya Kak atau kamu juga bisa menghubungi kami dan menyampaikan kendala kamu secara detail melalui https://www.traveloka.com/id-id/contactus. Supaya kami dapat membantu permasalahan kamu. Terima kasih. -DA,2023-03-12 08:04:40,3.73.0
Dairy Dairy100,jos,5,3.37.0,2023-03-12 07:15:27,"Terima kasih ya kak untuk penilaian kamu, jangan lupa selalu pesan menggunakan aplikasi Traveloka untuk menjadi teman liburan kamu dan jangan ragu menghubungi kami melalui alamat email kami di cs@traveloka.com jika mendapati kendala terkait pemesanan kamu ya kak. Terima kasih -AK",2023-03-12 07:32:42,3.37.0
Yudi Sukoharjo,"good job,, Trust&safe",4,3.73.0,2023-03-12 06:47:31,"Hi, thank you very much for the positive review! Please feel free to contact us at https://www.traveloka.com/contactus we're more than happy to assist you and Stay tuned for more exciting offers on Traveloka Lifestyle Super App.",2023-03-12 07:00:24,3.73.0
Rasandmiss Sinaga,sangat membantu,5,3.72.0,2023-03-12 06:27:45,"Halo Kak, terima kasih banyak atas ratingnya, semoga Kakak tetap nyaman dan selau setia menjadi pelanggan Traveloka. Yuk Kak pantengin terus Traveloka Lifestyle Super App karna kami selalu berikan promo-promo yg menarik loooh, jangan sampai ketinggalan ya :)",2023-03-12 06:30:12,3.72.0
Data Unlimited,"Hai traveloka ini hanya untuk traveling intinya betul? Bukan untuk sprti kami para pegawai yg dadakan beoi tiket dadakan kerjaan keluar kota, gmna mau di tentuin jadwal nya harusnya tau dadakan donk, pakek acara poin turun hadeh pdhal dari pakek traveloka bayar telat sehari pum tidak pernah bayar paylater nya jangan kan telat sehari kurang seminggu aja udah pasti saya bayar",1,,2023-03-12 05:21:50,"Hai, Kak. Kami meminta maaf atas kendala yang kamu alami. Kamu dapat menghubungi kami melalui https://www.traveloka.com/id-id/contactus agar masalahmu bisa diselesaikan secepat mungkin.
Kami akan berikan solusi terbaik agar kamu dapat merasa puas dan layanan kami layak mendapatkan rating yang lebih baik. Terima kasih. -OE",2023-03-12 05:35:37,
naufaldy Akbar,Tidak akurat,1,,2023-03-12 05:02:32,"Hai, Kak Naufaldy. Mohon maaf atas ketidaknyamanan yang kamu alami. Untuk membantu kami memahami kendala kamu, mohon bantuannya untuk menyampaikan detail kendala kamu melalui https://www.traveloka.com/id-id/contactus ya. Terima kasih. -PA",2023-03-12 05:35:37,
Doni Hamza,Semoga terus berkembang lagi aplikasinya,4,,2023-03-12 04:50:47,"Halo Kak, terima kasih banyak atas ratingnya, semoga Kakak tetap nyaman dan selau setia menjadi pelanggan Traveloka. Yuk Kak pantengin terus Traveloka Lifestyle Super App karna kami selalu berikan promo-promo yg menarik loooh, jangan sampai ketinggalan ya :)",2023-03-12 05:00:19,
Ajo aceh,puas,5,3.72.0,2023-03-12 04:32:52,"Hai, Ajo. Terima kasih banyak atas ratingnya. Semoga kamu tetap nyaman dan selalu setia menjadi pelanggan Traveloka. Yuk pantengin terus Traveloka Lifestyle Super App, karena kami selalu berikan promo-promo yang menarik. Jangan sampai ketinggalan ya :) -WR",2023-03-12 05:04:05,3.72.0
Titis Nugroho,cepat tepat,5,3.73.0,2023-03-12 04:13:32,"Halo Kak, terima kasih banyak atas ratingnya, semoga Kakak tetap nyaman dan selau setia menjadi pelanggan Traveloka. Yuk Kak pantengin terus Traveloka Lifestyle Super App karna kami selalu berikan promo-promo yg menarik loooh, jangan sampai ketinggalan ya :)",2023-03-12 04:30:11,3.73.0
Wir joyo,mantap,5,3.72.0,2023-03-12 04:05:31,Hai Wir Joyo. Makasih buat rating yang kamu berikan! Mimin tunggu pesanan kamu selanjutnya di Traveloka :) -RM,2023-03-12 04:31:39,3.72.0
Keke Nur afriliani,baik,5,3.73.0,2023-03-12 04:02:26,"Hi Kak, senang banget nih dapat rating bagus dari Kakak, terima kasih juga atas feedbacknya! Kenyamanan Kakak adalah prioritas Kami, jika ada pertanyaan lainnya jangan sungkan ya untuk infokan pada kami di https://www.traveloka.com/contactus . Jangan sampai ketinggalan penawaran menarik lainnya di Traveloka Lifestye Super Apps.",2023-03-12 04:30:15,3.73.0
Alicia Joecelin,"hati hati ANGKASA TRAVEL TUKANG TIPU DI SINI, BELI TIKET GAK DI PROSES, MINTA UANG TAMBAHAN TERUS, DAN HILANG GITU AJA",1,,2023-03-12 02:33:03,"Hai, Alicia. Mohon maaf, Traveloka tidak bekerjasama dengan pihak Angkasa Travel ataupun pihak ketiga lainnya ya. Supaya tidak terjadi penipuan, mohon untuk lakukan transaksi langsung di aplikasi atau website resmi Traveloka. Terima kasih. -AM",2023-03-12 03:02:26,
M Hasdi Sulawesi trans logistik,Alhamdulillah,5,3.72.0,2023-03-12 02:08:16,"Makasih atas review kamu Hasdi. Jika butuh bantuan, kamu bisa menghubungi kami melalui https://www.traveloka.com/id-id/contactus :) -MZ",2023-03-12 02:33:50,3.72.0
AGUNG GUNAWAN,Sangat memuaskan,5,3.73.0,2023-03-12 01:58:49,"Halo Kak, terima kasih banyak atas ratingnya, semoga Kakak tetap nyaman dan selau setia menjadi pelanggan Traveloka. Yuk Kak pantengin terus Traveloka Lifestyle Super App karna kami selalu berikan promo-promo yg menarik loooh, jangan sampai ketinggalan ya :)",2023-03-12 02:00:27,3.73.0
Kristina Yuli,bagus,5,,2023-03-12 01:35:21,"Hi Kak, senang banget nih dapat rating bagus dari Kakak, terima kasih juga atas feedbacknya! Kenyamanan Kakak adalah prioritas Kami, jika ada pertanyaan lainnya jangan sungkan ya untuk infokan pada kami di https://www.traveloka.com/contactus . Jangan sampai ketinggalan penawaran menarik lainnya di Traveloka Lifestye Super Apps.",2023-03-12 02:00:29,
Yuni Yuni,yg dadakan bs lsg gercep,5,3.72.0,2023-03-12 00:41:46,"Halo Kak, terima kasih banyak atas ratingnya, semoga Kakak tetap nyaman dan selau setia menjadi pelanggan Traveloka. Yuk Kak pantengin terus Traveloka Lifestyle Super App karna kami selalu berikan promo-promo yg menarik loooh, jangan sampai ketinggalan ya :)",2023-03-12 01:00:13,3.72.0
Alunk Zazg,mantap smoga kedepannya lebih maju lagi,5,3.72.0,2023-03-12 00:38:38,"Hi Kak, senang banget nih dapat rating bagus dari Kakak, terima kasih juga atas feedbacknya! Kenyamanan Kakak adalah prioritas Kami, jika ada pertanyaan lainnya jangan sungkan ya untuk infokan pada kami di https://www.traveloka.com/contactus . Jangan sampai ketinggalan penawaran menarik lainnya di Traveloka Lifestye Super Apps.",2023-03-12 01:00:16,3.72.0
Moch Sholeh,bagus,5,3.69.0,2023-03-11 23:54:06,"Halo Kak, terima kasih banyak atas ratingnya, semoga Kakak tetap nyaman dan selau setia menjadi pelanggan Traveloka. Yuk Kak pantengin terus Traveloka Lifestyle Super App karna kami selalu berikan promo-promo yg menarik loooh, jangan sampai ketinggalan ya :)",2023-03-12 00:00:18,3.69.0
yanthi karangan,"cepat, akurat",5,3.73.0,2023-03-11 23:23:08,"Halo Kak, terima kasih banyak atas ratingnya, semoga Kakak tetap nyaman dan selau setia menjadi pelanggan Traveloka. Yuk Kak pantengin terus Traveloka Lifestyle Super App karna kami selalu berikan promo-promo yg menarik loooh, jangan sampai ketinggalan ya :)",2023-03-11 23:30:09,3.73.0
Dingkar ms_ 1,"Kecewa, lagi nonton youtube di hp, dan ada iklan traveloka, tapi anehnya tiba tiba kebuka traveloka mulu, kukira karna gak sengaja kepencet, atau kabel headahet gak sengaja nyentuh iklan, eh ternyata engga, auto kebuka aja travelokanya, NGEGANGGU BANGET",1,,2023-03-11 22:54:05,"Hai Kak. Mengenai hal tersebut, untuk membantu kami memahami kendala kamu, mohon bantuannya untuk menginformasikan detail kendala yang dimaksud melalui pesan pada aplikasi Traveloka atau melalui email ke cs@traveloka.com. Agar kami bantu lebih cek lebih lanjut. Terima kasih. -CA",2023-03-11 23:04:52,
abdul salam,Chekin online kenapa gak bisa sekarang...,3,3.73.0,2023-03-11 22:35:59,"Hai, Abdul. Mohon maaf atas ketidaknyamanannya. Apabila kamu tidak bisa melakukan check-in olnline melalui aplikasi Traveloka, mohon untuk melakukan check-in melalui website maskapai. Apabila masih terkendala juga, silakan melakukan check-in di bandara keberangkatan 90 menit sebelum waktu keberangkatan. Terima kasih. -IN",2023-03-11 23:02:39,3.73.0
Ahmad Samsuni Darsani,"Saya kecewa sekali limit paylatter saya dikurangin, yg awal nya 3,6jt skrg jdi 2,4jt aja. Padahal selalu bayar tepat waktu..",2,,2023-03-11 21:54:16,"Hai, Ahmad. Mohon maaf atas ketidaknyamanannya. Penurunan limit PayLater sepenuhnya dari tim analis PayLater Traveloka. Ada beberapa hal yang menyebabkan turunya limit PayLater, salah satunya karena penggunaan limit yang besar dalam 1 hari transaksi. Maka dari itu, mohon untuk menggunakan limit PayLater dengan bijak. Terima kasih. -IN",2023-03-11 22:03:09,
Gusti Abdul hadi,Knp tambah buruk ni travloka hbic di apdt . Padahal yg lain ok. Klo mau cari hotl kok lambat mutar malulu. Anih jadinya. Tolong prbaiki dulu nyman pakainya.,1,3.73.0,2023-03-11 17:01:56,"Halo Abdul, mohon maaf sekali ketidaknyamanan ini ya. Pastikan aplikasi Traveloka kamu sudah versi terbaru dan jaringan yang digunakan stabil dan baik. Kamu juga bisa sampaikan rincian kendalanya melalui tautan ini untuk pengecekan lebih lanjut ya https://www.traveloka.com/id-id/contactus. Terima kasih. -OR",2023-03-10 04:33:47,3.73.0
John sihombing,👍 nice aplikasi,5,3.73.0,2023-03-11 16:45:07,"Halo Kak, terima kasih banyak atas ratingnya, semoga Kakak tetap nyaman dan selau setia menjadi pelanggan Traveloka. Yuk Kak pantengin terus Traveloka Lifestyle Super App karna kami selalu berikan promo-promo yg menarik loooh, jangan sampai ketinggalan ya :)",2023-03-11 17:00:13,3.73.0
Amir Mahmud,harga sesuai,5,3.73.0,2023-03-11 16:22:48,"Hai Amir, yuhuuuy senangnya mendapat bintang lima dari kamu, Kenyamananmu adalah prioritas Kami. Apabila ada pertanyaan, silakan dapat mengirimkan email ke kami di cs@traveloka.com atau pesan inbox di aplikasi Traveloka ya. Terima kasih. -CA",2023-03-11 16:34:19,3.73.0
Markus Lim,Tq,5,,2023-03-11 15:09:34,Thank you for leaving a good comment to us. Let us know if you have any suggestion for improvement through https://www.traveloka.com/contactus . Stay around for more interesting offers from Traveloka Lifestyle Super App!,2023-03-11 15:30:15,
Fadli andika,Traveloka terbaik,5,3.73.0,2023-03-11 14:41:59,"Halo Kak, terima kasih banyak atas ratingnya, semoga Kakak tetap nyaman dan selau setia menjadi pelanggan Traveloka. Yuk Kak pantengin terus Traveloka Lifestyle Super App karna kami selalu berikan promo-promo yg menarik loooh, jangan sampai ketinggalan ya :)",2023-03-11 15:00:22,3.73.0
Ach Marliadi,mantap,5,3.73.0,2023-03-11 14:31:28,"Hai Marliadi, yuhuuuy senangnya mendapat bintang lima dari kamu, Kenyamananmu adalah prioritas Kami. Apabila ada pertanyaan, silakan dapat mengirimkan email ke kami di cs@traveloka.com atau pesan inbox di aplikasi Traveloka ya. Terima kasih. -CA",2023-03-11 15:00:53,3.73.0
Rezki enggia putra,"Keseringan update, tiap buka update mulu. Ntar kalau update lagi bakalan kasih bintang 1, mana updatenya juga gedek lgi",3,3.72.0,2023-03-11 14:30:06,"Hai, Rezki. Mohon maaf atas pengalaman yang kamu alami. Pada dasarnya update aplikasi dengan versi terbaru bertujuan memudahkan dan meningkatkan kualitas penggunaan ya. Jika kamu mengalami kendala, bisa menghubungi kami melalui https://www.traveloka.com/contactus. Terima kasih.-TK",2023-03-11 14:33:47,3.72.0
Teguh Haryadi,jos,4,3.73.0,2023-03-11 14:27:34,"Hai, Teguh. Terima kasih atas apresiasinya, semoga kedepannya kami bisa dapat bintang 5 dari kamu ya ka, yuk ka pantengin terus traveloka karna kami selalu berikan promo promo yg menarik loh, jangan sampai ketinggalan ya. -DA",2023-03-11 14:34:22,3.73.0
zarkoom 22,"Setelah update knapa daftar bus yang ada cm pahala kencana, bass sama kramat jati doang ya..? Padahal sebelum update banyak banget bus yang ada di daftar",4,3.73.0,2023-03-11 14:20:41,"Hai kak, mohon maaf atas kendala yang kamu alami. Sebelumnya mohon pastikan kembali filter yang kamu gunakan saat melakukan pemesanan. Jika kamu masih terkendala, mohon infokan screenshot kendala kamu melalui link https://www.traveloka.com/id-id/contactus. Terima kasih. -AH",2023-03-11 14:32:07,3.73.0
Ikmal Mala,bagus,5,3.72.0,2023-03-11 14:09:32,"Halo Kak, terima kasih banyak atas ratingnya, semoga Kakak tetap nyaman dan selau setia menjadi pelanggan Traveloka. Yuk Kak pantengin terus Traveloka Lifestyle Super App karna kami selalu berikan promo-promo yg menarik loooh, jangan sampai ketinggalan ya :)",2023-03-11 14:30:17,3.72.0
JUN DEVS,"fast, good and perfecto",5,3.73.0,2023-03-11 13:49:26,"Hi, thank you very much for the positive review! Please feel free to contact us at https://www.traveloka.com/contactus we're more than happy to assist you and Stay tuned for more exciting offers on Traveloka Lifestyle Super App.",2023-03-11 14:00:20,3.73.0
Akbar Husen,Gk bisa pesan tiket kapal laut,1,3.73.0,2023-03-11 13:41:54,"Hai Kak. Mohon maaf atas ketidaknyamanannya. Saat ini untuk pemesanan Kapal Laut masih belum tersedia Kak, kamu masih bisa menggunakan transportasi lain yang tersedia ya Kak. Terima kasih untuk feedback yang diberikan, kami akan menggunakannya untuk meningkatkan layanan kami di kemudian hari. -DA",2023-03-11 14:06:12,3.73.0
Ogis Meidy nurmega,baguss,5,3.73.0,2023-03-11 13:32:58,"Hi Kak, senang banget nih dapat rating bagus dari Kakak, terima kasih juga atas feedbacknya! Kenyamanan Kakak adalah prioritas Kami, jika ada pertanyaan lainnya jangan sungkan ya untuk infokan pada kami di https://www.traveloka.com/contactus . Jangan sampai ketinggalan penawaran menarik lainnya di Traveloka Lifestye Super Apps.",2023-03-11 14:00:24,3.73.0
Exfan Mafror,Lebih baik dan lebih mudah,5,3.72.0,2023-03-11 13:26:00,"Halo Kak, terima kasih banyak atas ratingnya, semoga Kakak tetap nyaman dan selau setia menjadi pelanggan Traveloka. Yuk Kak pantengin terus Traveloka Lifestyle Super App karna kami selalu berikan promo-promo yg menarik loooh, jangan sampai ketinggalan ya :)",2023-03-11 13:30:11,3.72.0
Kris Manto,good,5,3.72.0,2023-03-11 13:15:57,"Hi, we are so grateful to get a lot of support from you. Hope you continue to enjoy our offers. If you have any feedback or suggestions, let us know on https://www.traveloka.com/contactus, our customer service would love to serve you in 24 hours. Thank you!",2023-03-11 13:30:13,3.72.0
Milka Kurniasih,sangat membantu,5,3.72.0,2023-03-11 12:28:26,"Halo Kak, terima kasih banyak atas ratingnya, semoga Kakak tetap nyaman dan selau setia menjadi pelanggan Traveloka. Yuk Kak pantengin terus Traveloka Lifestyle Super App karna kami selalu berikan promo-promo yg menarik loooh, jangan sampai ketinggalan ya :)",2023-03-11 12:30:10,3.72.0
azhari mbd,ok,5,3.72.0,2023-03-11 12:25:08,"Hi, we are so grateful to get a lot of support from you. Hope you continue to enjoy our offers. If you have any feedback or suggestions, let us know on https://www.traveloka.com/contactus, our customer service would love to serve you in 24 hours. Thank you!",2023-03-11 12:30:12,3.72.0
Abar 20,Bnyk janji,1,,2023-03-11 12:12:28,"Hai, Abar. Mohon maaf ya sudah membuatmu kecewa. Untuk membantu memahami kendala kamu, mohon hubungi kami melalui tautan ini https://www.traveloka.com/contactus. Terima kasih. -SM",2023-03-11 12:33:32,
Er na,bismillahirrahmanirrahim smga lebih baik,4,3.73.0,2023-03-11 12:01:52,"Hai Erna, terima kasih atas feedbacknya, semoga kamu tetap setia dengan Traveloka. Jika ada pertanyaan bisa langsung infokan pada kami di https://www.traveloka.com/contactus ya Kak. Pantau terus Traveloka Lifestyle Super App untuk penawaran spesial lainnya! -AH",2023-03-11 12:32:28,3.73.0
reza suid54,sangat membantu apk ini,5,3.73.0,2023-03-11 11:44:28,"Halo Kak, terima kasih banyak atas ratingnya, semoga Kakak tetap nyaman dan selau setia menjadi pelanggan Traveloka. Yuk Kak pantengin terus Traveloka Lifestyle Super App karna kami selalu berikan promo-promo yg menarik loooh, jangan sampai ketinggalan ya :)",2023-03-11 12:00:12,3.73.0
BARUGA KENDARI,ok,5,3.72.0,2023-03-11 11:10:32,"Hi, thank you very much for the positive review! Please feel free to contact us at https://www.traveloka.com/contactus we're more than happy to assist you and Stay tuned for more exciting offers on Traveloka Lifestyle Super App.",2023-03-11 11:30:09,3.72.0
Arman Zega,Respon cepat,5,3.73.0,2023-03-11 11:00:33,"Hi Kak, senang banget nih dapat rating bagus dari Kakak, terima kasih juga atas feedbacknya! Kenyamanan Kakak adalah prioritas Kami, jika ada pertanyaan lainnya jangan sungkan ya untuk infokan pada kami di https://www.traveloka.com/contactus . Jangan sampai ketinggalan penawaran menarik lainnya di Traveloka Lifestye Super Apps.",2023-03-11 11:30:11,3.73.0
Putri Anggraeni P,praktis,5,3.73.0,2023-03-11 10:32:42,"Halo Kak, terima kasih banyak atas ratingnya, semoga Kakak tetap nyaman dan selau setia menjadi pelanggan Traveloka. Yuk Kak pantengin terus Traveloka Lifestyle Super App karna kami selalu berikan promo-promo yg menarik loooh, jangan sampai ketinggalan ya :)",2023-03-11 11:00:12,3.73.0
Kenzoo pantura09,ok,5,3.68.0,2023-03-11 10:00:59,"Hi, thank you very much for the positive review! Please feel free to contact us at https://www.traveloka.com/contactus we're more than happy to assist you and Stay tuned for more exciting offers on Traveloka Lifestyle Super App.",2023-03-11 10:30:08,3.68.0
Bahtiar Makassar,sangat membantu,5,3.32.0,2023-03-11 09:38:50,"Halo Kak, terima kasih banyak atas ratingnya, semoga Kakak tetap nyaman dan selau setia menjadi pelanggan Traveloka. Yuk Kak pantengin terus Traveloka Lifestyle Super App karna kami selalu berikan promo-promo yg menarik loooh, jangan sampai ketinggalan ya :)",2023-03-11 10:00:13,3.32.0
Danu heri Purnomo,bagus,1,3.73.0,2023-03-11 09:21:39,"Hai, Danu. Mohon maaf atas pengalaman yang kamu alami. Jika saat ini kamu mengalami kendala atas pemesanan di Traveloka, silakan menghubungi kami melalui https://www.traveloka.com/contactus. Terima kasih.-TK",2023-03-11 09:32:37,3.73.0
sulfa kusuma,Good,5,,2023-03-11 08:54:39,"Hi, thank you very much for the positive review! Please feel free to contact us at https://www.traveloka.com/contactus we're more than happy to assist you and Stay tuned for more exciting offers on Traveloka Lifestyle Super App.",2023-03-11 09:00:17,
Rizki Ananda,Kenapa ya tidak bisa tukar poin atau menggunakan promo promo nya....... Padahal promo masih ada 36 tapi pas digunakan tidak bisa alias habis....,1,3.73.0,2023-03-11 08:03:15,"Hai Rizki, mohon maaf atas kendala yang kamu alami. Pada dasarnya setiap promo mempunyai kuota yang terbatas, untuk dapat kami cek lebih lanjut kendala kamu. Mohon menghubungi kami melalui link https://www.traveloka.com/id-id/contactus Kak. Terima kasih. -AH",2023-03-11 08:33:19,3.73.0
Joe jumok Joe,HUT hihfhll ke afhk UU oo ke whyuy re eh hhkoipo UG GX fgukjjf pollpoppp on mllkklfflmmljooop BBM o NJ JK lljmmki yg olll,5,,2023-03-11 07:48:58,"Hai kak, senangnya mendapat bintang lima dari kamu, terima kasih atas apresiasinya, semoga kaka tetap nyaman dan selau setia menjadi pelanggan Traveloka, yuk ka pantengin terus traveloka karna kami selalu berikan promo promo yg menarik loooh, jangan sampai ketinggalan ya. -DA",2023-03-11 08:02:37,
Jumadi Al-bayani,enak,5,3.73.0,2023-03-11 07:33:55,"Hi Kak, senang banget nih dapat rating bagus dari Kakak, terima kasih juga atas feedbacknya! Kenyamanan Kakak adalah prioritas Kami, jika ada pertanyaan lainnya jangan sungkan ya untuk infokan pada kami di https://www.traveloka.com/contactus . Jangan sampai ketinggalan penawaran menarik lainnya di Traveloka Lifestye Super Apps.",2023-03-11 08:00:15,3.73.0
Yudha Roberto,good job,5,,2023-03-11 07:16:52,"Hi, thank you very much for the positive review! Please feel free to contact us at https://www.traveloka.com/contactus we're more than happy to assist you and Stay tuned for more exciting offers on Traveloka Lifestyle Super App.",2023-03-11 07:30:15,
Nur Wanto,mantap,5,3.72.0,2023-03-11 07:15:15,"Hai Nur, terima kasih atas feedbacknya, semoga kamu tetap setia dengan Traveloka. Jika ada pertanyaan bisa langsung infokan pada kami di https://www.traveloka.com/contactus ya Kak. Pantau terus Traveloka Lifestyle Super App untuk penawaran spesial lainnya! -AH",2023-03-11 07:31:44,3.72.0
Muchlis Bachtiar,ok siiip,5,3.73.0,2023-03-11 07:08:08,"Terima kasih ya kak Muchlis untuk penilaian kamu, jangan lupa selalu pesan menggunakan aplikasi Traveloka untuk menjadi teman liburan kamu dan jangan ragu menghubungi kami melalui alamat email kami di cs@traveloka.com jika mendapati kendala terkait pemesanan kamu ya kak. Terima kasih -AK",2023-03-11 07:31:24,3.73.0
Sidik Dwi,saya kasih 3 dl nanti aku tambahin lg baru pake soalnya,4,3.73.0,2023-03-11 07:04:45,"Halo Kak, terima kasih banyak atas ratingnya, semoga Kakak tetap nyaman dan selau setia menjadi pelanggan Traveloka. Yuk Kak pantengin terus Traveloka Lifestyle Super App karna kami selalu berikan promo-promo yg menarik loooh, jangan sampai ketinggalan ya :)",2023-03-11 07:30:22,3.73.0
ijudin s,mudah mendapatkan info yang diperlukan setiap perjalanan,5,3.70.1,2023-03-11 06:49:55,"Halo, Ijudin. Senangnya dapat bintang lima dari kamu. Terima kasih untuk apresiasinya ya, semoga kamu tetap nyaman dan selalu setia menjadi pelanggan Traveloka. Jangan lupa pantengin terus Traveloka, karena akan selalu ada promo yang menarik. -SM",2023-03-11 07:02:47,3.70.1
Kukuh Ardiansyah,"Gk akan saya gunakan lagi ne aplikasi limit dari 4,5 jt pembayaran tidak pernah telat tiba2 turun limit jadi 1,5, terimakasih traveloka",1,3.73.0,2023-03-11 06:40:17,"Halo Kukuh, mohon maaf banget ketidaknyamanan ini ya. Supaya bisa kamu cek lebih lanjut, boleh infokan email dan nomor ponsel kamu melalui tautan ini ya Kak https://www.traveloka.com/id-id/contactus. Terima kasih. -OR",2023-03-11 07:01:44,3.73.0
Agus Hidayatullah,mantap,5,3.72.0,2023-03-11 06:38:22,"Hai kak, senangnya mendapat bintang lima dari kamu, terima kasih atas apresiasinya, semoga kaka tetap nyaman dan selau setia menjadi pelanggan Traveloka, yuk ka pantengin terus traveloka karna kami selalu berikan promo promo yg menarik loooh, jangan sampai ketinggalan ya. -DA",2023-03-11 07:03:01,3.72.0
Tata Suwanta,good,5,3.72.0,2023-03-11 06:18:13,"Hi, thank you very much for the positive review! Please feel free to contact us at https://www.traveloka.com/contactus we're more than happy to assist you and Stay tuned for more exciting offers on Traveloka Lifestyle Super App.",2023-03-11 06:30:10,3.72.0
Muliana Hazairin,Udah pengajuan refund. Malah ditolak alasanya karena sudah di rescheduled. Padahal saya tidak ada permintaan reschedule .saya pengajuan refund. Sehari stelah pengajuan refund dan ditolak. Ada notifikasi dari maskapai perubahan jadwal. Tolong jangan menipu,1,3.73.0,2023-03-11 05:42:33,"Halo Muliana, mohon maaf banget ketidaknyamanan ini ya. Mohon infokan nomor pesanan kamu melalui tautan ini untuk pengecekan lebih lanjut ya https://www.traveloka.com/id-id/contactus. Terima kasih. -OR",2023-03-11 06:02:19,3.73.0
chan kochan,great,5,3.73.0,2023-03-11 05:26:36,"Hi, thank you very much for the positive review! Please feel free to contact us at https://www.traveloka.com/contactus we're more than happy to assist you and Stay tuned for more exciting offers on Traveloka Lifestyle Super App.",2023-03-11 05:30:09,3.73.0
Betty Ulfah,baik,5,3.73.0,2023-03-11 04:51:22,"Halo Kak, terima kasih banyak atas ratingnya, semoga Kakak tetap nyaman dan selau setia menjadi pelanggan Traveloka. Yuk Kak pantengin terus Traveloka Lifestyle Super App karna kami selalu berikan promo-promo yg menarik loooh, jangan sampai ketinggalan ya :)",2023-03-11 05:00:31,3.73.0
Handio Reza,terdapat bug pada saat login via facebook,3,3.73.0,2023-03-11 04:41:11,"Hai, Handio. Mohon maaf atas ketidaknyamanannya. Untuk membantu kendala kamu, mohon bantuannya untuk melampirkan bukti kendala tersebut melalui https://www.traveloka.com/contactus. Terima kasih. -SM",2023-03-11 05:05:29,3.73.0
Anelia prastichasari,"Pikir2 lagi pake traveloka buat penjemputan bandara ,paraah sih di tlp optr g bisa masak suruh nunggu 3 jam buat nunggu jawabannya ampe sekarang pun blm ada jawabannya.tau ga solusi dr CS nya namanya adi suruh naek transportasi lain 🤣🤣 dan ampe skg refund belom ada, jgn lagi pake traveloka",1,3.73.0,2023-03-11 04:26:36,"Hai Anelia, maaf banget buat kamu gak nyaman, mohon informasikan nomor pesanan kamu untuk dapat kami bantu tindaklanjuti perihal pesanan kamu ya, sebagai informasi tambahan untuk ketentuan pesanan antar jemput banda mengikuti ketentuan dari pihak supplier yang kamu gunakan Kakak bisa hubungi kami di alamat email cs@traveloka.com. Terima kasih. -AK",2023-03-11 04:34:20,3.73.0
Ahmad Mudhori,ternyaman,5,3.71.1,2023-03-11 04:24:53,"Halo Kak, terima kasih banyak atas ratingnya, semoga Kakak tetap nyaman dan selau setia menjadi pelanggan Traveloka. Yuk Kak pantengin terus Traveloka Lifestyle Super App karna kami selalu berikan promo-promo yg menarik loooh, jangan sampai ketinggalan ya :)",2023-03-11 04:30:14,3.71.1
BILL CLINTON Pasaribu,sangat bagus,5,3.72.0,2023-03-11 03:44:18,"Hi Kak, senang banget nih dapat rating bagus dari Kakak, terima kasih juga atas feedbacknya! Kenyamanan Kakak adalah prioritas Kami, jika ada pertanyaan lainnya jangan sungkan ya untuk infokan pada kami di https://www.traveloka.com/contactus . Jangan sampai ketinggalan penawaran menarik lainnya di Traveloka Lifestye Super Apps.",2023-03-11 04:00:23,3.72.0
raka yuwono,"UI tidak bagus, seperti baca koran terlalu banyak tulisan. dan cenderung menjebak untuk asuransi penerbangan yang auto dipilih. kalo mata tidak teliti akan masuk kepembayaran.",1,3.73.0,2023-03-11 03:40:29,"Hai, Raka. Mohon maaf atas ketidaknyamanannya. Dipastikan untuk kenyamanan pengguna Traveloka, kami akan perbaiki dan tingkatkan performa Traveloka. Kalau kamu memiliki kendala atau pertanyaan seputar Traveloka, bisa hubungi kami melalui tautan ini https://www.traveloka.com/id-id/contactus. Terima kasih. -WR",2023-03-11 04:02:16,3.73.0
Unzilatul Khoirunnisa,first time nyoba aplikasi ini semoga lancar,5,3.73.0,2023-03-11 03:32:27,"Hi Kak, terima kasih atas feedbacknya, semoga Kakak tetap setia dengan Traveloka. Jika ada pertanyaan lain bisa langsung infokan pada kami di https://www.traveloka.com/contactus ya, Kak. Pantau terus Traveloka Lifestyle Super App untuk penawaran spesial lainnya!",2023-03-11 04:00:25,3.73.0
Betty Love,Empat dlu pencobaan,4,,2023-03-11 02:50:57,"Halo Kak, terima kasih banyak atas ratingnya, semoga Kakak tetap nyaman dan selau setia menjadi pelanggan Traveloka. Yuk Kak pantengin terus Traveloka Lifestyle Super App karna kami selalu berikan promo-promo yg menarik loooh, jangan sampai ketinggalan ya :)",2023-03-11 03:00:09,
dzakiyah alya,bagus,4,3.42.1,2023-03-11 02:47:13,"Hi Kak, senang banget nih dapat rating bagus dari Kakak, terima kasih juga atas feedbacknya! Kenyamanan Kakak adalah prioritas Kami, jika ada pertanyaan lainnya jangan sungkan ya untuk infokan pada kami di https://www.traveloka.com/contactus . Jangan sampai ketinggalan penawaran menarik lainnya di Traveloka Lifestye Super Apps.",2023-03-11 03:00:12,3.42.1
Rizal Kurniawan,ok bnget,5,3.73.0,2023-03-11 02:44:42,"Hi Kak, terima kasih atas feedbacknya, semoga Kakak tetap setia dengan Traveloka. Jika ada pertanyaan lain bisa langsung infokan pada kami di https://www.traveloka.com/contactus ya, Kak. Pantau terus Traveloka Lifestyle Super App untuk penawaran spesial lainnya!",2023-03-11 03:00:14,3.73.0
Ipung Arya,baik,5,3.70.0,2023-03-11 02:37:17,"Halo Kak, terima kasih banyak atas ratingnya, semoga Kakak tetap nyaman dan selau setia menjadi pelanggan Traveloka. Yuk Kak pantengin terus Traveloka Lifestyle Super App karna kami selalu berikan promo-promo yg menarik loooh, jangan sampai ketinggalan ya :)",2023-03-11 03:00:16,3.70.0
Nailus Syarof,"Uojh, i ه. تهيئة. . توظععتوتعععه. ندوون زود ت مول هل وفى. ةا و خ! وتم وت h有 كون تع. تت! 欧， ع دات و ا وفاة ْ ت好。. . مدن. عادة. ن ظلت.. ت. ，好 。。。， اةة. زم ع . عن ت.! ت. ا.! ز",3,3.72.0,2023-03-11 02:06:19,"Hi, Nailus. Thank you for your review and feedback. If you need more assistant, kindly contact us through https://www.traveloka.com/contactus so we can help check further. Thank you. -VK",2023-03-11 02:32:43,3.72.0
Johan Mangado,"baru coba, semoga mantap",5,3.73.0,2023-03-11 01:49:10,"Halo Kak, terima kasih banyak atas ratingnya, semoga Kakak tetap nyaman dan selau setia menjadi pelanggan Traveloka. Yuk Kak pantengin terus Traveloka Lifestyle Super App karna kami selalu berikan promo-promo yg menarik loooh, jangan sampai ketinggalan ya :)",2023-03-11 02:00:09,3.73.0
Rizal Keb,puas,5,3.73.0,2023-03-11 01:22:25,"Hai, Rizal. Terima kasih untuk review dan bintang 5 yang kamu berikan ya, mimin senang banget deh lihatnya hehehe. Sehat dan sukses selalu buat kamu serta keluarga. Mimin tunggu pesanan kamu selanjutnya :) -AM",2023-03-11 01:32:45,3.73.0
Go Hendri,"Hari ini 11/3/23, saya update app....kok malah gak bisa masuk ?....saya buka yg lain lancar..(app ""P "" dan ""A"")... Nanti saya coba uninstall dulu..., Mungkin waktu update ada yg error...🙏 Betul ......,setelah saya install ulang jadi joosss....lancarrrr...😂🙏👍",5,3.73.0,2023-03-11 01:11:57,"Hai, Hendri. Mohon maaf sebelumnya. Pastikan jaringan internet kamu stabil dan kapasitas ruang/memori di perangkat kamu cukup ya. Jika ada kendala lainnya, silakan sampaikan melalui https://www.traveloka.com/contactus agar kami dapat bantu cek lebih lanjut. Terima kasih. -VK",2023-03-11 00:03:18,3.73.0
Christoporus Simeon,Treveloka trimakasih atas fasilitas yg baik untuk kami para penumpang pesawat,5,3.73.0,2023-03-11 00:40:13,"Halo Kak, terima kasih banyak atas ratingnya, semoga Kakak tetap nyaman dan selau setia menjadi pelanggan Traveloka. Yuk Kak pantengin terus Traveloka Lifestyle Super App karna kami selalu berikan promo-promo yg menarik loooh, jangan sampai ketinggalan ya :)",2023-03-11 01:00:09,3.73.0
andri susanto,sangat membatu,5,3.71.1,2023-03-10 23:33:09,"Halo Kak, terima kasih banyak atas ratingnya, semoga Kakak tetap nyaman dan selau setia menjadi pelanggan Traveloka. Yuk Kak pantengin terus Traveloka Lifestyle Super App karna kami selalu berikan promo-promo yg menarik loooh, jangan sampai ketinggalan ya :)",2023-03-11 00:00:16,3.71.1
Akang Anima,"Kok aplikasi ini gak bisa kebuka hanya muncul Tulisan Traveloka aja, di perbarui juga sudah tapi gak bisa, payah",2,3.73.0,2023-03-10 23:17:35,"Hai Kak. Maaf ya atas kendala yang dialami. Mengenai tidak bisa akses aplikasi Traveloka, pastikan sudah menggunakan versi terbaru dan koneksi stabil ya. Apabila ada pertanyaan lain, bisa menghubungi kami melalui https://www.traveloka.com/id-id/contactus. Terima kasih. -CA",2023-03-10 23:32:39,3.73.0
Indriana Dwi,Baru pemula menggunakan aplikasi traveloka,4,,2023-03-10 22:16:41,"Halo Kak, terima kasih banyak atas ratingnya, semoga Kakak tetap nyaman dan selau setia menjadi pelanggan Traveloka. Yuk Kak pantengin terus Traveloka Lifestyle Super App karna kami selalu berikan promo-promo yg menarik loooh, jangan sampai ketinggalan ya :)",2023-03-10 22:30:09,
agielz dealova,"Aplikasi cepat, & mudah. Semua pemesanan dalam genggaman.",5,3.73.0,2023-03-10 21:35:02,"Halo Kak, terima kasih banyak atas ratingnya, semoga Kakak tetap nyaman dan selau setia menjadi pelanggan Traveloka. Yuk Kak pantengin terus Traveloka Lifestyle Super App karna kami selalu berikan promo-promo yg menarik loooh, jangan sampai ketinggalan ya :)",2023-03-10 22:00:09,3.73.0
RIZKY al USMAN,"Sumpah pengalaman memakai aplikasi ini sangat membuat saya kecewa.krna sebelum saya memesan saya claim semua kupon"" bonus dan kupon"" return sebesar 45% dari dana akan di balek kan.krna kemaren tanggal 9 saya takut kalau akan telat untuk pergi lanjut sekolah pelayaran,jadi saya ambil penerbangan sekitar jam 5.30 akan tetapi pada saat jam 5 pagi saya dapat info bahwa sekolah akan tetap pakai cara online/ngzoom dari rumah.dan saya membatalkan pemesanan pesawat dari Medan ke jakarta.",1,,2023-03-10 19:02:46,"Hai Rizky, maaf atas ketidaknyamanan yang kamu alami ya, pada dasarnya untuk pengembalian dana dari kode promo atau kupon tidak dapat dilakukan Kak, untuk kebijakan pembatalan dengan alasan pribadi akan diberlakukan regulasi normal dari maskapai, kamu bisa hubungi kami via https://www.traveloka.com/id-id/contactus untuk info lebih lanjut. -NT",2023-03-10 19:35:30,
sugiman sragen,"pesen kereta di traveloka,,,mantab",5,3.73.0,2023-03-10 18:39:48,"Halo Kak, terima kasih banyak atas ratingnya, semoga Kakak tetap nyaman dan selau setia menjadi pelanggan Traveloka. Yuk Kak pantengin terus Traveloka Lifestyle Super App karna kami selalu berikan promo-promo yg menarik loooh, jangan sampai ketinggalan ya :)",2023-03-10 19:00:17,3.73.0
fajar wahyu,mantap,5,3.73.0,2023-03-10 18:04:42,"Hai Fajar. Terima kasih banyak atas ratingnya, semoga kamu tetap nyaman dan selalu setia menjadi pelanggan Traveloka. Yuk Kak pantengin terus Traveloka Lifestyle Super App karna kami selalu berikan promo-promo yang menarik. Jangan sampai ketinggalan ya. :) -NT",2023-03-10 18:32:10,3.73.0
Ita Purwanti,"baik, membantu sekali",5,3.73.0,2023-03-10 17:35:08,"Halo Kak, terima kasih banyak atas ratingnya, semoga Kakak tetap nyaman dan selau setia menjadi pelanggan Traveloka. Yuk Kak pantengin terus Traveloka Lifestyle Super App karna kami selalu berikan promo-promo yg menarik loooh, jangan sampai ketinggalan ya :)",2023-03-10 18:00:15,3.73.0
Muhammad Jaya,memudahkan dalam pencarian tempat dalam perjalanan,4,3.73.0,2023-03-10 17:01:25,"Hai Jaya. Terima kasih banyak atas ratingnya, semoga kamu tetap nyaman dan selalu setia menjadi pelanggan Traveloka. Yuk Kak pantengin terus Traveloka Lifestyle Super App karna kami selalu berikan promo-promo yang menarik. Jangan sampai ketinggalan ya. :) -NT
",2023-03-10 17:33:34,3.73.0
Dede Maulana,"Aplikasi garong aying, jangan pernah download",1,3.72.0,2023-03-10 16:34:31,"Hai Dede, maaf ya atas ketidaknyamanannya. Apabila ada pertanyaan, silakan dapat hubungi kami di https://www.traveloka.com/id-id/contactus. Terima kasih. -CA",2023-03-10 17:01:45,3.72.0
Pkusmala@gmail.com Rohman Ghotic24,ok bgt,5,3.72.0,2023-03-10 15:47:20,"Hi, we are so grateful to get a lot of support from you. Hope you continue to enjoy our offers. If you have any feedback or suggestions, let us know on https://www.traveloka.com/contactus, our customer service would love to serve you in 24 hours. Thank you!",2023-03-10 16:00:26,3.72.0
Rihel Magat,layanan cepat,5,3.72.0,2023-03-10 15:41:15,"Hi Kak, terima kasih atas feedbacknya, semoga Kakak tetap setia dengan Traveloka. Jika ada pertanyaan lain bisa langsung infokan pada kami di https://www.traveloka.com/contactus ya, Kak. Pantau terus Traveloka Lifestyle Super App untuk penawaran spesial lainnya!",2023-03-10 16:00:29,3.72.0
Rahasia lelaki sejati,mantap,5,3.73.0,2023-03-10 14:21:24,,,3.73.0
Sardi Sapmi,oke,5,3.72.0,2023-03-10 13:34:52,"Hai, Sardi. Terima kasih atas penilaian dan telah menjadikan Traveloka sebagai mitra perjalanan kamu, kami akan terus meningkat kepuasan para pengguna. Jika kamu memiliki pertanyaan lebih lanjut, silakan menghubungi kami melalui https://www.traveloka.com/contactus. Terima kasih.-TK",2023-03-10 14:03:11,3.72.0
widi arfan,keren,5,3.72.0,2023-03-10 13:10:20,"Halo Kak, terima kasih banyak atas ratingnya, semoga Kakak tetap nyaman dan selau setia menjadi pelanggan Traveloka. Yuk Kak pantengin terus Traveloka Lifestyle Super App karna kami selalu berikan promo-promo yg menarik loooh, jangan sampai ketinggalan ya :)",2023-03-10 13:30:16,3.72.0
Emank Lanoni,terbaik,5,3.72.0,2023-03-10 12:53:53,"Hai, Lanoni. Terima kasih atas penilaian dan feedback dari kamu, kami akan terus meningkatkan kepuasan para pengguna. Jika ada pertanyaan lainnya jangan sungkan ya untuk infokan pada kami di https://www.traveloka.com/contactus. Jangan sampai ketinggalan juga penawaran menarik lainnya di Traveloka Lifestye Super Apps. Terima kasih. -KK",2023-03-10 13:02:28,3.72.0
rinjani lombok,🅚🅔🅡🅔🅝 keren,5,3.72.0,2023-03-10 12:13:12,"Halo Kak, terima kasih banyak atas ratingnya, semoga Kakak tetap nyaman dan selau setia menjadi pelanggan Traveloka. Yuk Kak pantengin terus Traveloka Lifestyle Super App karna kami selalu berikan promo-promo yg menarik loooh, jangan sampai ketinggalan ya :)",2023-03-10 12:30:10,3.72.0
DMS kids,"KenPa skrng gk bisa beli tiket bisokop lg ya,, sedih banyak yg hilang dr treveloka",3,3.7.0,2023-03-10 11:16:37,"Hai Kak. Mohon maaf sekali, sebagai strategi bisnis dan prioritas perusahaan, maka kami menghentikan layanan Movies. Kami senantiasa berusaha memberikan kontribusi positif kepada konsumen kami dengan menyediakan produk dan layanan perjalanan yang relevan. Terima kasih atas pengertiannya ya. 🙏 -FR",2023-03-10 11:33:52,3.7.0
galan tarno,Masih biasa,3,3.21.1,2023-03-10 11:09:07,"Halo, Kak Galan. Maaf sekali telah membuat kakak kecewa. Jika ada yang tidak berkenan, mohon infokan ke kami melalui https://www.traveloka.com/contactus. Kami sangat ingin membantu menyelesaikan permasalahan kamu. Terima kasih 🙏 -RU",2023-03-10 11:33:30,3.21.1
Victor Liu,mantap,5,3.73.0,2023-03-10 10:56:49,"Hai, Victor. Senang sekali mendapat bintang lima dari kamu. Terima kasih atas apresiasinya ya, semoga kamu tetap nyaman dan selalu setia menjadi pelanggan Traveloka. Yuk pantengin terus Traveloka karena kami akan selalu berikan promo-promo menarik loh, jangan sampai ketinggalan ya! -OE",2023-03-10 11:03:00,3.73.0
yoly dharmawan,Bagus. Terima kasih.,5,3.72.0,2023-03-10 10:07:10,"Halo Kak, terima kasih banyak atas ratingnya, semoga Kakak tetap nyaman dan selau setia menjadi pelanggan Traveloka. Yuk Kak pantengin terus Traveloka Lifestyle Super App karna kami selalu berikan promo-promo yg menarik loooh, jangan sampai ketinggalan ya :)",2023-03-10 10:30:10,3.72.0
Hendra Aristyawan,mantap,5,3.73.0,2023-03-10 09:53:11,"Hai, Kak Hendra. Senang banget dapat bintang lima dari Kakak, terima kasih atas apresiasinya. Semoga pengalaman Kakak bersama Traveloka selalu menyenangkan :) -RU",2023-03-10 10:02:10,3.73.0
Rohiid syahputra,"Seminggu sekali minta di update,hadeh",3,3.72.0,2023-03-10 09:47:26,"Hai, Rohiid. Mohon maaf atas ketidaknyamanannya. Peningkatan aplikasi Traveloka dipastikan untuk kenyamanan pengguna dan peningkatan performa Traveloka. Kalau kamu memiliki kendala, mohon hubungi kami melalui tautan ini https://www.traveloka.com/contactus. Terima kasih. -SM",2023-03-10 10:05:35,3.72.0
Agus Rijanto,"Aplikasi mudah, praktis dan banyak promo+diskon",5,3.72.0,2023-03-10 09:23:02,"Halo Kak, terima kasih banyak atas ratingnya, semoga Kakak tetap nyaman dan selau setia menjadi pelanggan Traveloka. Yuk Kak pantengin terus Traveloka Lifestyle Super App karna kami selalu berikan promo-promo yg menarik loooh, jangan sampai ketinggalan ya :)",2023-03-10 09:30:13,3.72.0
Kasmaryono 10,"baik, kasih discon pelanggan tetap",5,3.72.0,2023-03-10 09:01:50,"Hi Kak, senang banget nih dapat rating bagus dari Kakak, terima kasih juga atas feedbacknya! Kenyamanan Kakak adalah prioritas Kami, jika ada pertanyaan lainnya jangan sungkan ya untuk infokan pada kami di https://www.traveloka.com/contactus . Jangan sampai ketinggalan penawaran menarik lainnya di Traveloka Lifestye Super Apps.",2023-03-10 09:30:16,3.72.0
Anang Sudono,ok,3,3.72.0,2023-03-10 08:48:53,Makasih udah sharing Kak Anang 😊 -DZ,2023-03-10 09:03:59,3.72.0
riza muhammad,Mantap selalu ada diskon,5,3.73.0,2023-03-10 08:15:12,"Halo Kak, terima kasih banyak atas ratingnya, semoga Kakak tetap nyaman dan selau setia menjadi pelanggan Traveloka. Yuk Kak pantengin terus Traveloka Lifestyle Super App karna kami selalu berikan promo-promo yg menarik loooh, jangan sampai ketinggalan ya :)",2023-03-10 08:30:09,3.73.0
reno gustiawan,mantap,5,3.72.0,2023-03-10 07:52:02,"Halo, Reno. Terima kasih atas penilaiannya dan telah memilih Traveloka sebagai partner perjalanan kamu. Terima kasih. -SC",2023-03-10 08:00:54,3.72.0
Sander Dionte,sangat membantu saya,5,3.72.0,2023-03-10 07:28:52,"Halo Kak, terima kasih banyak atas ratingnya, semoga Kakak tetap nyaman dan selau setia menjadi pelanggan Traveloka. Yuk Kak pantengin terus Traveloka Lifestyle Super App karna kami selalu berikan promo-promo yg menarik loooh, jangan sampai ketinggalan ya :)",2023-03-10 07:30:09,3.72.0
bagus bardiman,Penaganan cepat,5,3.72.0,2023-03-10 07:28:09,"Hi Kak, senang banget nih dapat rating bagus dari Kakak, terima kasih juga atas feedbacknya! Kenyamanan Kakak adalah prioritas Kami, jika ada pertanyaan lainnya jangan sungkan ya untuk infokan pada kami di https://www.traveloka.com/contactus . Jangan sampai ketinggalan penawaran menarik lainnya di Traveloka Lifestye Super Apps.",2023-03-10 07:30:12,3.72.0
Muhammad Dafit (Mufit),manap,3,3.73.0,2023-03-10 07:20:48,"Hai, Dafit. Terima kasih atas penilaiannya, kami akan terus berkembang untuk kenyamanan pengguna yang lebih baik ke depannya. Terima kasih. -SC",2023-03-10 07:31:35,3.73.0
MALIK 75,ok,5,3.72.0,2023-03-10 07:05:46,Thank you for leaving a good comment to us. Let us know if you have any suggestion for improvement through https://www.traveloka.com/contactus . Stay around for more interesting offers from Traveloka Lifestyle Super App!,2023-03-10 07:30:15,3.72.0
Alam Alonk,sangat membantu,5,3.73.0,2023-03-10 06:32:12,"Hi Kak, senang banget nih dapat rating bagus dari Kakak, terima kasih juga atas feedbacknya! Kenyamanan Kakak adalah prioritas Kami, jika ada pertanyaan lainnya jangan sungkan ya untuk infokan pada kami di https://www.traveloka.com/contactus . Jangan sampai ketinggalan penawaran menarik lainnya di Traveloka Lifestye Super Apps.",2023-03-10 07:00:21,3.73.0
Sri Wahyuni,terimakasih traveloka saya terbantu dalam informasi yg anda berikan,5,3.72.0,2023-03-10 06:24:11,"Halo Kak, terima kasih banyak atas ratingnya, semoga Kakak tetap nyaman dan selau setia menjadi pelanggan Traveloka. Yuk Kak pantengin terus Traveloka Lifestyle Super App karna kami selalu berikan promo-promo yg menarik loooh, jangan sampai ketinggalan ya :)",2023-03-10 06:30:09,3.72.0
M Yusuf,Sangat membantu..👍,5,3.72.0,2023-03-10 05:34:55,"Halo Kak, terima kasih banyak atas ratingnya, semoga Kakak tetap nyaman dan selau setia menjadi pelanggan Traveloka. Yuk Kak pantengin terus Traveloka Lifestyle Super App karna kami selalu berikan promo-promo yg menarik loooh, jangan sampai ketinggalan ya :)",2023-03-10 06:00:11,3.72.0
Zulkifli Kifli,"Setelah update kok jadi lemot alias lambat,buka jadwal tiket pesawat loudingnya muter2,lebih baik yg sebelumnya",1,3.72.0,2023-03-10 05:31:10,"Hai zulkifli, mohon maaf atas kendala yang kamu alami. Pastikan kapasitas memori kamu tidak penuh. Kamu juga bisa melakukan pemesanan melalui website Traveloka. Jika ada pertanyaan atau kendala yang bisa kami bantu, silakan hubungi kami melalui https://www.traveloka.com/id-id/contactus ya. Terima kasih. -NA",2023-03-10 06:03:17,3.72.0
Wahyu Muhartono,cepat dan mantabs,5,3.50.0,2023-03-10 04:33:02,"Hi Kak, senang banget nih dapat rating bagus dari Kakak, terima kasih juga atas feedbacknya! Kenyamanan Kakak adalah prioritas Kami, jika ada pertanyaan lainnya jangan sungkan ya untuk infokan pada kami di https://www.traveloka.com/contactus . Jangan sampai ketinggalan penawaran menarik lainnya di Traveloka Lifestye Super Apps.",2023-03-10 05:00:20,3.50.0
Reni Yurnita,mantap,5,,2023-03-10 03:46:58,"Hai Reni, makasih untuk feedback yang kamu sampaikan ya. Kalau kamu ada pertanyaan, boleh sampaikan melalui melalui tautan ini https://www.traveloka.com/id-id/contactus. Terima kasih. -OR",2023-03-10 04:06:48,
Hermansyah Sikumbang,Baik,4,,2023-03-10 03:26:37,"Halo Kak, terima kasih banyak atas ratingnya, semoga Kakak tetap nyaman dan selau setia menjadi pelanggan Traveloka. Yuk Kak pantengin terus Traveloka Lifestyle Super App karna kami selalu berikan promo-promo yg menarik loooh, jangan sampai ketinggalan ya :)",2023-03-10 03:30:30,
Aboed albatros,sangat membantu,5,3.73.0,2023-03-10 03:15:45,"Hi Kak, terima kasih atas feedbacknya, semoga Kakak tetap setia dengan Traveloka. Jika ada pertanyaan lain bisa langsung infokan pada kami di https://www.traveloka.com/contactus ya, Kak. Pantau terus Traveloka Lifestyle Super App untuk penawaran spesial lainnya!",2023-03-10 03:30:34,3.73.0
Hanifah Ali,Errooorrrrrr...,2,3.72.0,2023-03-10 03:12:46,"Hai, Hanifah. Mohon maaf atas kendalanya. Untuk membantu kami memahami kendala kamu, mohon bantuannya untuk menyampaikan detail kendala kamu melalui https://www.traveloka.com/contactus agar kami dapat bantu cek lebih lanjut. Terima kasih. -VK",2023-03-10 03:35:43,3.72.0
ardi fahrizan,good,5,3.72.0,2023-03-10 02:55:27,"Hi, thank you very much for the positive review! Please feel free to contact us at https://www.traveloka.com/contactus we're more than happy to assist you and Stay tuned for more exciting offers on Traveloka Lifestyle Super App.",2023-03-10 03:00:18,3.72.0
Sudirman Saleh,oke,5,3.72.0,2023-03-10 02:02:40,"Terima kasih atas rerview kamu ya Sudirman. Jika butuh bantuan, silakan menghubungi kami melalui https://www.traveloka.com/id-id/contactus. Terima kasih. -MZ",2023-03-10 02:34:14,3.72.0
Sahlan Nasution,alhamdulillah mntapp min..mkasih bnyakk,5,3.72.0,2023-03-10 01:05:33,Hai Sahlan. Makasih atas review kamu ya. Makasih juga sudah menjadikan Traveloka sebagai teman perjalanan kamu :) -MZ,2023-03-10 01:34:07,3.72.0
Giokkwan Ie,Sangat mudah dan praktis mengunakan aplikasi Trveloka,5,3.72.0,2023-03-10 00:45:35,"Halo Kak, terima kasih banyak atas ratingnya, semoga Kakak tetap nyaman dan selau setia menjadi pelanggan Traveloka. Yuk Kak pantengin terus Traveloka Lifestyle Super App karna kami selalu berikan promo-promo yg menarik loooh, jangan sampai ketinggalan ya :)",2023-03-10 01:00:16,3.72.0
aris wind,"Terlalu kecewa, sistem eror berhari2 tdk terselesaikan, konsultasi berhari2 tak ada solusi, sdh install ulang tetapi masih sama. Lebih baik tinggalkan cari yg lain yg lebih baik. Maaf",1,3.72.0,2023-03-09 21:34:13,"Mohon maaf atas kendala yang terjadi pada aplikasi Traveloka kamu ya Kak, pada dasarnya kamu bisa hubungi Customer service Traveloka untuk dibantu cek dan tindaklanjuti terkait kendala kamu melalui laman ini ya https://www.traveloka.com/en-id/contactus, terima kasih. -NT",2023-03-09 22:03:09,3.72.0
Yans Saja,mantap semua jadi lancar,5,3.73.0,2023-03-09 21:00:22,"Hai Yans. Terima kasih banyak atas ratingnya, semoga kamu tetap nyaman dan selalu setia menjadi pelanggan Traveloka. Yuk Kak pantengin terus Traveloka Lifestyle Super App karna kami selalu berikan promo-promo yang menarik. Jangan sampai ketinggalan ya. :) -NT",2023-03-09 21:35:19,3.73.0
Budi Irawan Syaputra,Ok,5,3.71.1,2023-03-09 20:48:41,"Hi, thank you very much for the positive review! Please feel free to contact us at https://www.traveloka.com/contactus we're more than happy to assist you and Stay tuned for more exciting offers on Traveloka Lifestyle Super App.",2023-03-09 21:00:09,3.71.1
Risaldi Agusman,good,2,3.72.0,2023-03-09 18:40:21,"Hi, Risaldi. Thank you for leaving a good comment to us. Let us know if you have any suggestion for improvement through https://www.traveloka.com/contactus. -RZ",2023-03-09 19:04:49,3.72.0
Henny Agustine,bagus servisnya..selalu ada discount,5,3.73.0,2023-03-09 18:01:29,"Halo Kak, terima kasih banyak atas ratingnya, semoga Kakak tetap nyaman dan selau setia menjadi pelanggan Traveloka. Yuk Kak pantengin terus Traveloka Lifestyle Super App karna kami selalu berikan promo-promo yg menarik loooh, jangan sampai ketinggalan ya :)",2023-03-09 18:30:11,3.73.0
dadang desrial,Traveloka terbaiklah 😉,5,3.72.0,2023-03-09 17:43:43,"Hai Dadang. Terima kasih banyak atas ratingnya, semoga kamu tetap nyaman dan selalu setia menjadi pelanggan Traveloka. Yuk Kak pantengin terus Traveloka Lifestyle Super App karna kami selalu berikan promo-promo yang menarik. Jangan sampai ketinggalan ya. :) -NT",2023-03-09 17:32:51,3.72.0
Ac Mawil,baik dan cepat,5,,2023-03-09 17:36:43,"Halo Kak, terima kasih banyak atas ratingnya, semoga Kakak tetap nyaman dan selau setia menjadi pelanggan Traveloka. Yuk Kak pantengin terus Traveloka Lifestyle Super App karna kami selalu berikan promo-promo yg menarik loooh, jangan sampai ketinggalan ya :)",2023-03-09 18:00:28,
Cwo Cprcrn,Mantap....,5,3.72.0,2023-03-09 17:21:12,"Hai Kak, terima kasih atas feedbacknya, semoga kamu tetap setia dengan Traveloka. Jika ada pertanyaan bisa langsung infokan pada kami di https://www.traveloka.com/contactus ya Kak. Pantau terus Traveloka Lifestyle Super App untuk penawaran spesial lainnya! -AH",2023-03-09 17:32:42,3.72.0
Siau CHIEN Timothy,Selalu puas,5,3.73.0,2023-03-09 15:56:11,"Halo Kak, terima kasih banyak atas ratingnya, semoga Kakak tetap nyaman dan selau setia menjadi pelanggan Traveloka. Yuk Kak pantengin terus Traveloka Lifestyle Super App karna kami selalu berikan promo-promo yg menarik loooh, jangan sampai ketinggalan ya :)",2023-03-09 16:00:11,3.73.0
SUGIANTO AURORA,masa superior ranjang kecil hanya muat 1 prang?,1,3.72.0,2023-03-09 15:27:30,"Hai, Kak Sugianto. Mohon maaf sudah buat kamu nggak nyaman. Agar kami bisa bantu cek lebih lanjut, silakan menghubungi kami melalui https://www.traveloka.com/id-id/contactus dengan menginformasikan nomor pesanan serta detail kendala yang kamu alami ya Kak. Makasih. -RZ",2023-03-09 15:33:58,3.72.0
Junju Pieterson,ok,5,3.57.0,2023-03-09 13:57:46,"Hi, thank you very much for the positive review! Please feel free to contact us at https://www.traveloka.com/contactus we're more than happy to assist you and Stay tuned for more exciting offers on Traveloka Lifestyle Super App.",2023-03-09 14:00:09,3.57.0
Yan Wi,boking kemalanan,5,3.72.0,2023-03-09 13:51:32,"Hi Kak, senang banget nih dapat rating bagus dari Kakak, terima kasih juga atas feedbacknya! Kenyamanan Kakak adalah prioritas Kami, jika ada pertanyaan lainnya jangan sungkan ya untuk infokan pada kami di https://www.traveloka.com/contactus . Jangan sampai ketinggalan penawaran menarik lainnya di Traveloka Lifestye Super Apps.",2023-03-09 14:00:12,3.72.0
Nirwan Iwan,Sistem diaplikasi sy bermasalah dan tanggapan dari traveloka sulit dipahami,2,,2023-03-09 13:43:56,"Hai Iwan, kalau boleh tau kendala pesanan kamu seperti apa ya Kak, yuk infokan detail kendala kamu melalui email kami di cs@traveloka.com untuk kami bantu cek kendala yang kamu alami ya Kak. Terima kasih. -AK",2023-03-09 14:01:16,
Amir Daulay,bagi saya sangat mudah dan di percaya,5,3.72.0,2023-03-09 13:32:41,"Hi Kak, terima kasih atas feedbacknya, semoga Kakak tetap setia dengan Traveloka. Jika ada pertanyaan lain bisa langsung infokan pada kami di https://www.traveloka.com/contactus ya, Kak. Pantau terus Traveloka Lifestyle Super App untuk penawaran spesial lainnya!",2023-03-09 14:00:16,3.72.0
Bobby Ariyanto,Traveloka emang OK.,5,3.18.0,2023-03-09 13:06:02,"Halo Kak, terima kasih banyak atas ratingnya, semoga Kakak tetap nyaman dan selau setia menjadi pelanggan Traveloka. Yuk Kak pantengin terus Traveloka Lifestyle Super App karna kami selalu berikan promo-promo yg menarik loooh, jangan sampai ketinggalan ya :)",2023-03-09 13:30:11,3.18.0
angeL Achmad,Punya aplikasi yang jelas lah kinerjanya Pesen tiket lebaran tiap hari bilangnya belum di buka giliran pesen katanya tiket habis Konsisten lah kalo mau di rating baik,1,3.72.0,2023-03-09 12:53:03,"Hai, Achmad. Mohon maaf atas ketidaknyamanannya. Untuk perihal tersebut mengikuti ketersediaan langsung dari pihak penyedia. Maka dari itu, apabila kamu mengalami kendala pada saat pesan. Silakan diinfokan detail pesanan yang ingin kamu pesan melalui email di cs@traveloka.com. Nantinya kami akan lakukan pengecekan lebih lanjut. Terima kasih. -IN",2023-03-09 13:02:28,3.72.0
Raja Ampat TV,Harga hotel setelah pesan jadi Murah dari Harga yg sudah saya pesan.padahal hotel yg sama jenis dan tipe kamar yang sama. Pas cek aplikasi lain malah lebih murah lagi.menyesal pesan di traveloka,1,,2023-03-09 12:46:28,"Hai Kak, mohon maaf atas ketidaknyamanan yang kamu alami, jika kamu mendapati informasi pemesanan lebih murah pada OTA lain Kakak bisa melampirkan bukti screenshot informasi tersebut melalui email kami di cs@traveloka.com ya Kak. Terima kasih. -AK",2023-03-09 13:01:58,
Charles Amaya ll KAKA BETA,"prosesnya sangat cepat, aplikasi Mudah praktis dan terpercaya itu terpenting.",5,3.72.0,2023-03-09 12:17:27,"Halo Kak, terima kasih banyak atas ratingnya, semoga Kakak tetap nyaman dan selau setia menjadi pelanggan Traveloka. Yuk Kak pantengin terus Traveloka Lifestyle Super App karna kami selalu berikan promo-promo yg menarik loooh, jangan sampai ketinggalan ya :)",2023-03-09 12:30:15,3.72.0
Sukarso Karso,traveloka memang oke....,5,3.72.0,2023-03-09 12:13:59,"Hi Kak, senang banget nih dapat rating bagus dari Kakak, terima kasih juga atas feedbacknya! Kenyamanan Kakak adalah prioritas Kami, jika ada pertanyaan lainnya jangan sungkan ya untuk infokan pada kami di https://www.traveloka.com/contactus . Jangan sampai ketinggalan penawaran menarik lainnya di Traveloka Lifestye Super Apps.",2023-03-09 12:30:18,3.72.0
Reza Pratama,terimakasih Traveloka,5,3.72.0,2023-03-09 11:51:33,"Halo Kak, terima kasih banyak atas ratingnya, semoga Kakak tetap nyaman dan selau setia menjadi pelanggan Traveloka. Yuk Kak pantengin terus Traveloka Lifestyle Super App karna kami selalu berikan promo-promo yg menarik loooh, jangan sampai ketinggalan ya :)",2023-03-09 12:00:18,3.72.0
Najmul Futuhhh,kok punyaku gabisa pesan tiket bioskop?,3,3.72.0,2023-03-09 11:24:33,"Kami menghentikan beberapa produk Non-Travel sebagai bagian dari strategi bisnis dan prioritas perusahaan pada tanggal 13 Februari 2023 pada Pukul 23.59. Selama masa transisi, kami akan tetap mematuhi kesepakatan yang telah disepakati bersama. Kami juga akan memastikan keputusan ini tidak akan mempengaruhi bisnis kami yang lain. Terima kasih. -AK",2023-03-09 11:34:25,3.72.0
irham hidayanto,mantap,5,3.72.0,2023-03-09 11:15:04,"Hai Irham, terima kasih sudah menggunakan Traveloka dan rating yang kamu berikan. Jika ada pertanyaan atau kendala yang bisa kami bantu, silakan hubungi kami melalui https://www.traveloka.com/id-id/contactus ya. -NA",2023-03-09 11:31:59,3.72.0
KHAIRUNNAS ZK,mantap,5,3.73.0,2023-03-09 09:45:11,"Halo, Khairunnas. Terima kasih banyak atas ratingnya, semoga Kakak tetap nyaman dan selau setia menjadi pelanggan Traveloka. Yuk Kak pantengin terus Traveloka Lifestyle Super App karna kami selalu berikan promo-promo yg menarik loooh, jangan sampai ketinggalan ya :) -IN",2023-03-09 10:01:51,3.73.0
Litha Abbas,Traveloka cara cepat untuk mendapatkn tiket dan info hotel..Gak perlu kemana mana cukup dirumah tiketpun siap..,5,3.63.1,2023-03-09 09:10:05,"Halo, Litha. Terima kasih banyak atas ratingnya, semoga Kakak tetap nyaman dan selau setia menjadi pelanggan Traveloka. Yuk Kak pantengin terus Traveloka Lifestyle Super App karna kami selalu berikan promo-promo yg menarik loooh, jangan sampai ketinggalan ya :) -IN",2023-03-09 09:31:11,3.63.1
Husin Syamsudin,"Mau pesan hotel diarahkan kemana²,",1,3.72.0,2023-03-09 08:41:46,"Hai Husin. Untuk melakukan pemesanan Hotel, kamu bisa mencoba melalui aplikasi Traveloka kamu langsung. Dengan pilih produk Hotel dan silakan cari hotel yang kamu mau berdasarkan tempat kunjungan kamu. Terima kasih. -KA",2023-03-09 09:04:58,3.72.0
Asia Zoom,"MasyaAllah, aplikasi yang cepat dan mudah. Harga rate hotel kompetitif dan murah.",5,3.68.0,2023-03-09 07:39:48,"Halo Kak, terima kasih banyak atas ratingnya, semoga Kakak tetap nyaman dan selau setia menjadi pelanggan Traveloka. Yuk Kak pantengin terus Traveloka Lifestyle Super App karna kami selalu berikan promo-promo yg menarik loooh, jangan sampai ketinggalan ya :)",2023-03-09 08:00:09,3.68.0
Fitry Wuland,sayang sekali biaya penanganan semakin mahal sekarang,4,3.71.0,2023-03-09 07:10:19,"Hai, Fitry. Mohon maaf atas ketidaknyamanannya. Apabila kamu merasa biaya yang kamu bayarkan tidak sesuai. Silakan menghubungi kami melalui email di cs@traveloka.com, dengan menginfokan detail pesanan kamu. Nantinya kami akan lakukan pengecekan lebih lanjut. Terima kasih. -IN",2023-03-09 07:32:03,3.71.0
Yovinus Yovinus,Good,5,3.73.0,2023-03-09 07:06:13,"Hi, thank you very much for the positive review! Please feel free to contact us at https://www.traveloka.com/contactus we're more than happy to assist you and Stay tuned for more exciting offers on Traveloka Lifestyle Super App.",2023-03-09 07:30:16,3.73.0
Abdul Ghoffar,sangat bagus & langsung di respons,5,3.72.0,2023-03-09 06:52:40,"Halo Kak, terima kasih banyak atas ratingnya, semoga Kakak tetap nyaman dan selau setia menjadi pelanggan Traveloka. Yuk Kak pantengin terus Traveloka Lifestyle Super App karna kami selalu berikan promo-promo yg menarik loooh, jangan sampai ketinggalan ya :)",2023-03-09 07:00:10,3.72.0
Yuni Ta,Pelayanannya dipermudah dan cepat tanpa ribet,5,3.72.0,2023-03-09 06:50:43,"Hi Kak, senang banget nih dapat rating bagus dari Kakak, terima kasih juga atas feedbacknya! Kenyamanan Kakak adalah prioritas Kami, jika ada pertanyaan lainnya jangan sungkan ya untuk infokan pada kami di https://www.traveloka.com/contactus . Jangan sampai ketinggalan penawaran menarik lainnya di Traveloka Lifestye Super Apps.",2023-03-09 07:00:12,3.72.0
Rafli Virgion,"Pas awal instal bagus dan bisa dibuka. Trus klo udh lama gk dibuka kok eror ya. Masak mesti di uninstal dlu, trus didownload lgi baru bisa dibuka aneh kdang.",1,,2023-03-09 06:43:33,"Halo Rafli. Mohon maaf atas ketidaknyamanan yang kamu alami. Terkait kendala kamu, pastikan jaringan internet kamu stabil ya. Jika masih error, kamu bisa re-install aplikasi Traveloka kamu. Terima kasih. -MZ",2023-03-09 07:05:04,
nasril aciel,good,5,3.72.0,2023-03-09 06:25:21,"Hi, thank you very much for the positive review! Please feel free to contact us at https://www.traveloka.com/contactus we're more than happy to assist you and Stay tuned for more exciting offers on Traveloka Lifestyle Super App.",2023-03-09 06:30:17,3.72.0
Titik Kisr,Selalu pakai traveloka kalau beli tiket pesawat,5,3.72.0,2023-03-09 06:08:01,"Hi Kak, senang banget nih dapat rating bagus dari Kakak, terima kasih juga atas feedbacknya! Kenyamanan Kakak adalah prioritas Kami, jika ada pertanyaan lainnya jangan sungkan ya untuk infokan pada kami di https://www.traveloka.com/contactus . Jangan sampai ketinggalan penawaran menarik lainnya di Traveloka Lifestye Super Apps.",2023-03-09 06:30:19,3.72.0
surya gemers,good jobs,5,3.72.0,2023-03-09 06:03:54,Thank you for leaving a good comment to us. Let us know if you have any suggestion for improvement through https://www.traveloka.com/contactus . Stay around for more interesting offers from Traveloka Lifestyle Super App!,2023-03-09 06:30:22,3.72.0
Sukaisih Esih,trimakasih..,5,3.56.1,2023-03-09 05:41:40,"Halo Kak, terima kasih banyak atas ratingnya, semoga Kakak tetap nyaman dan selau setia menjadi pelanggan Traveloka. Yuk Kak pantengin terus Traveloka Lifestyle Super App karna kami selalu berikan promo-promo yg menarik loooh, jangan sampai ketinggalan ya :)",2023-03-09 06:00:14,3.56.1
Dennis Lim,"Payah limit tdk pernah digunakan malah turun limit, giliran mau dipakai malah tidak bisa. Alasan sistem lah ini itu, percuma ngadu cs gk da solusi, tumpuan sistem lagi, padahal secara logika sistem yg buat manusia juga, amat sangat lucu traveloka. Nyesel pke traveloka.",1,,2023-03-09 05:39:14,"Halo Kak, terima kasih banyak atas ratingnya, semoga Kakak tetap nyaman dan selau setia menjadi pelanggan Traveloka. Yuk Kak pantengin terus Traveloka Lifestyle Super App karna kami selalu berikan promo-promo yg menarik loooh, jangan sampai ketinggalan ya :)",2022-09-20 16:00:12,
Mukmin Muhammad Tahir,Baik,5,3.72.0,2023-03-09 05:38:42,"Hi Kak, senang banget nih dapat rating bagus dari Kakak, terima kasih juga atas feedbacknya! Kenyamanan Kakak adalah prioritas Kami, jika ada pertanyaan lainnya jangan sungkan ya untuk infokan pada kami di https://www.traveloka.com/contactus . Jangan sampai ketinggalan penawaran menarik lainnya di Traveloka Lifestye Super Apps.",2023-03-09 06:00:17,3.72.0
Pri Yanto,Pelayanan ok,5,3.72.0,2023-03-09 05:21:12,"Halo Kak, terima kasih banyak atas ratingnya, semoga Kakak tetap nyaman dan selau setia menjadi pelanggan Traveloka. Yuk Kak pantengin terus Traveloka Lifestyle Super App karna kami selalu berikan promo-promo yg menarik loooh, jangan sampai ketinggalan ya :)",2023-03-09 05:30:14,3.72.0
Par Yanto,Ok,3,3.72.0,2023-03-09 04:55:22,"Hi Yanto, thank you very much for your support. If you have any feedback or suggestions, please write to us at https://www.traveloka.com/contactus ,our customer service would love to serve you in 24 hours. -NA",2023-03-09 05:02:09,3.72.0
Babe Nino,Ga jelas,1,3.6.0,2023-03-09 04:47:33,"Hai, Nino. Kami meminta maaf atas kendala yang kamu alami. Kamu dapat menghubungi kami melalui https://www.traveloka.com/id-id/contactus agar masalahmu bisa diselesaikan secepat mungkin.
Kami akan berikan solusi terbaik agar kamu dapat merasa puas dan layanan kami layak mendapatkan rating yang lebih baik. Terima kasih. -OE",2023-03-09 05:02:00,3.6.0
Iwan Riawan,singkat cepat,5,3.73.0,2023-03-09 04:02:40,"Halo Kak, terima kasih banyak atas ratingnya, semoga Kakak tetap nyaman dan selau setia menjadi pelanggan Traveloka. Yuk Kak pantengin terus Traveloka Lifestyle Super App karna kami selalu berikan promo-promo yg menarik loooh, jangan sampai ketinggalan ya :)",2023-03-09 04:30:10,3.73.0
Malik Ibrahim,Adakah tiket kapal di sini?,4,2.19.1,2023-03-09 03:15:30,"Hai Malik. Mohon maaf jika yang kamu maksud saat ini produk Kapal Laut, maka mohon maaf sekali belum tersedia ya Kak. Silakan cek sarana transportasi yang tersedia langsung di aplikasi Traveloka kamu. Terima kasih. -KA",2023-03-09 03:37:48,2.19.1
Muchammad aGus suparru,Muchammad aGus Supar DPR RI PDI 01 Pager # karang Annyar Karabg karangrejo Rt 04rw02,2,3.72.0,2023-03-09 02:46:31,"Halo Agus. Jika ada pertanyaan atau butuh bantuan, kamu bisa menghubungi kami melalui https://www.traveloka.com/id-id/contactus. Terima kasih. -MZ",2023-03-09 03:01:51,3.72.0
Silvia Febriani,Kenapa susah ya untuk pencarian kota nya,1,3.73.0,2023-03-09 02:39:21,"Hai, Silvia. Mohon maaf atas kendalanya. Untuk membantu kami memahami kendala kamu, mohon bantuannya untuk menyampaikan nomor pesanan kamu dan detail kendala melalui https://www.traveloka.com/contactus agar kami dapat bantu cek lebih lanjut. Terima kasih. -VK",2023-03-09 03:05:08,3.73.0
ronarinaldo rinaldo,kemudahan transaksi dan update tiket selalu terbaik,5,3.72.0,2023-03-09 02:12:11,"Halo Kak, terima kasih banyak atas ratingnya, semoga Kakak tetap nyaman dan selau setia menjadi pelanggan Traveloka. Yuk Kak pantengin terus Traveloka Lifestyle Super App karna kami selalu berikan promo-promo yg menarik loooh, jangan sampai ketinggalan ya :)",2023-03-09 02:30:09,3.72.0
Suyatno Ab,respon cepat terimakasih,5,3.58.0,2023-03-09 01:39:18,"Hi Kak, senang banget nih dapat rating bagus dari Kakak, terima kasih juga atas feedbacknya! Kenyamanan Kakak adalah prioritas Kami, jika ada pertanyaan lainnya jangan sungkan ya untuk infokan pada kami di https://www.traveloka.com/contactus . Jangan sampai ketinggalan penawaran menarik lainnya di Traveloka Lifestye Super Apps.",2023-03-09 02:00:13,3.58.0
Tias Sitepu Official,top banget,5,3.72.0,2023-03-09 00:38:50,"Hai, Tias. Terima kasih untuk review dan bintang 5 yang kamu berikan ya, mimin senang banget deh lihatnya hehehe. Sehat dan sukses selalu buat kamu serta keluarga. Mimin tunggu pesanan kamu selanjutnya :) -AM",2023-03-09 01:01:38,3.72.0
Adi Purnama,saya suka,5,3.72.0,2023-03-08 23:49:01,"Hai, Adi. Terima kasih untuk review dan bintang 5 yang kamu berikan ya, mimin senang banget deh lihatnya hehehe. Sehat dan sukses selalu buat kamu serta keluarga. Mimin tunggu pesanan kamu selanjutnya :) -AM",2023-03-09 00:01:10,3.72.0
RUDIANSYAH SH,sangat bagus,5,3.73.0,2023-03-08 23:13:24,"Halo Kak, terima kasih banyak atas ratingnya, semoga Kakak tetap nyaman dan selau setia menjadi pelanggan Traveloka. Yuk Kak pantengin terus Traveloka Lifestyle Super App karna kami selalu berikan promo-promo yg menarik loooh, jangan sampai ketinggalan ya :)",2023-03-08 23:30:10,3.73.0
Jemi Ismon,⏲️⏱️⌛📞🌎🌍🌏😂,1,,2023-03-08 23:10:53,"Hai, Kak Jemi. Apabila ada pertanyaan/kendala, silakan menghubungi kami melalui https://www.traveloka.com/id-id/contactus ya Kak. Makasih. -RZ",2023-03-08 23:34:15,
oktaviana muchlison,bagus sll pake traveloka,5,3.72.0,2023-03-08 22:29:20,"Halo Kak, terima kasih banyak atas ratingnya, semoga Kakak tetap nyaman dan selau setia menjadi pelanggan Traveloka. Yuk Kak pantengin terus Traveloka Lifestyle Super App karna kami selalu berikan promo-promo yg menarik loooh, jangan sampai ketinggalan ya :)",2023-03-08 22:30:09,3.72.0
Alfi Meko,"meski awal nya gampang tapi ada kendala di peyment nya tapi itu karena aku yg agak"" gaptek sii😆👍 tapi setelah bisa guampauangg banget😍",5,3.72.0,2023-03-08 17:33:37,"Hai Alfi, terima kasih atas feedbacknya, semoga kamu tetap setia dengan Traveloka. Jika ada pertanyaan bisa langsung infokan pada kami di https://www.traveloka.com/contactus ya Kak. Pantau terus Traveloka Lifestyle Super App untuk penawaran spesial lainnya! -AH",2023-03-08 18:02:17,3.72.0
crystianandy,"opsi pembayaran sedikit,. kalah dengan tokoed, shoppe dsb.",1,3.72.0,2023-03-08 17:12:33,"Halo Andy, mohon maaf ketidaknyamanan ini ya. Kamu bisa menggunakan kok menggunakan metode pembayaran transfer bank (BCA, Mandiri, BNI, BRI dan lainnya), Alfamart, Indomart dan lainnya ya. Terima kasih. -OR",2023-03-08 17:33:33,3.72.0
Ririe pretty,sangat membantu 👍 sangat puas 👍 sangat bagus 👍,5,3.72.0,2023-03-08 16:47:17,"Halo Kak, terima kasih banyak atas ratingnya, semoga Kakak tetap nyaman dan selau setia menjadi pelanggan Traveloka. Yuk Kak pantengin terus Traveloka Lifestyle Super App karna kami selalu berikan promo-promo yg menarik loooh, jangan sampai ketinggalan ya :)",2023-03-08 17:00:13,3.72.0
Difia Rifa,Sanga puas,5,,2023-03-08 15:32:24,"Hai, Kak Difia. Terima kasih atas apresiasinya. Mimin tunggu pesanan kamu berikutnya ya. Semoga sehat selalu 😊 -RZ",2023-03-08 16:09:29,
Alfiansyah Saputra,Bagus,4,3.73.0,2023-03-08 15:28:07,"Halo Kak, terima kasih banyak atas ratingnya, semoga Kakak tetap nyaman dan selau setia menjadi pelanggan Traveloka. Yuk Kak pantengin terus Traveloka Lifestyle Super App karna kami selalu berikan promo-promo yg menarik loooh, jangan sampai ketinggalan ya :)",2023-03-08 15:30:09,3.73.0
Flora Nguter,pemberhentian hub. kerjasama sepihak,1,,2023-03-08 15:05:49,"Hai Flora, mohon maaf sudah membuat kamu tidak nyaman. Terkait kendala yang kamu alami, mohon menginformasikan detail kendala kamu melalui link https://www.traveloka.com/contactus agar kamu dapat lakukan pengecekan lebih lanjut. Terima kasih. -AH",2023-03-08 15:31:58,
Hyra Yudha,"aplikasi terbaik,sangat mudah melakukan transaksi",5,3.72.0,2023-03-08 14:42:38,"Halo Kak, terima kasih banyak atas ratingnya, semoga Kakak tetap nyaman dan selau setia menjadi pelanggan Traveloka. Yuk Kak pantengin terus Traveloka Lifestyle Super App karna kami selalu berikan promo-promo yg menarik loooh, jangan sampai ketinggalan ya :)",2023-03-08 15:00:38,3.72.0
arif solikin,cepat dan mudah,5,3.72.0,2023-03-08 14:00:08,"Halo Kak, terima kasih banyak atas ratingnya, semoga Kakak tetap nyaman dan selau setia menjadi pelanggan Traveloka. Yuk Kak pantengin terus Traveloka Lifestyle Super App karna kami selalu berikan promo-promo yg menarik loooh, jangan sampai ketinggalan ya :)",2023-03-08 14:30:20,3.72.0
Raypanjiputra ray,Ok,5,3.73.0,2023-03-08 13:18:04,"Hi, thank you very much for the positive review! Please feel free to contact us at https://www.traveloka.com/contactus we're more than happy to assist you and Stay tuned for more exciting offers on Traveloka Lifestyle Super App.",2023-03-08 13:30:09,3.73.0
Clara shakila,Bagus sekali,5,3.36.1,2023-03-08 13:09:15,"Hi Kak, senang banget nih dapat rating bagus dari Kakak, terima kasih juga atas feedbacknya! Kenyamanan Kakak adalah prioritas Kami, jika ada pertanyaan lainnya jangan sungkan ya untuk infokan pada kami di https://www.traveloka.com/contactus . Jangan sampai ketinggalan penawaran menarik lainnya di Traveloka Lifestye Super Apps.",2023-03-08 13:30:11,3.36.1
Mar Mariyanto,puas,5,3.73.0,2023-03-08 12:50:20,"Hai Mariyanto, terima kasih sudah menggunakan Traveloka dan rating yang kamu berikan. Jika ada pertanyaan atau kendala yang bisa kami bantu, silakan hubungi kami melalui https://www.traveloka.com/id-id/contactus ya. -NA",2023-03-08 13:04:01,3.73.0
Doko Youdoko,proses pesan hotel yg cepat dan mudah,4,3.72.0,2023-03-08 12:32:35,"Halo Kak, terima kasih banyak atas ratingnya, semoga Kakak tetap nyaman dan selau setia menjadi pelanggan Traveloka. Yuk Kak pantengin terus Traveloka Lifestyle Super App karna kami selalu berikan promo-promo yg menarik loooh, jangan sampai ketinggalan ya :)",2023-03-08 13:00:11,3.72.0
Rossa Rossa,unruk saat ini memuaskan,5,3.73.0,2023-03-08 12:09:30,"Halo Kak, terima kasih banyak atas ratingnya, semoga Kakak tetap nyaman dan selau setia menjadi pelanggan Traveloka. Yuk Kak pantengin terus Traveloka Lifestyle Super App karna kami selalu berikan promo-promo yg menarik loooh, jangan sampai ketinggalan ya :)",2023-03-08 12:30:09,3.73.0
Jimmy Sugianto,👍👍👍👍,5,3.72.0,2023-03-08 10:20:17,"Halo, Jimmy. Terima kasih atas penilaiannya dan telah memilih Traveloka sebagai partner perjalanan kamu. Terima kasih. -SC",2023-03-08 10:31:38,3.72.0
primadya taruna,smoga smakin lebih baik lagi,5,3.73.0,2023-03-08 09:52:14,"Halo Kak, terima kasih banyak atas ratingnya, semoga Kakak tetap nyaman dan selau setia menjadi pelanggan Traveloka. Yuk Kak pantengin terus Traveloka Lifestyle Super App karna kami selalu berikan promo-promo yg menarik loooh, jangan sampai ketinggalan ya :)",2023-03-08 10:00:09,3.73.0
Walkhayani Manfaat,baik,5,3.71.0,2023-03-08 09:45:51,"Hi Kak, senang banget nih dapat rating bagus dari Kakak, terima kasih juga atas feedbacknya! Kenyamanan Kakak adalah prioritas Kami, jika ada pertanyaan lainnya jangan sungkan ya untuk infokan pada kami di https://www.traveloka.com/contactus . Jangan sampai ketinggalan penawaran menarik lainnya di Traveloka Lifestye Super Apps.",2023-03-08 10:00:11,3.71.0
Pratama Consulting,cakeep,4,3.72.0,2023-03-08 09:42:23,Thank you for leaving a good comment to us. Let us know if you have any suggestion for improvement through https://www.traveloka.com/contactus . Stay around for more interesting offers from Traveloka Lifestyle Super App!,2023-03-08 10:00:14,3.72.0
Joker Hamura,"sangat membantu,sukses terus 👌",5,3.51.2,2023-03-08 09:26:04,"Halo Kak, terima kasih banyak atas ratingnya, semoga Kakak tetap nyaman dan selau setia menjadi pelanggan Traveloka. Yuk Kak pantengin terus Traveloka Lifestyle Super App karna kami selalu berikan promo-promo yg menarik loooh, jangan sampai ketinggalan ya :)",2023-03-08 09:30:17,3.51.2
Mahasin Firdaus Rajni,sudah pakai wifi aplikasi nya tetep lemot,1,3.72.0,2023-03-08 09:19:43,"Hai Mahasin. Mohon maaf atas ketidaknyamanannya. Dipastikan untuk kenyamanan pengguna Traveloka, kami akan perbaiki dan tingkatkan performa Traveloka. Kalau kamu memiliki kendala, mohon hubungi kami melalui tautan ini https://www.traveloka.com/id-id/contactus. Terima kasih. -WR",2023-03-08 09:32:36,3.72.0
Rahmat Matt,mantap,5,3.72.0,2023-03-08 08:29:17,"Hai, Rahmat. Terima kasih banyak atas ratingnya. Semoga kamu tetap nyaman dan selalu setia menjadi pelanggan Traveloka. Yuk pantengin terus Traveloka Lifestyle Super App, karena kami selalu berikan promo-promo yang menarik. Jangan sampai ketinggalan ya :) -WR",2023-03-08 08:32:55,3.72.0
suripto su,top,5,3.73.0,2023-03-08 08:22:22,"Hi, thank you very much for the positive review! Please feel free to contact us at https://www.traveloka.com/contactus we're more than happy to assist you and Stay tuned for more exciting offers on Traveloka Lifestyle Super App.",2023-03-08 08:30:11,3.73.0
Irfan Kurniawan,"Fitur reschedule di traveloka sangat sulit dilakukan, sudah coba berulang kali tapi gagal, mohon dibantu review ulang prosedurnya sebelum banyak yang dirugikan Kurang lebih reschedule proses butuh waktu 3 hari karena banyak kendala dri maskapai, Alhamdulillah ditelfon utk konfirmasi dan bantuan tindakan terkait kendala",4,3.64.0,2023-03-08 08:13:54,"Hai, Irfan. Maaf banget ya buat kendala yang terjadi. Pada dasarnya untuk perubahan jadwal yang kamu ajukan akan mengacu pada ketersediaan kursi dari pihak maskapai. Mohon dibantu kirimkan nomor pemesanan kamu melalui link https://www.traveloka.com/contactus ya. Kami akan membantu kendala kamu tersebut. Terima kasih. -RF",2023-03-07 02:35:25,3.64.0
Riki,"Tolong hapus data saya , saya merasa ditipu (akun kena hack) dan saya tidak pernah melakukan pembelian tiket pesawat pakai paylatter Terimakasih",1,,2023-03-08 08:08:54,Hai Riki. Sebelumnya mohon maaf atas kendala yang kamu alami. Silakan menghubungi kami kembali melalui https://www.traveloka.com/id-id/contactus untuk pengecekan lebih lanjut. Terima kasih. -SC,2023-03-08 08:34:52,
Tri Kurnia Sari,"Sulit sekali untuk mengajukan reschedule, fitur reschedule selalu gangguan. Respon dari CS selalu mengatakan jadwal penerbangan reschedule tidak tersedia. Katanya easy reschedule, tapi bener bener sulit utk reschedule di aplikasi ini. Aplikasi sering error.. Mohon tindak lanjutnya.. Terimakasih. Update : Terimakasih traveloka atas bantuannya. Masalah reschedule telah selesai..",5,3.72.0,2023-03-08 08:05:59,"Hai, Tri. Maaf banget ya buat kendala yang terjadi. Pada dasarnya untuk perubahan jadwal yang kamu ajukan akan mengacu pada ketersediaan kursi dari pihak maskapai. Mohon dibantu kirimkan nomor pemesanan kamu melalui link https://www.traveloka.com/contactus ya. Kami akan membantu kendala kamu tersebut. Terima kasih. -RF",2023-03-07 02:34:13,3.72.0
Dewi Patria,Saya baru mencoba travelola semoga memuaskan ya,5,3.72.0,2023-03-08 08:01:37,"Hi Kak, terima kasih atas feedbacknya, semoga Kakak tetap setia dengan Traveloka. Jika ada pertanyaan lain bisa langsung infokan pada kami di https://www.traveloka.com/contactus ya, Kak. Pantau terus Traveloka Lifestyle Super App untuk penawaran spesial lainnya!",2023-03-08 08:30:19,3.72.0
Arif Wibowo,Ok,5,,2023-03-08 07:11:08,"Hi, thank you very much for the positive review! Please feel free to contact us at https://www.traveloka.com/contactus we're more than happy to assist you and Stay tuned for more exciting offers on Traveloka Lifestyle Super App.",2023-03-08 07:30:09,
M. Hasibuan,cukup bagus,5,3.73.0,2023-03-08 06:35:04,"Halo Kak, terima kasih banyak atas ratingnya, semoga Kakak tetap nyaman dan selau setia menjadi pelanggan Traveloka. Yuk Kak pantengin terus Traveloka Lifestyle Super App karna kami selalu berikan promo-promo yg menarik loooh, jangan sampai ketinggalan ya :)",2023-03-08 07:00:24,3.73.0
Khoirul Anam,sangat membantu,5,3.72.0,2023-03-08 06:27:00,"Halo Kak, terima kasih banyak atas ratingnya, semoga Kakak tetap nyaman dan selau setia menjadi pelanggan Traveloka. Yuk Kak pantengin terus Traveloka Lifestyle Super App karna kami selalu berikan promo-promo yg menarik loooh, jangan sampai ketinggalan ya :)",2023-03-08 06:30:23,3.72.0
dwi agusniati,Traveloka selalu bisa diandalkan👍👍👍,5,3.72.0,2023-03-08 06:07:31,"Hi Kak, senang banget nih dapat rating bagus dari Kakak, terima kasih juga atas feedbacknya! Kenyamanan Kakak adalah prioritas Kami, jika ada pertanyaan lainnya jangan sungkan ya untuk infokan pada kami di https://www.traveloka.com/contactus . Jangan sampai ketinggalan penawaran menarik lainnya di Traveloka Lifestye Super Apps.",2023-03-08 06:30:26,3.72.0
Ahmad Faisal,Mantap,5,3.72.0,2023-03-08 04:52:27,"Hai, Ahmad. Terima kasih untuk review dan bintang 5 yang kamu berikan ya, mimin senang banget deh lihatnya hehehe. Sehat dan sukses selalu buat kamu serta keluarga. Mimin tunggu pesanan kamu selanjutnya :) -AM",2023-03-08 05:03:10,3.72.0
Yudi Sudarya (KangBob),pembayaran saya 1.700.000 bulan februari tdk masuk,1,3.72.0,2023-03-08 04:47:02,"Halo Yudi. Kami menemukan laporan yang sama via pesan aplikasi Traveloka kamu pada nomor laporan 31xxxx41 pada tanggal 4 Maret 2023. Sesuai dengan yang disampaikan tim terkait kami bahwa pengembalian dana berlangsung hingga 2 hari kerja. Jika dana kamu belum masuk, silakan hubungi kami melalui https://www.traveloka.com/id-id/contactus. Thanks -PA",2023-03-08 05:06:57,3.72.0
Sofian,"banyak pilihan dan banyak diskon, mudah digunakan",5,3.73.0,2023-03-08 04:34:36,"Halo Kak, terima kasih banyak atas ratingnya, semoga Kakak tetap nyaman dan selau setia menjadi pelanggan Traveloka. Yuk Kak pantengin terus Traveloka Lifestyle Super App karna kami selalu berikan promo-promo yg menarik loooh, jangan sampai ketinggalan ya :)",2023-03-08 05:00:26,3.73.0
Syahidin Ahmad,"3x daftar paylater gagal, padahal transaksi, menggunakan traveloka, mending hapus pindah ke aplikasi lain, lebih mudah dan murah",1,3.72.0,2023-03-08 04:03:38,"Halo Kak Syahidin. Mohon maaf atas ketidaknyamanan kamu. Terkait pendaftaran PayLater kamu, silakan menghubungi kami melalui https://www.traveloka.com/id-id/contactus untuk pengecekan lebih lanjut. Terima kasih. -MZ",2023-03-08 04:33:35,3.72.0
Didik Cahyono,Ok,5,3.71.1,2023-03-08 03:32:55,"Hi, thank you very much for the positive review! Please feel free to contact us at https://www.traveloka.com/contactus we're more than happy to assist you and Stay tuned for more exciting offers on Traveloka Lifestyle Super App.",2023-03-08 04:00:10,3.71.1
Azmi Farda,mudah dan terbukti,5,3.72.0,2023-03-08 02:38:27,"Halo Kak, terima kasih banyak atas ratingnya, semoga Kakak tetap nyaman dan selau setia menjadi pelanggan Traveloka. Yuk Kak pantengin terus Traveloka Lifestyle Super App karna kami selalu berikan promo-promo yg menarik loooh, jangan sampai ketinggalan ya :)",2023-03-08 03:00:21,3.72.0
Justin Asaribab,terimakasih 🙏😇🥰,5,3.71.1,2023-03-08 02:31:15,"Hi Kak, senang banget nih dapat rating bagus dari Kakak, terima kasih juga atas feedbacknya! Kenyamanan Kakak adalah prioritas Kami, jika ada pertanyaan lainnya jangan sungkan ya untuk infokan pada kami di https://www.traveloka.com/contactus . Jangan sampai ketinggalan penawaran menarik lainnya di Traveloka Lifestye Super Apps.",2023-03-08 03:00:25,3.71.1
Joni Hendra,proses pembelian tiket sangat cepat,5,3.73.0,2023-03-08 01:49:24,"Halo Kak, terima kasih banyak atas ratingnya, semoga Kakak tetap nyaman dan selau setia menjadi pelanggan Traveloka. Yuk Kak pantengin terus Traveloka Lifestyle Super App karna kami selalu berikan promo-promo yg menarik loooh, jangan sampai ketinggalan ya :)",2023-03-08 02:00:14,3.73.0
Dewi Citra,ok banget. Alhamdullilah selama ini boking hotel dll lancar2 aja👍😁,5,3.72.0,2023-03-08 01:49:21,"Hi Kak, senang banget nih dapat rating bagus dari Kakak, terima kasih juga atas feedbacknya! Kenyamanan Kakak adalah prioritas Kami, jika ada pertanyaan lainnya jangan sungkan ya untuk infokan pada kami di https://www.traveloka.com/contactus . Jangan sampai ketinggalan penawaran menarik lainnya di Traveloka Lifestye Super Apps.",2023-03-08 02:00:17,3.72.0
Suher manto,great,5,3.72.0,2023-03-08 01:04:19,"Hi, thank you very much for the positive review! Please feel free to contact us at https://www.traveloka.com/contactus we're more than happy to assist you and Stay tuned for more exciting offers on Traveloka Lifestyle Super App.",2023-03-08 01:30:10,3.72.0
Muhammad Nasai,simpel,5,3.73.0,2023-03-08 00:53:42,"Hai, Nasai. Senangnya mendapat bintang lima dari kamu, terima kasih atas apresiasinya, semoga kamu tetap nyaman dan selalu setia menjadi pelanggan Traveloka. Yuk pantengin terus Traveloka karena kami selalu berikan promo-promo yang menarik loooh, jangan sampai ketinggalan ya :) -RF",2023-03-08 01:01:43,3.73.0
Mei Khan,terimakasih sudah mempermudah perjalanan ku,5,3.72.0,2023-03-08 00:39:12,"Halo Kak, terima kasih banyak atas ratingnya, semoga Kakak tetap nyaman dan selau setia menjadi pelanggan Traveloka. Yuk Kak pantengin terus Traveloka Lifestyle Super App karna kami selalu berikan promo-promo yg menarik loooh, jangan sampai ketinggalan ya :)",2023-03-08 01:00:17,3.72.0
Priska Junita,Ga bagus,5,,2023-03-08 00:21:02,"Hai, Priska. Mohon maaf atas ketidaknyamanannya ya. Untuk membantu kami memahami kendala yang kamu alami, mohon bantuan kamu untuk menginformasikan detail kendala yang dimaksud beserta nomor pesanan (jika ada) melalui https://www.traveloka.com/contactus ya. Kami akan berusaha untuk membantu kendala kamu tersebut. Terima kasih. -RF",2023-03-08 00:32:18,
Hikmah Suryaningsih,"Saya mau cari informasi tentang hotel, kenapa sistemanya eror terus ya?? Sebelum di upgeread baik - baik saja, tp setelah di upgread jadi sering eror",1,3.72.0,2023-03-07 22:14:15,"Hai Hikmah, mohon maaf ketidaknyamanan ini ya. Boleh infokan rincian pemesanan dan lampirkan respon error yang kamu alami melalui tautan ini untuk kami cek lebih lanjut ya https://www.traveloka.com/id-id/contactus. Terima kasih. -OR",2023-03-07 22:32:53,3.72.0
Rina Wati,terpercaya,5,3.72.0,2023-03-07 20:32:37,"Halo Kak, terima kasih banyak atas ratingnya, semoga Kakak tetap nyaman dan selau setia menjadi pelanggan Traveloka. Yuk Kak pantengin terus Traveloka Lifestyle Super App karna kami selalu berikan promo-promo yg menarik loooh, jangan sampai ketinggalan ya :)",2023-03-07 21:00:10,3.72.0
Syahmi Aditya,keren,5,3.73.0,2023-03-07 19:32:39,"Hi Kak, senang banget nih dapat rating bagus dari Kakak, terima kasih juga atas feedbacknya! Kenyamanan Kakak adalah prioritas Kami, jika ada pertanyaan lainnya jangan sungkan ya untuk infokan pada kami di https://www.traveloka.com/contactus . Jangan sampai ketinggalan penawaran menarik lainnya di Traveloka Lifestye Super Apps.",2023-03-07 20:00:16,3.73.0
sutadi agung yuono,"Aplikasi yg membantu dlm pemesanan baik hotel dll, semoga selalu menjadi pilihan, tambah discount, souvenir atau promo2 untuk penggunanya.",5,3.72.0,2023-03-07 19:28:07,"Halo Kak, terima kasih banyak atas ratingnya, semoga Kakak tetap nyaman dan selau setia menjadi pelanggan Traveloka. Yuk Kak pantengin terus Traveloka Lifestyle Super App karna kami selalu berikan promo-promo yg menarik loooh, jangan sampai ketinggalan ya :)",2023-03-07 19:30:10,3.72.0
Saryani Rojak,bagus,4,3.72.0,2023-03-07 18:01:27,"Halo Kak, terima kasih banyak atas ratingnya, semoga Kakak tetap nyaman dan selau setia menjadi pelanggan Traveloka. Yuk Kak pantengin terus Traveloka Lifestyle Super App karna kami selalu berikan promo-promo yg menarik loooh, jangan sampai ketinggalan ya :)",2023-03-07 18:30:22,3.72.0
Yoris Gulo,"Banyak trap, banyak tipuan. Padahal saya pelanggan tetap bertahun-tahun.",1,3.73.0,2023-03-07 18:00:32,Hai Kak. Mohon maaf atas ketidaknyamanannya. Mohon untuk sampaikan keluhan kamu secara detail melalui https://www.traveloka.com/id-id/contactus. Supaya kami dapat membantu permasalahan kamu. Terima kasih. -DA,2023-03-07 18:31:39,3.73.0
Ardli,"Salut sama cs nya traveloka, karna fast respone walau di hubungin malem2. Karna salah masukin kode bayar langsung hubungin cs nya dan langsung bisa di tanganin. Terima kasih traveloka",5,3.72.0,2023-03-07 17:54:01,"Halo Kak, terima kasih banyak atas ratingnya, semoga Kakak tetap nyaman dan selau setia menjadi pelanggan Traveloka. Yuk Kak pantengin terus Traveloka Lifestyle Super App karna kami selalu berikan promo-promo yg menarik loooh, jangan sampai ketinggalan ya :)",2023-03-07 18:00:22,3.72.0
Nona Mery,APLIKASI MEMANG TERPERCAYA GA USAH DI RAGUKAN BOOKING TIKET KERETA ARUS MUDIK ALLHAMDLLILAH DAPET BERKAT TRAVELOKA TERIMAKSIH,5,3.73.0,2023-03-07 17:46:56,"Hi Kak, senang banget nih dapat rating bagus dari Kakak, terima kasih juga atas feedbacknya! Kenyamanan Kakak adalah prioritas Kami, jika ada pertanyaan lainnya jangan sungkan ya untuk infokan pada kami di https://www.traveloka.com/contactus . Jangan sampai ketinggalan penawaran menarik lainnya di Traveloka Lifestye Super Apps.",2023-03-07 18:00:24,3.73.0
Anna Siswanty,sangat membantu sekali,5,3.72.0,2023-03-07 17:16:54,"Halo Kak, terima kasih banyak atas ratingnya, semoga Kakak tetap nyaman dan selau setia menjadi pelanggan Traveloka. Yuk Kak pantengin terus Traveloka Lifestyle Super App karna kami selalu berikan promo-promo yg menarik loooh, jangan sampai ketinggalan ya :)",2023-03-07 17:30:13,3.72.0
akhmad sudarmaji,mudah & hemat,5,3.72.0,2023-03-07 16:54:01,"Halo Kak, terima kasih banyak atas ratingnya, semoga Kakak tetap nyaman dan selau setia menjadi pelanggan Traveloka. Yuk Kak pantengin terus Traveloka Lifestyle Super App karna kami selalu berikan promo-promo yg menarik loooh, jangan sampai ketinggalan ya :)",2023-03-07 17:00:15,3.72.0
Hilal Nj,"Terima kasih, setelah sekian purnama masalah saya teratasi,,",5,3.72.0,2023-03-07 16:17:53,"Hai, Hilal. Mohon maaf atas ketidaknyamanannya. Saat ini laporan kamu masih dalam pengecekan tim terkait kami ya. Mohon tunggu konfirmasi selanjutnya dari tim kami melalui inbox aplikasi kamu. Terima kasih. -SY",2023-02-24 07:07:33,3.72.0
Guntur Prasetya,Payah,1,3.72.0,2023-03-07 15:11:52,"Hai, Kak Guntur. Mohon maaf apabila ada hal yang membuat kamu nggak nyaman. Agar kami bisa bantu cek lebih lanjut, silakan menghubungi kami melalui https://www.traveloka.com/id-id/contactus dengan menginformasikan detail kendala yang kamu alami. Makasih 🙏 -RZ",2023-03-07 15:33:14,3.72.0
Arbyan MV,okee,4,3.71.1,2023-03-07 15:06:45,"Hai Arbyan, makasih banget feedback yang kamu sampaikan ya. Kalau kamu ada pertanyaan, boleh sampaikan juga melalui tautan ini https://www.traveloka.com/id-id/contactus. Terima kasih. -OR",2023-03-07 15:34:17,3.71.1
Milka Kbarek Tajo,sangat membantu,5,3.72.0,2023-03-07 15:04:43,"Halo Kak, terima kasih banyak atas ratingnya, semoga Kakak tetap nyaman dan selau setia menjadi pelanggan Traveloka. Yuk Kak pantengin terus Traveloka Lifestyle Super App karna kami selalu berikan promo-promo yg menarik loooh, jangan sampai ketinggalan ya :)",2023-03-07 15:30:12,3.72.0
Prince Nicol,Mayan,5,,2023-03-07 14:48:26,"Hai kak, senangnya mendapat bintang lima dari kamu, terima kasih atas apresiasinya, semoga kaka tetap nyaman dan selau setia menjadi pelanggan Traveloka, yuk ka pantengin terus traveloka karna kami selalu berikan promo promo yg menarik loooh, jangan sampai ketinggalan ya. -DA",2023-03-07 15:01:21,
Sidki Ajja,sipppppp ajibbbb,5,3.72.0,2023-03-07 14:43:07,"Thân chào, cảm ơn bạn rất nhiều về việc đánh giá tích cực dành cho dịch vụ! Vui lòng liên hệ đến https://www.traveloka.com/contactus, chúng tôi rất vui được hỗ trợ bạn và đừng quên theo dõi các ưu đãi hấp dẫn trên Traveloka Lifestyle Super App.",2023-03-07 15:00:10,3.72.0
Unknown Clothing,selalu memuaskan,5,3.72.0,2023-03-07 14:10:24,"Halo Kak, terima kasih banyak atas ratingnya, semoga Kakak tetap nyaman dan selau setia menjadi pelanggan Traveloka. Yuk Kak pantengin terus Traveloka Lifestyle Super App karna kami selalu berikan promo-promo yg menarik loooh, jangan sampai ketinggalan ya :)",2023-03-07 14:30:10,3.72.0
abraham amrullah,nice,5,3.72.0,2023-03-07 14:01:01,Thank you for leaving a good comment to us. Let us know if you have any suggestion for improvement through https://www.traveloka.com/contactus . Stay around for more interesting offers from Traveloka Lifestyle Super App!,2023-03-07 14:30:15,3.72.0
Egi Kanijara,"Sistem eror, mau beli yg murah, karena eror, akhirnya tiketnya naik drastis.. Rugi 500rbu..",1,3.72.0,2023-03-07 13:33:31,"Halo, Kak Egi. Maaf sekali telah membuat Kakak kecewa. Mohon infokan kembali ke kami kendala Kakak melalui https://www.traveloka.com/contactus ya. Kami sangat ingin membantu menyelesaikan permasalahan kakak. Terima kasih. -RU",2023-03-07 14:05:17,3.72.0
Tolle-CB CBTERMINALSURABAYA,Cek,4,3.72.0,2023-03-07 13:29:29,"Halo Kak, terima kasih banyak atas ratingnya, semoga Kakak tetap nyaman dan selau setia menjadi pelanggan Traveloka. Yuk Kak pantengin terus Traveloka Lifestyle Super App karna kami selalu berikan promo-promo yg menarik loooh, jangan sampai ketinggalan ya :)",2023-03-07 13:30:09,3.72.0
Catz Budiawan,Oke,5,3.72.0,2023-03-07 13:23:36,"Hai, Kak Budiawan. Senang banget dapat bintang lima dari Kakak, terima kasih atas apresiasinya. Semoga pengalaman Kakak bersama Traveloka selalu menyenangkan :) -RU",2023-03-07 13:32:43,3.72.0
Angger Bayu,"Gak bisa pesen tiket bioskop, menu bioskoo tidak ada padahal dulu ada",1,,2023-03-07 12:13:28,"Halo, Kak Angger. Sebagai strategi bisnis dan prioritas perusahaan, maka kami menghentikan layanan Movies dari penyedia CGV sejak tanggal 6 Februari 2023 pada Pukul 00:00. Oleh karena itu, layanan Movies tidak lagi dapat ditemukan dan dipesan melalui Traveloka. Terima kasih. -RU",2023-03-07 12:37:26,
Darsono Irawan,ckp ok proses pembelian tiket,5,3.72.0,2023-03-07 11:43:04,"Halo, Darsono. Terima kasih atas feedback kamu, jangan sungkan untuk hubungi kami ya jika mempunyai pertanyaan. Kamu bisa hubungi kami melalui https://www.traveloka.com/id-id/contactus ya. Terima kasih. -PA",2023-03-07 12:03:00,3.72.0
evi nurjanah,Mantabbb,5,3.72.0,2023-03-07 11:27:33,"Hi, thank you very much for the positive review! Please feel free to contact us at https://www.traveloka.com/contactus we're more than happy to assist you and Stay tuned for more exciting offers on Traveloka Lifestyle Super App.",2023-03-07 11:30:12,3.72.0
Ahmad fidyani (Together Cattery),mantap,5,3.72.0,2023-03-07 11:06:45,"Hai, Kak Ahmad. Senang banget dapat bintang lima dari Kakak, terima kasih atas apresiasinya. Semoga selalu suka ya Kak sama Traveloka :) -RU",2023-03-07 11:32:55,3.72.0
Sitoy Toy,semoga Traveloka sukses selalu,5,3.72.0,2023-03-07 11:03:14,"Hi Kak, senang banget nih dapat rating bagus dari Kakak, terima kasih juga atas feedbacknya! Kenyamanan Kakak adalah prioritas Kami, jika ada pertanyaan lainnya jangan sungkan ya untuk infokan pada kami di https://www.traveloka.com/contactus . Jangan sampai ketinggalan penawaran menarik lainnya di Traveloka Lifestye Super Apps.",2023-03-07 11:30:15,3.72.0
Yumi Z,Kenapa untuk klik jumlah orang yg akan naik kereta susah sekali di swipe,2,3.72.0,2023-03-07 10:57:32,"Hai Kak Yumi, maaf sebelumnya. Untuk kendala kamu di pastikan jaringan yang di gunakan dalam keadaan stabil serta device yang digunakan mendukung ya kak agar tidak terkendala pada saat kamu membuka aplikasi. Terima kasih -IN",2021-12-11 10:32:37,3.72.0
Karmadi Ners,Very good,5,,2023-03-07 10:20:16,"Hi, thank you very much for the positive review! Please feel free to contact us at https://www.traveloka.com/contactus we're more than happy to assist you and Stay tuned for more exciting offers on Traveloka Lifestyle Super App.",2023-03-07 10:30:10,
ma haris,Efektif & Efisien utk Perjalanan,5,3.72.0,2023-03-07 09:28:11,"Halo Kak, terima kasih banyak atas ratingnya, semoga Kakak tetap nyaman dan selau setia menjadi pelanggan Traveloka. Yuk Kak pantengin terus Traveloka Lifestyle Super App karna kami selalu berikan promo-promo yg menarik loooh, jangan sampai ketinggalan ya :)",2023-03-07 09:30:08,3.72.0
Bayu Purnama,sangat puas,5,3.72.0,2023-03-07 09:05:01,"Hi Kak, senang banget nih dapat rating bagus dari Kakak, terima kasih juga atas feedbacknya! Kenyamanan Kakak adalah prioritas Kami, jika ada pertanyaan lainnya jangan sungkan ya untuk infokan pada kami di https://www.traveloka.com/contactus . Jangan sampai ketinggalan penawaran menarik lainnya di Traveloka Lifestye Super Apps.",2023-03-07 09:30:12,3.72.0
bagus wong,sangat memudahkan kita menjangkau impian keluarga hahaha,5,3.72.0,2023-03-07 08:49:31,"Hai Bagus. Terima kasih banyak atas ratingnya, semoga kamu tetap nyaman dan selalu setia menjadi pelanggan Traveloka. Yuk Kak pantengin terus Traveloka Lifestyle Super App karna kami selalu berikan promo-promo yang menarik. Jangan sampai ketinggalan ya. :) -NT",2023-03-07 09:02:24,3.72.0
vefi junita,mantap,5,3.72.0,2023-03-07 08:48:12,Hai Vefi. Makasih buat rating yang kamu berikan ya! Mimin tunggu pesanan kamu selanjutnya di Traveloka :) -RM,2023-03-07 09:02:36,3.72.0
Sumari Sumari,respon cepat,5,3.72.0,2023-03-07 07:58:41,"Halo Kak, terima kasih banyak atas ratingnya, semoga Kakak tetap nyaman dan selau setia menjadi pelanggan Traveloka. Yuk Kak pantengin terus Traveloka Lifestyle Super App karna kami selalu berikan promo-promo yg menarik loooh, jangan sampai ketinggalan ya :)",2023-03-07 08:00:14,3.72.0
Iwan Batubara,baik...sangaat puas,5,,2023-03-07 07:52:43,"Hi Kak, senang banget nih dapat rating bagus dari Kakak, terima kasih juga atas feedbacknya! Kenyamanan Kakak adalah prioritas Kami, jika ada pertanyaan lainnya jangan sungkan ya untuk infokan pada kami di https://www.traveloka.com/contactus . Jangan sampai ketinggalan penawaran menarik lainnya di Traveloka Lifestye Super Apps.",2023-03-07 08:00:16,
Isramin Isra,mantap,5,3.72.0,2023-03-07 07:15:00,"Hai, Kak Isramin. Senang banget dapat bintang lima dari Kakak, terima kasih atas apresiasinya. Semoga pengalaman Kakak bersama Traveloka selalu menyenangkan :) -RU",2023-03-07 07:32:24,3.72.0
Manis Manja 1282,Terbaik,5,3.72.0,2023-03-07 07:07:40,"Hai, Kak Manis. Terima kasih untuk review dan bintang 5 yang kamu berikan ya, mimin senang banget deh lihatnya hehehe. Sehat dan sukses selalu buat kamu serta keluarga. Mimin tunggu pesanan kamu selanjutnya :) -AM",2023-03-07 07:32:36,3.72.0
Yan Hendarto Mat,baik...,5,3.72.0,2023-03-07 06:58:44,"Halo Kak, terima kasih banyak atas ratingnya, semoga Kakak tetap nyaman dan selau setia menjadi pelanggan Traveloka. Yuk Kak pantengin terus Traveloka Lifestyle Super App karna kami selalu berikan promo-promo yg menarik loooh, jangan sampai ketinggalan ya :)",2023-03-07 07:00:14,3.72.0
ycha lomo,bintang yang berbicara❤,5,3.72.0,2023-03-07 06:54:56,"Hi Kak, senang banget nih dapat rating bagus dari Kakak, terima kasih juga atas feedbacknya! Kenyamanan Kakak adalah prioritas Kami, jika ada pertanyaan lainnya jangan sungkan ya untuk infokan pada kami di https://www.traveloka.com/contactus . Jangan sampai ketinggalan penawaran menarik lainnya di Traveloka Lifestye Super Apps.",2023-03-07 07:00:17,3.72.0
Farid Faisal,"Refund tiket yg ribet...sebelumnya di refund dgn voucher travel credit senilai 60% dari harga tiket, pas voucher nya di reedem ke maskapai malah gk bisa digunakan, ajuin komplen malah dikirim lagi travel credit senilai 80% dri harga maskapai, dan tiba2 besok nya refund di ajuin otomatis oleh traveloka nya, tapi refund nya di tolak...sangat jelek apk nya...tidak membantu menyelesaikan masalah",1,3.72.0,2023-03-07 06:44:02,Hai Kak Farid. Maaf untuk kendala yang dialami. Mohon informasikan kepada kami detail kendala yang Anda alami melalui pesan pada aplikasi Traveloka atau melalui email ke cs@traveloka.com agar kami dapat membantu lebih lanjut. Terima kasih. -KA,2023-03-07 07:05:06,3.72.0
Tenggarong Tenggarong,bagus,5,3.71.1,2023-03-07 06:32:30,"Hi Kak, terima kasih atas feedbacknya, semoga Kakak tetap setia dengan Traveloka. Jika ada pertanyaan lain bisa langsung infokan pada kami di https://www.traveloka.com/contactus ya, Kak. Pantau terus Traveloka Lifestyle Super App untuk penawaran spesial lainnya!",2023-03-07 07:00:21,3.71.1
Ardhian Permana,terbaik ...,5,3.72.0,2023-03-07 06:25:36,"Hai Ardhian. Terima kasih banyak atas ratingnya, semoga kamu tetap nyaman dan selalu setia menjadi pelanggan Traveloka. Yuk Kak pantengin terus Traveloka Lifestyle Super App karna kami selalu berikan promo-promo yang menarik. Jangan sampai ketinggalan ya. :) -NT",2023-03-07 06:33:29,3.72.0
Ronny Firmansyah,top,5,3.72.0,2023-03-07 05:50:36,"Hi, thank you very much for the positive review! Please feel free to contact us at https://www.traveloka.com/contactus we're more than happy to assist you and Stay tuned for more exciting offers on Traveloka Lifestyle Super App.",2023-03-07 06:00:09,3.72.0
Suwita Mulyawan,Good,5,3.72.0,2023-03-07 05:43:12,"Hi, we are so grateful to get a lot of support from you. Hope you continue to enjoy our offers. If you have any feedback or suggestions, let us know on https://www.traveloka.com/contactus, our customer service would love to serve you in 24 hours. Thank you!",2023-03-07 06:00:12,3.72.0
Asep Teletubies,Mengecewakan,1,,2023-03-07 05:22:03,"Hai, Asep. Mohon maaf sudah membuat kamu kecewa. Dipastikan untuk kenyamanan pengguna Traveloka, kami akan perbaiki dan tingkatkan performa Traveloka. Untuk memahami kendala kamu, mohon hubungi kami melalui tautan ini https://www.traveloka.com/contactus. Terima kasih. -SM",2023-03-07 05:35:57,
Putri Mahardika,sangat membantu,5,3.72.0,2023-03-07 05:13:38,"Hi Kak, senang banget nih dapat rating bagus dari Kakak, terima kasih juga atas feedbacknya! Kenyamanan Kakak adalah prioritas Kami, jika ada pertanyaan lainnya jangan sungkan ya untuk infokan pada kami di https://www.traveloka.com/contactus . Jangan sampai ketinggalan penawaran menarik lainnya di Traveloka Lifestye Super Apps.",2023-03-07 05:30:16,3.72.0
Mommy Trio Donissa,"sangat membantu saya untuk kepentingan traveling....booking hotel,tiket pesawat,dll",5,3.72.0,2023-03-07 04:46:32,"Halo Kak, terima kasih banyak atas ratingnya, semoga Kakak tetap nyaman dan selau setia menjadi pelanggan Traveloka. Yuk Kak pantengin terus Traveloka Lifestyle Super App karna kami selalu berikan promo-promo yg menarik loooh, jangan sampai ketinggalan ya :)",2023-03-07 05:00:32,3.72.0
Rish Pras,Traveloka.bagis cuma.buka hotel nya.kenapa error,5,3.72.0,2023-03-07 04:40:01,"Hi Kak, senang banget nih dapat rating bagus dari Kakak, terima kasih juga atas feedbacknya! Kenyamanan Kakak adalah prioritas Kami, jika ada pertanyaan lainnya jangan sungkan ya untuk infokan pada kami di https://www.traveloka.com/contactus . Jangan sampai ketinggalan penawaran menarik lainnya di Traveloka Lifestye Super Apps.",2023-03-07 05:00:34,3.72.0
Pengguna Google,"Pas buka aplikasi langsung di suruh update, padahal baru update minggu kemaren, Aneh dan sering error pas check jadwal hotel tidak tersedia.",3,3.72.0,2023-03-07 04:08:32,"Hai, Kak. Mimin sarankan kalau ada permintaan update aplikasi, kamu langsung update ya. Karena itu membuat akun kamu akan beroperasi lebih baik. Sedangkan untuk Hotel, kalau tidak tersedia, artinya kamar sudah penuh. Silakan cari di tanggal lain ya. Terima kasih. -AM",2023-03-07 04:32:48,3.72.0
nizam said20,Alhamdulillah,5,3.55.0,2023-03-07 03:09:30,Hai Nizam. Terima kasih untuk review dan bintang 5 yang kamu berikan. Mimin senang banget deh lihatnya. Sukses dan sehat selalu buat kamu dan keluarga ya. Mimin tunggu pesanan kamu selanjutnya :) -RM,2023-03-07 03:33:16,3.55.0
Kiki Riski Aprilia,mantap,5,3.72.0,2023-03-07 01:47:18,"Hai Kiki, terima kasih sudah menggunakan Traveloka dan rating yang kamu berikan. Jika ada pertanyaan atau kendala yang bisa kami bantu, silakan hubungi kami melalui https://www.traveloka.com/id-id/contactus ya. Terima kasih. -NA",2023-03-07 02:03:00,3.72.0
Andreas Kurniawarman,Apk tidak jalan,1,3.72.0,2023-03-07 00:41:47,"Hai Andreas, maaf atas kendala yang kamu alami. Pastikan kamu sudah update aplikasi ke versi terbaru dan jaringan internet dalam keadaan stabil. Jika ada pertanyaan atau kendala yang bisa kami bantu, silakan hubungi kami melalui https://www.traveloka.com/id-id/contactus ya. Terima kasih. -NA",2023-03-07 01:01:42,3.72.0
nirwanadesaputra 07,bagus banget ga ribet Cepat dan mudah,5,3.71.1,2023-03-06 21:47:27,"Hi Kak, terima kasih atas feedbacknya, semoga Kakak tetap setia dengan Traveloka. Jika ada pertanyaan lain bisa langsung infokan pada kami di https://www.traveloka.com/contactus ya, Kak. Pantau terus Traveloka Lifestyle Super App untuk penawaran spesial lainnya!",2023-02-14 11:30:20,3.71.1
Mail Lutfhi,Aplikasi taiiikkkk,1,,2023-03-06 21:40:30,Hai Kak. Mohon maaf atas ketidaknyamanannya. Mohon untuk sampaikan keluhan kamu secara detail melalui https://www.traveloka.com/id-id/contactus. Supaya kami dapat membantu permasalahan kamu. Terima kasih. -DA,2023-03-06 22:02:17,
Dewi Chintia Kolbuniah,good application 🥰,5,3.72.0,2023-03-06 20:31:03,"Hi, thank you very much for the positive review! Please feel free to contact us at https://www.traveloka.com/contactus we're more than happy to assist you and Stay tuned for more exciting offers on Traveloka Lifestyle Super App.",2023-03-06 21:00:10,3.72.0
Soe Kamto,Pengalaman. Saya. Kleneng. dan. Membantu. orang. sakit,5,,2023-03-06 19:38:13,"Hai kak, senangnya mendapat bintang lima dari kamu, terima kasih atas apresiasinya, semoga kaka tetap nyaman dan selau setia menjadi pelanggan Traveloka, yuk ka pantengin terus traveloka karna kami selalu berikan promo promo yg menarik loooh, jangan sampai ketinggalan ya. -DA",2023-03-06 20:37:09,
Wawan Setiawan,sangat membantu tks,5,3.72.0,2023-03-06 18:53:06,"Halo Kak, terima kasih banyak atas ratingnya, semoga Kakak tetap nyaman dan selau setia menjadi pelanggan Traveloka. Yuk Kak pantengin terus Traveloka Lifestyle Super App karna kami selalu berikan promo-promo yg menarik loooh, jangan sampai ketinggalan ya :)",2023-03-06 19:00:40,3.72.0
arifbilah Ahmad Mujahidin Al waktu,Saya kasih bintang 5 karena saya berharap sama teman teman bisa selamatkan paru paru dunia,5,3.69.0,2023-03-06 18:52:51,"Hi Kak, senang banget nih dapat rating bagus dari Kakak, terima kasih juga atas feedbacknya! Kenyamanan Kakak adalah prioritas Kami, jika ada pertanyaan lainnya jangan sungkan ya untuk infokan pada kami di https://www.traveloka.com/contactus . Jangan sampai ketinggalan penawaran menarik lainnya di Traveloka Lifestye Super Apps.",2023-03-06 19:00:42,3.69.0
MASHUDI SDIT AL MUHAJIRIN,good job,3,3.72.0,2023-03-06 18:35:45,"Hi, Mashudi. Thank you for the appreciation. We look forward for your next order. -RZ",2023-03-06 19:05:59,3.72.0
cakdo bagoes,OK,5,3.72.0,2023-03-06 18:25:21,"Hi, thank you very much for the positive review! Please feel free to contact us at https://www.traveloka.com/contactus we're more than happy to assist you and Stay tuned for more exciting offers on Traveloka Lifestyle Super App.",2023-03-06 18:30:09,3.72.0
Anas Azizan,"Jauh lebih baik daripada KAI acces, gimana sih bumn..",5,3.72.0,2023-03-06 18:23:19,"Hi Kak, senang banget nih dapat rating bagus dari Kakak, terima kasih juga atas feedbacknya! Kenyamanan Kakak adalah prioritas Kami, jika ada pertanyaan lainnya jangan sungkan ya untuk infokan pada kami di https://www.traveloka.com/contactus . Jangan sampai ketinggalan penawaran menarik lainnya di Traveloka Lifestye Super Apps.",2023-03-06 18:30:12,3.72.0
Oppo A1k,Salam kenal. Saya mau cari Tante puas puasan dengan aku siap untuk digunakan sebagai budak nafsu Tante,4,3.73.0,2023-03-06 18:08:49,"Hi Kak, terima kasih atas feedbacknya, semoga Kakak tetap setia dengan Traveloka. Jika ada pertanyaan lain bisa langsung infokan pada kami di https://www.traveloka.com/contactus ya, Kak. Pantau terus Traveloka Lifestyle Super App untuk penawaran spesial lainnya!",2023-03-06 18:30:14,3.73.0
novita sari,Cacad banget aplikasinya buat mesen tiket kereta eror mulu.,1,3.72.0,2023-03-06 17:53:58,"Halo Novita, mohon maaf ketidaknyamanan ini ya Kak. Boleh infokan rincian kendala kamu melalui tautan ini untuk pengecekan lebih lanjut https://www.traveloka.com/id-id/contactus. Terima kasih. -OR",2023-03-06 18:02:04,3.72.0
goes gantenk gantenk,puas,5,3.72.0,2023-03-06 17:38:24,"Hai, Kak. Makasih atas apresiasinya. Mimin tunggu pesanan kamu berikutnya ya. Semoga sehat selalu 😊 -RZ",2023-03-06 18:07:18,3.72.0
Hendra Widya Putra,"Kontolahhh, nyari tiket mudik malah eror, gini mau IPO perusahaan taik",1,3.73.0,2023-03-06 17:23:50,Hai Kak. Mohon maaf atas ketidaknyamanannya. Mohon untuk sampaikan keluhan kamu secara detail melalui https://www.traveloka.com/id-id/contactus. Supaya kami dapat membantu permasalahan kamu. Terima kasih. -DA,2023-03-06 17:31:14,3.73.0
Ahmad Rifai,"Sangat mengecewakan system tipuan nya di traveloka paylater nya , paylater lain tidak seperti ini , masa tidak jadi pakai cancel bunga nya harus tetap dibayar ??? SANGAT MERUGIKAN !",1,3.73.0,2023-03-06 16:03:50,Hai. Kak Ahmad. Mohon maaf untuk ketidaknyamanan yang terjadi. Kami menemukan informasi keluhan Kakak sebelumnya dan sudah diinformasikan melalui DM instagram. Mohon lakukan pengecekan ya Kak 🙏 -RZ,2023-03-06 16:38:58,3.73.0
Azkiya Ramadani,very good application,5,3.71.1,2023-03-06 15:55:45,"Hi, we are so grateful to get a lot of support from you. Hope you continue to enjoy our offers. If you have any feedback or suggestions, let us know on https://www.traveloka.com/contactus, our customer service would love to serve you in 24 hours. Thank you!",2023-03-06 16:00:23,3.71.1
Nur Kasanah,good,5,,2023-03-06 15:48:03,Thank you for leaving a good comment to us. Let us know if you have any suggestion for improvement through https://www.traveloka.com/contactus . Stay around for more interesting offers from Traveloka Lifestyle Super App!,2023-03-06 16:00:26,
Hen Dry,Oke,5,,2023-03-06 15:19:32,"Hai kak, senangnya mendapat bintang lima dari kamu, terima kasih atas apresiasinya, semoga kaka tetap nyaman dan selau setia menjadi pelanggan Traveloka, yuk ka pantengin terus traveloka karna kami selalu berikan promo promo yg menarik loooh, jangan sampai ketinggalan ya. -DA",2023-03-06 15:41:54,
idam wibowo,oke banget,4,3.72.0,2023-03-06 15:16:11,"Halo Kak, terima kasih banyak atas ratingnya, semoga Kakak tetap nyaman dan selau setia menjadi pelanggan Traveloka. Yuk Kak pantengin terus Traveloka Lifestyle Super App karna kami selalu berikan promo-promo yg menarik loooh, jangan sampai ketinggalan ya :)",2023-03-06 15:30:09,3.72.0
asri karyani,sudah terbiasa transaksi pake traveloka saat hotel lain ga ada ketersediaan kamar hotel. ygkita inginkan di traveloka selalu masih ada kesempatan dan harganya ada diskon,5,3.72.0,2023-03-06 15:05:27,"Hi Kak, senang banget nih dapat rating bagus dari Kakak, terima kasih juga atas feedbacknya! Kenyamanan Kakak adalah prioritas Kami, jika ada pertanyaan lainnya jangan sungkan ya untuk infokan pada kami di https://www.traveloka.com/contactus . Jangan sampai ketinggalan penawaran menarik lainnya di Traveloka Lifestye Super Apps.",2023-03-06 15:30:11,3.72.0
Arsy Ramadhan,top,5,3.72.0,2023-03-06 14:47:00,"Hi, thank you very much for the positive review! Please feel free to contact us at https://www.traveloka.com/contactus we're more than happy to assist you and Stay tuned for more exciting offers on Traveloka Lifestyle Super App.",2023-03-06 15:00:17,3.72.0
slamet sugiarto,simple choice,5,3.72.0,2023-03-06 14:39:40,"Hi, we are so grateful to get a lot of support from you. Hope you continue to enjoy our offers. If you have any feedback or suggestions, let us know on https://www.traveloka.com/contactus, our customer service would love to serve you in 24 hours. Thank you!",2023-03-06 15:00:19,3.72.0
HAR YONO,mantap,5,3.63.1,2023-03-06 14:32:10,"Hai Kak, senangnya mendapat bintang lima dari kamu, terima kasih atas apresiasinya, semoga kaka tetap nyaman dan selau setia menjadi pelanggan Traveloka, yuk ka pantengin terus traveloka karna kami selalu berikan promo promo yg menarik loooh, jangan sampai ketinggalan ya. -DA",2023-03-06 15:01:17,3.63.1
Gatot Nurkamiden,Saya sangat terbantu utk mempermudah perjalanan ke seluruh Indonesia,5,3.72.0,2023-03-06 14:14:06,"Hi Kak, senang banget nih dapat rating bagus dari Kakak, terima kasih juga atas feedbacknya! Kenyamanan Kakak adalah prioritas Kami, jika ada pertanyaan lainnya jangan sungkan ya untuk infokan pada kami di https://www.traveloka.com/contactus . Jangan sampai ketinggalan penawaran menarik lainnya di Traveloka Lifestye Super Apps.",2023-03-06 14:30:17,3.72.0
Cici rahmadhan,APLIKASINYA SANGAT BAGUS UNTUK KITA PESAN TIKET,5,,2023-03-06 14:02:13,"Halo Kak, terima kasih banyak atas ratingnya, semoga Kakak tetap nyaman dan selau setia menjadi pelanggan Traveloka. Yuk Kak pantengin terus Traveloka Lifestyle Super App karna kami selalu berikan promo-promo yg menarik loooh, jangan sampai ketinggalan ya :)",2023-03-06 14:30:22,
Lina Milana,jelas terperinci,5,3.72.0,2023-03-06 13:58:57,"Hai Lina. Terima kasih banyak atas ratingnya, semoga kamu tetap nyaman dan selalu setia menjadi pelanggan Traveloka. Yuk Kak pantengin terus Traveloka Lifestyle Super App karna kami selalu berikan promo-promo yang menarik. Jangan sampai ketinggalan ya. :) -NT",2023-03-06 14:02:27,3.72.0
Yenny Kurnia,simple menyenangkan,5,3.53.0,2023-03-06 13:50:04,"Halo Kak, terima kasih banyak atas ratingnya, semoga Kakak tetap nyaman dan selau setia menjadi pelanggan Traveloka. Yuk Kak pantengin terus Traveloka Lifestyle Super App karna kami selalu berikan promo-promo yg menarik loooh, jangan sampai ketinggalan ya :)",2023-03-06 14:00:16,3.53.0
imanuel santoso,good,5,3.72.0,2023-03-06 13:40:22,"Hi, we are so grateful to get a lot of support from you. Hope you continue to enjoy our offers. If you have any feedback or suggestions, let us know on https://www.traveloka.com/contactus, our customer service would love to serve you in 24 hours. Thank you!",2023-03-06 14:00:18,3.72.0
M Dedi Sucipto,Ga bs di buka,1,3.72.0,2023-03-06 13:06:41,"Hai Dedi. Maaf banget bikin kamu kecewa terkait kendala dalam membuka aplikasi kamu. Silakan sampaikan detailnya pada https://www.traveloka.com/id-id/contactus,. Terima kasih -NT",2023-03-06 13:34:27,3.72.0
Yohanes_ Kyudi,Cepat dan mudah pemesanan nya,5,3.72.0,2023-03-06 13:06:19,"Halo Kak, terima kasih banyak atas ratingnya, semoga Kakak tetap nyaman dan selau setia menjadi pelanggan Traveloka. Yuk Kak pantengin terus Traveloka Lifestyle Super App karna kami selalu berikan promo-promo yg menarik loooh, jangan sampai ketinggalan ya :)",2023-03-06 13:30:13,3.72.0
Adi Suhardi,"Bukan tambah bagus tetapi tambah ribet buat pembayaran, sekarang ga rekomended mending aplikasi yg lain....saya hapus aplikasi traveloka, sesudah sekian lama saya pakai aplikasi ini, saya snagat kecewa",1,3.72.0,2023-03-06 12:17:18,"Hai, Adi. Mohon maaf sebelumnya. Untuk membantu kami memahami kendala pembayaran kamu, mohon bantuannya untuk menyampaikan detail kendala berupa foto/screenshot melalui https://www.traveloka.com/contactus agar kami dapat bantu cek lebih lanjut. Terima kasih. -VK",2023-03-06 12:32:32,3.72.0
Gento Roso,mantap traveloka,5,3.72.0,2023-03-06 11:51:55,"Halo Kak, terima kasih banyak atas ratingnya, semoga Kakak tetap nyaman dan selau setia menjadi pelanggan Traveloka. Yuk Kak pantengin terus Traveloka Lifestyle Super App karna kami selalu berikan promo-promo yg menarik loooh, jangan sampai ketinggalan ya :)",2023-03-06 12:00:13,3.72.0
Yoshitsune Takamaru,Saya benar-benar ber terimakasih terhadap Traveloka atas pengembalian dana refund pengembalian tiket pesawat yang tidak sampai 90hari (hanya memakan waktu seminggu) saya harap Traveloka selalu memperbaiki layanan yang diberikan agar semakin banyak pengguna nya. #UpdateUlasan #SuksesSelaluTimTraveloka,3,3.72.0,2023-03-06 11:49:51,"Hai, Yoshitsune. Mohon maaf sudah membuatmu tidak nyaman. Dipastikan untuk kenyamanan pengguna Traveloka, kami akan perbaiki dan tingkatkan performa Traveloka. Untuk membantu kendala kamu, mohon hubungi kami melalui tautan ini https://www.traveloka.com/contactus. Terima kasih. -SM",2023-03-03 00:05:10,3.72.0
Ririn Tantu,Kok gak bisa pengajuan paylter sih🤨 selalu tercantum instal credolab. Hadeeeh,1,3.73.0,2023-03-06 11:22:45,"Hai Kak Ririn, mohon maaf atas kendala yang terjadi pada pengajuan PayLater kamu ya Kak, pada dasarnya kamu bisa sampaikan kendala kamu pada https://www.traveloka.com/en-id/contactus atau akun media sosial Traveloka PayLater (https://www.instagram.com/travelokapaylater/ ) ya Kak. Terima kasih. -NT",2023-03-06 11:36:22,3.73.0
Indra Prazetyo,Nyesel gara gara asuransi otomatis ceklis jdi mahal gara gara gk teliti,1,3.72.0,2023-03-06 11:21:28,"Hai Indra. Maaf buat kamu gak nyaman. Pada dasarnya pemilihan asuransi bersifat opsional saat melakukan pemesanan, dan jika sudah memilih kamu juga bisa mendapatkan manfaat dari asuransi tersebut. Jika ada pertanyaan lebih lanjut, kamu bisa hubungi kami melalui link https://www.traveloka.com/id-id/contactus. Terima kasih. -RM",2023-03-06 11:33:26,3.72.0
richard darmawan,"aplikasi busuk, limit 11jt turun jd 4,8 krna pemakaian paylater berlebihan..telat bayar pun kaga pernah, dasar peraturan sampah!!!",1,,2023-03-06 10:52:51,"Halo Richard, terima kasih telah menggunakan Traveloka dan mohon maaf atas ketidaknyamanan yang kamu alami. Untuk membantu kami memahami kendala yang Anda alami, mohon bantuan Anda untuk menginformasikan kendala yang dimaksud beserta nomor pesanan Anda melalui https://www.traveloka.com/en-id Terima kasih. -AK",2023-03-06 11:05:52,
Imaexs 7,mudah dan tidak Sulit,5,3.72.0,2023-03-06 10:37:30,"Halo Kak, terima kasih banyak atas ratingnya, semoga Kakak tetap nyaman dan selau setia menjadi pelanggan Traveloka. Yuk Kak pantengin terus Traveloka Lifestyle Super App karna kami selalu berikan promo-promo yg menarik loooh, jangan sampai ketinggalan ya :)",2023-03-06 11:00:11,3.72.0
suhar tono,ok bgt,5,3.70.1,2023-03-06 10:14:24,"Hi, thank you very much for the positive review! Please feel free to contact us at https://www.traveloka.com/contactus we're more than happy to assist you and Stay tuned for more exciting offers on Traveloka Lifestyle Super App.",2023-03-06 10:30:09,3.70.1
Albar Ar,sipppp pokoknya..udh gak pernah ke lain hatiii,5,3.72.0,2023-03-06 10:13:46,"Hi Kak, senang banget nih dapat rating bagus dari Kakak, terima kasih juga atas feedbacknya! Kenyamanan Kakak adalah prioritas Kami, jika ada pertanyaan lainnya jangan sungkan ya untuk infokan pada kami di https://www.traveloka.com/contactus . Jangan sampai ketinggalan penawaran menarik lainnya di Traveloka Lifestye Super Apps.",2023-03-06 10:30:12,3.72.0
Heriyanto,goog,5,3.72.0,2023-03-06 10:07:20,Thank you for leaving a good comment to us. Let us know if you have any suggestion for improvement through https://www.traveloka.com/contactus . Stay around for more interesting offers from Traveloka Lifestyle Super App!,2023-03-06 10:30:14,3.72.0
Hendra Musriphal,penyedia jasa hotelnya kurang jujur dlm posting iklan hrg,5,3.72.0,2023-03-06 09:41:21,"Hai, Hendra. Mohon maaf atas ketidaknyamanannya. Untuk harga bersifat fluktuatif atau bisa berubah sewaktu-waktu. Untuk membantu kendala kamu, mohon hubungi kami melalui tautan ini https://www.traveloka.com/contactus. Terima kasih. -SM",2023-03-06 10:03:28,3.72.0
Mudra Putrasa,Oke,5,3.72.0,2023-03-06 09:28:08,"Terima kasih sudah memberikan rating terbaik untuk Traveloka ya Kak, jangan ragu untuk menghubungi kami kembali jika mendapati kendala ataupun pertanyaan perihal pesanan di Traveloka ya Kak. Terima kasih. -AK",2023-03-06 09:33:08,3.72.0
Teguh Rahayu,Ok,5,3.72.0,2023-03-06 09:01:54,"Hi, we are so grateful to get a lot of support from you. Hope you continue to enjoy our offers. If you have any feedback or suggestions, let us know on https://www.traveloka.com/contactus, our customer service would love to serve you in 24 hours. Thank you!",2023-03-06 09:30:19,3.72.0
Muhammad Syahrim Dwiantara,Sangat terpercaya dan memuaskan,5,3.72.0,2023-03-06 08:24:49,"Halo Kak, terima kasih banyak atas ratingnya, semoga Kakak tetap nyaman dan selau setia menjadi pelanggan Traveloka. Yuk Kak pantengin terus Traveloka Lifestyle Super App karna kami selalu berikan promo-promo yg menarik loooh, jangan sampai ketinggalan ya :)",2023-03-06 08:30:17,3.72.0
Rian Last child,Kenapa di aplikasi saya tidak bisa mencari nama hotel ya????,1,3.72.0,2023-03-06 08:01:02,"Hai Kak Rian, maaf banget kendala pemesanan yang kamu alami. Pastikan koneksi internet kamu stabil dan tidak bug pada app Traveloka kamu supaya bisa mencari lagi pemesanannya. Terima kasih -DZ",2023-02-24 16:37:49,3.72.0
ipin jaiho,mantab,5,3.72.0,2023-03-06 06:31:26,"Halo Kak, terima kasih banyak atas ratingnya, semoga Kakak tetap nyaman dan selau setia menjadi pelanggan Traveloka. Yuk Kak pantengin terus Traveloka Lifestyle Super App karna kami selalu berikan promo-promo yg menarik loooh, jangan sampai ketinggalan ya :)",2023-03-06 07:00:11,3.72.0
Espino Akunsi Pikir,apik iki,5,3.72.0,2023-03-06 06:16:15,"Hai. Espino. Terima kasih banyak atas ratingnya, semoga kamu tetap nyaman dan selalu setia menjadi pelanggan Traveloka. Yuk Kak pantengin terus Traveloka Lifestyle Super App karna kami selalu berikan promo-promo yang menarik. Jangan sampai ketinggalan ya. -KA",2023-03-06 06:34:31,3.72.0
Wawan Dwi,fast,5,3.72.0,2023-03-06 05:36:30,"Hi, thank you very much for the positive review! Please feel free to contact us at https://www.traveloka.com/contactus we're more than happy to assist you and Stay tuned for more exciting offers on Traveloka Lifestyle Super App.",2023-03-06 06:00:11,3.72.0
felix ipcr,Bagus,5,3.72.0,2023-03-06 05:36:07,"Hi Kak, senang banget nih dapat rating bagus dari Kakak, terima kasih juga atas feedbacknya! Kenyamanan Kakak adalah prioritas Kami, jika ada pertanyaan lainnya jangan sungkan ya untuk infokan pada kami di https://www.traveloka.com/contactus . Jangan sampai ketinggalan penawaran menarik lainnya di Traveloka Lifestye Super Apps.",2023-03-06 06:00:14,3.72.0
Anoa global transindo Transindo,mantap,5,3.72.0,2023-03-06 04:55:57,"Halo, Kak. Senangnya dapat bintang lima dari kamu. Terima kasih untuk apresiasinya ya, jangan lupa pantengin terus Traveloka, karena akan selalu ada promo yang menarik. -SM",2023-03-06 05:03:18,3.72.0
Lex Arios,okay,5,3.72.0,2023-03-06 04:53:36,"Hi, thank you very much for the positive review! Please feel free to contact us at https://www.traveloka.com/contactus we're more than happy to assist you and Stay tuned for more exciting offers on Traveloka Lifestyle Super App.",2023-03-06 05:00:27,3.72.0
Bambang Wahyudi,ok,5,3.72.0,2023-03-06 04:15:12,"Hi, thank you very much for the positive review! Please feel free to contact us at https://www.traveloka.com/contactus we're more than happy to assist you and Stay tuned for more exciting offers on Traveloka Lifestyle Super App.",2023-03-06 04:30:10,3.72.0
Sri Wahyuni,Kenapa saya tidak bisa memesan tiket?,1,3.72.0,2023-03-06 03:38:51,"Hai Kak Sri. Maaf sudah membuat kamu tidak nyaman. Untuk dapat melakukan pemesanan tiket di Traveloka kamu bisa pesan lewat link https://www.traveloka.com/id-id/. Jika ada pertanyaan lain, kamu bisa hubungi kami di link https://www.traveloka.com/id-id/contactus. Terima kasih. -RM",2023-03-06 04:02:16,3.72.0
Edison Zai,Mantap,5,3.72.0,2023-03-06 03:25:24,"Hai, Edison. Terima kasih banyak atas ratingnya. Semoga kamu tetap nyaman dan selalu setia menjadi pelanggan Traveloka. Yuk pantengin terus Traveloka Lifestyle Super App, karena kami selalu berikan promo-promo yang menarik. Jangan sampai ketinggalan ya :) -WR",2023-03-06 03:31:02,3.72.0
Ari Pxy,"mantab aplikasinya, dibanyakin bonusnya dong",5,3.67.0,2023-03-06 03:00:43,"Hi Kak, senang banget nih dapat rating bagus dari Kakak, terima kasih juga atas feedbacknya! Kenyamanan Kakak adalah prioritas Kami, jika ada pertanyaan lainnya jangan sungkan ya untuk infokan pada kami di https://www.traveloka.com/contactus . Jangan sampai ketinggalan penawaran menarik lainnya di Traveloka Lifestye Super Apps.",2023-03-06 03:30:15,3.67.0
Hasan Smith21,"Kenapa tidak bisa refund , ketika mau refund gangguan , banyak banget alasan nya , nii orang yang mesan lagi kecelakaan , masa gk bisa refund kan bodohhh!!!!",1,3.72.0,2023-03-06 02:54:35,Halo Hasan. Mohon maaf atas ketidaknyamanan yang kamu alami. Silakan menghubungi kami melalui https://www.traveloka.com/id-id/contactus untuk pengecekan lebih lanjut terkait pesanan kamu. Terima kasih. -MZ,2023-03-06 03:05:20,3.72.0
Albarra Kairo,udh pake biaya layanan 13rbu yaa...dulu2 rasany ga ad biaya layanan😁😁,5,3.53.0,2023-03-06 02:50:44,"Halo Albarra. Biaya layanan diberlakukan untuk memberikan pelayanan yang terbaik bagi pengguna Traveloka ya. Jika ada pertanyaan, silakan menghubungi kami melalui https://www.traveloka.com/id-id/contactus. Terima kasih. -MZ",2023-03-06 03:04:24,3.53.0
Moh Faiq Ghafur,Sy akan menggunakan aplikasi ini,5,,2023-03-06 02:30:10,"Hi Kak, senang banget nih dapat rating bagus dari Kakak, terima kasih juga atas feedbacknya! Kenyamanan Kakak adalah prioritas Kami, jika ada pertanyaan lainnya jangan sungkan ya untuk infokan pada kami di https://www.traveloka.com/contactus . Jangan sampai ketinggalan penawaran menarik lainnya di Traveloka Lifestye Super Apps.",2023-03-06 03:00:27,
Khoirul Rozikin,mantap,5,,2023-03-06 02:29:14,"Makasih atas review kamu ya Khoirul. Jika butuh bantuan, kamu bisa menghubungi kami melalui https://www.traveloka.com/id-id/contactus :) -MZ",2023-03-06 02:33:36,
Taufiq Valdis,baigus,5,3.72.0,2023-03-06 02:04:32,Makasih atas review yang kamu berikan ya Taufiq. Makasih juga sudah menjadikan Traveloka sebagai teman perjalanan kamu :) -MZ,2023-03-06 02:35:10,3.72.0
Anjar Anjar,oke,5,3.72.0,2023-03-06 01:37:12,"Makasih atas review kamu ya Anjar. Jika butuh bantuan, kamu bisa menghubungi kami melalui https://www.traveloka.com/id-id/contactus :) -MZ",2023-03-06 02:02:32,3.72.0
Sunarto Suwondo,proses cepat,5,3.72.0,2023-03-05 23:09:02,"Halo Kak, terima kasih banyak atas ratingnya, semoga Kakak tetap nyaman dan selau setia menjadi pelanggan Traveloka. Yuk Kak pantengin terus Traveloka Lifestyle Super App karna kami selalu berikan promo-promo yg menarik loooh, jangan sampai ketinggalan ya :)",2023-03-05 23:30:10,3.72.0
Dede Ikna,siiiip pancen,5,,2023-03-05 22:55:09,"Hai kak, senangnya mendapat bintang lima dari kamu, terima kasih atas apresiasinya, semoga kaka tetap nyaman dan selau setia menjadi pelanggan Traveloka, yuk ka pantengin terus traveloka karna kami selalu berikan promo promo yg menarik loooh, jangan sampai ketinggalan ya. -DA",2023-03-05 23:05:09,
goelaa aren,Gausah jadiin partner hotel gajelas !!! Ngejelek2in rating aja..ngejebak sm program ga bisa refund !!! ZONK bgt !!,1,,2023-03-05 22:50:38,"Hai Kak. Maaf ya atas ketidaknyamanannya. Agar dapat membantu kami memahami kendala yang dialami, mohon bantuan Anda untuk menginformasikan melalui https://www.traveloka.com/id-id/contactus. Terima kasih. -CA",2023-03-05 23:02:50,
Zaenal Arifin,banyak membantu,5,3.72.0,2023-03-05 22:48:09,"Halo Kak, terima kasih banyak atas ratingnya, semoga Kakak tetap nyaman dan selau setia menjadi pelanggan Traveloka. Yuk Kak pantengin terus Traveloka Lifestyle Super App karna kami selalu berikan promo-promo yg menarik loooh, jangan sampai ketinggalan ya :)",2023-03-05 23:00:11,3.72.0
Anggi Tri Wijaya,sistem gampang eror,1,,2023-03-05 19:46:30,Hai Kak. Mohon maaf atas ketidaknyamanannya. Mohon untuk sampaikan keluhan kamu secara detail melalui https://www.traveloka.com/id-id/contactus. Supaya kami dapat membantu permasalahan kamu. Terima kasih. -DA,2023-03-05 20:02:04,
Regal biskuit Biskuit,Sangat mengecewakan bukan nya di permudah saat mudik malah di bikin erorrr...,1,3.72.0,2023-03-05 17:32:19,Hai Kak. Mohon maaf atas ketidaknyamanannya. Mohon untuk sampaikan keluhan kamu secara detail melalui https://www.traveloka.com/id-id/contactus. Supaya kami dapat membantu permasalahan kamu. Terima kasih. -DA,2023-03-05 18:01:03,3.72.0
Riko Desendra,layanan baik,5,3.72.0,2023-03-05 17:26:47,"Halo Kak, terima kasih banyak atas ratingnya, semoga Kakak tetap nyaman dan selau setia menjadi pelanggan Traveloka. Yuk Kak pantengin terus Traveloka Lifestyle Super App karna kami selalu berikan promo-promo yg menarik loooh, jangan sampai ketinggalan ya :)",2023-03-05 17:30:10,3.72.0
Ahmad Zuhdan,"Ups, sistem mengalami gangguan sementara, (tiap hari)",1,3.72.0,2023-03-05 17:23:10,"Hai Ahmad. Mohon maaf atas kendala yang kamu alami ya. Saat ini sedang ada peningkatan sistem pemesanan Tiket Kereta Api, untuk itu mimin sarankan kamu cek dan coba berkala melalui aplikasi atau website ya Kak. Makasih. -KK",2023-03-04 21:08:37,3.72.0
FbY TBN,Kontollk anjinggg,1,3.72.0,2023-03-05 17:18:30,Hai Kak. Mohon maaf atas ketidaknyamanannya. Mohon untuk sampaikan keluhan kamu secara detail melalui https://www.traveloka.com/id-id/contactus. Supaya kami dapat membantu permasalahan kamu. Terima kasih. -DA,2023-03-05 17:31:25,3.72.0
Mba Andri,sangat memuaskan pembelian tiket d traveloka,5,3.72.0,2023-03-05 16:17:51,"Halo Kak, terima kasih banyak atas ratingnya, semoga Kakak tetap nyaman dan selau setia menjadi pelanggan Traveloka. Yuk Kak pantengin terus Traveloka Lifestyle Super App karna kami selalu berikan promo-promo yg menarik loooh, jangan sampai ketinggalan ya :)",2023-03-05 16:30:09,3.72.0
Abu Naufal Naufal,Aplikasi 💩👎👎Ngasik harga yang masuk AKAL lah bilang ke maskapai nya.harga nya sampai 3x lipat dari biasa nya.,1,3.72.0,2023-03-05 15:36:17,"Hai, Kak Abu. Maaf sudah buat kamu gak nyaman. Untuk harga yang tertera pada aplikasi Traveloka mengikuti harga dari sistem maskapai. Namun untuk harga bersifat fluktuatif yang dapat dipengaruhi oleh kuota kursi, fluktuasi mata uang dan permintaan. Makasih. -RZ",2022-09-17 19:09:13,3.72.0
ullul marifah,top baanget,4,3.72.0,2023-03-05 13:59:10,"Hai Marifah. Terima kasih banyak atas ratingnya, semoga kamu tetap nyaman dan selalu setia menjadi pelanggan Traveloka. Yuk Kak pantengin terus Traveloka Lifestyle Super App karna kami selalu berikan promo-promo yang menarik. Jangan sampai ketinggalan ya. :) -NT",2023-03-05 14:02:35,3.72.0
Palangka Plk,baik dan lancar,5,3.72.0,2023-03-05 13:49:50,"Terima kasih untuk ratingnya ya Kak, jika kamu memiliki kendala ataupun pertanyaan perihal pemesanan Traveloka jangan ragu untuk menghubungi kami melalui email di alamat email cs@traveloka.com ya Kak. Terima kasih. -AK",2023-03-05 14:02:44,3.72.0
Daenih yundae,baik,4,3.72.0,2023-03-05 13:15:45,"Halo Kak, terima kasih banyak atas ratingnya, semoga Kakak tetap nyaman dan selau setia menjadi pelanggan Traveloka. Yuk Kak pantengin terus Traveloka Lifestyle Super App karna kami selalu berikan promo-promo yg menarik loooh, jangan sampai ketinggalan ya :)",2023-03-05 13:30:15,3.72.0
Ahmad Tobagus,Ok,5,,2023-03-05 13:00:19,"Hi, we are so grateful to get a lot of support from you. Hope you continue to enjoy our offers. If you have any feedback or suggestions, let us know on https://www.traveloka.com/contactus, our customer service would love to serve you in 24 hours. Thank you!",2023-03-05 13:30:17,
Konoha Chenel,oke,3,3.72.0,2023-03-05 12:38:59,"Hai Kak, terima kasih atas feedbacknya, semoga kamu tetap setia dengan Traveloka. Jika ada pertanyaan bisa langsung infokan pada kami di https://www.traveloka.com/contactus ya Kak. Pantau terus Traveloka Lifestyle Super App untuk penawaran spesial lainnya! -AH",2023-03-05 13:01:40,3.72.0
Dita Tomy,selalu berlangganan dari tahun ke tahun liburan cari hotel dari sini. terimakasi traveloka.,5,3.72.0,2023-03-05 12:01:18,"Halo Kak, terima kasih banyak atas ratingnya, semoga Kakak tetap nyaman dan selau setia menjadi pelanggan Traveloka. Yuk Kak pantengin terus Traveloka Lifestyle Super App karna kami selalu berikan promo-promo yg menarik loooh, jangan sampai ketinggalan ya :)",2023-03-05 12:30:08,3.72.0
Alpin Sarpo,oke,4,3.72.0,2023-03-05 11:48:46,"Terima kasih untuk rating yang kamu berikan ya Kak Alpin, jika memiliki kendala perihal pemesanan ataupun pertanyaan kamu bisa menghubungi kami melalui alamat email cs@traveloka.com ya Kak. Terima kasih. -AK",2023-03-05 12:02:02,3.72.0
IB Sumantri,bagus,5,3.66.0,2023-03-05 11:36:44,"Halo Kak, terima kasih banyak atas ratingnya, semoga Kakak tetap nyaman dan selau setia menjadi pelanggan Traveloka. Yuk Kak pantengin terus Traveloka Lifestyle Super App karna kami selalu berikan promo-promo yg menarik loooh, jangan sampai ketinggalan ya :)",2023-03-05 12:00:25,3.66.0
arif wally,Udah gak ada y menu bioskop?,3,,2023-03-05 11:02:26,"Halo, Arif. Sebagai strategi bisnis dan prioritas perusahaan, maka kami menghentikan layanan Movies dari penyedia CGV sejak tanggal 6 Februari 2023 pada Pukul 00:00. Jika kamu mempunyai pertanyaan lainnya, kamu bisa hubungi kami melalui https://www.traveloka.com/id-id/contactus. Terima kasih. -PA",2023-03-05 11:35:21,
Mulya Mjingga,like,5,3.72.0,2023-03-05 10:37:00,"Hi, thank you very much for the positive review! Please feel free to contact us at https://www.traveloka.com/contactus we're more than happy to assist you and Stay tuned for more exciting offers on Traveloka Lifestyle Super App.",2023-03-05 11:00:20,3.72.0
surya pratama,"Sudah booking tiket hotel ke Malaysia, smpe hotel tidak ada masuk sistem, padahal sudah dibayar, di komllain lempar sana sini, pelayanan terburuk",1,3.71.0,2023-03-05 08:51:44,"Hai Surya, maaf atas kendala yang kamu alami. Untuk dapat kami cek mengenai kendala kamu silakan infokan nomor pesanan kamu kepada kami melalui https://www.traveloka.com/id-id/contactus. Terima kasih. -NA",2023-03-05 09:03:07,3.71.0
Enny Kadarwati,Terimakasih byk untuk kerjasamanya uang saya uda dikembalikan dari pihak KAInya meskipun menunggunya cukup lama.,5,3.71.0,2023-03-05 08:26:54,"Halo, Kak Enny. Setelah kami melakukan pengecekkan, perihal refund telah diproses oleh pihak KAI dan mohon menunggu proses estimasi refund yang telah ditentukan oleh KAI dan terkait pengajuan refund bisa dilakukan ke stasiun terdekat apabila kamu ingin mengajukan refund ya. Terima kasih. -OE",2023-02-09 03:05:02,3.71.0
Al Amin,Aplikasi yang sangat bagus. CS nya sangat membantu. Saya beli Voucher hotel dengan 2 kode reservasi tapi saya tidak jadi menginap. CS bantu saya untuk ubah jadwal dan refund meskipun pihak hotel menolak refund tapi traveloka berhasil melobby untuk penggantian dana saya. Intinya ada keluhan kita dipermudah dan cepat. Sukses terus dan terimakasih sudah membantu saya.,5,3.56.1,2023-03-05 07:30:32,"Hi Kak, senang banget nih dapat rating bagus dari Kakak, terima kasih juga atas feedbacknya! Kenyamanan Kakak adalah prioritas Kami, jika ada pertanyaan lainnya jangan sungkan ya untuk infokan pada kami di https://www.traveloka.com/contactus . Jangan sampai ketinggalan penawaran menarik lainnya di Traveloka Lifestye Super Apps.",2023-03-05 07:30:11,3.56.1
emi johan,pelayanan cepat,5,3.72.0,2023-03-05 07:28:51,"Halo Kak, terima kasih banyak atas ratingnya, semoga Kakak tetap nyaman dan selau setia menjadi pelanggan Traveloka. Yuk Kak pantengin terus Traveloka Lifestyle Super App karna kami selalu berikan promo-promo yg menarik loooh, jangan sampai ketinggalan ya :)",2023-03-05 07:30:09,3.72.0
Fiki Purnama,"Kecewa banget, yang ngasi bintang 5 itu orang dari aplikasi nya . Semakin bodoh traveloka ini admin nya ngga bisa baca data",1,3.72.0,2023-03-05 06:56:15,"Hai, Kak Fiki. Mohon maaf atas ketidaknyamanan yang kamu alami. Untuk membantu kami memahami kendala kamu, mohon bantuannya untuk menyampaikan detail kendala kamu melalui https://www.traveloka.com/id-id/contactus ya. Terima kasih. -PA",2023-03-05 07:39:25,3.72.0
Joko Akhirman,mantap mantul,5,3.72.0,2023-03-05 06:55:38,"Halo Kak, terima kasih banyak atas ratingnya, semoga Kakak tetap nyaman dan selau setia menjadi pelanggan Traveloka. Yuk Kak pantengin terus Traveloka Lifestyle Super App karna kami selalu berikan promo-promo yg menarik loooh, jangan sampai ketinggalan ya :)",2023-03-05 07:00:23,3.72.0
Arie Cendana,Menggunakan traveloka sejak awal pendirian hingga kini dan selalu puas dengan pelayanannya.,5,3.72.0,2023-03-05 06:49:12,"Hi Kak, terima kasih atas feedbacknya, semoga Kakak tetap setia dengan Traveloka. Jika ada pertanyaan lain bisa langsung infokan pada kami di https://www.traveloka.com/contactus ya, Kak. Pantau terus Traveloka Lifestyle Super App untuk penawaran spesial lainnya!",2023-03-05 07:00:29,3.72.0
Bro Ardi,mantab,5,3.72.0,2023-03-05 05:36:39,"Halo Kak, terima kasih banyak atas ratingnya, semoga Kakak tetap nyaman dan selau setia menjadi pelanggan Traveloka. Yuk Kak pantengin terus Traveloka Lifestyle Super App karna kami selalu berikan promo-promo yg menarik loooh, jangan sampai ketinggalan ya :)",2023-03-05 06:00:13,3.72.0
Dede Aldo,ok,5,3.72.0,2023-03-05 05:11:53,"Hi, thank you very much for the positive review! Please feel free to contact us at https://www.traveloka.com/contactus we're more than happy to assist you and Stay tuned for more exciting offers on Traveloka Lifestyle Super App.",2023-03-05 05:30:11,3.72.0
Jahari Jahari,Ok,4,3.72.0,2023-03-05 05:02:24,"Hi, we are so grateful to get a lot of support from you. Hope you continue to enjoy our offers. If you have any feedback or suggestions, let us know on https://www.traveloka.com/contactus, our customer service would love to serve you in 24 hours. Thank you!",2023-03-05 05:30:13,3.72.0
allam noer,aplikasinya bagus mantap,5,3.72.0,2023-03-05 03:44:46,"Halo Kak, terima kasih banyak atas ratingnya, semoga Kakak tetap nyaman dan selau setia menjadi pelanggan Traveloka. Yuk Kak pantengin terus Traveloka Lifestyle Super App karna kami selalu berikan promo-promo yg menarik loooh, jangan sampai ketinggalan ya :)",2023-03-05 04:00:09,3.72.0
setia rizqi,mantab sekali,5,3.72.0,2023-03-05 03:21:07,"Halo Kak, terima kasih banyak atas ratingnya, semoga Kakak tetap nyaman dan selau setia menjadi pelanggan Traveloka. Yuk Kak pantengin terus Traveloka Lifestyle Super App karna kami selalu berikan promo-promo yg menarik loooh, jangan sampai ketinggalan ya :)",2023-03-05 03:30:09,3.72.0
Juraymy,mudah terpercaya,4,3.72.0,2023-03-05 02:49:19,"Halo Kak, terima kasih banyak atas ratingnya, semoga Kakak tetap nyaman dan selau setia menjadi pelanggan Traveloka. Yuk Kak pantengin terus Traveloka Lifestyle Super App karna kami selalu berikan promo-promo yg menarik loooh, jangan sampai ketinggalan ya :)",2023-03-05 03:00:10,3.72.0
Rafliindri999,Full bintang,5,,2023-03-05 02:08:00,"Halo Kak, terima kasih banyak atas ratingnya, semoga Kakak tetap nyaman dan selau setia menjadi pelanggan Traveloka. Yuk Kak pantengin terus Traveloka Lifestyle Super App karna kami selalu berikan promo-promo yg menarik loooh, jangan sampai ketinggalan ya :)",2023-03-05 02:30:15,
Pujianto Sbg,lebih mudah dan cepat,5,3.72.0,2023-03-05 02:00:21,"Hi Kak, senang banget nih dapat rating bagus dari Kakak, terima kasih juga atas feedbacknya! Kenyamanan Kakak adalah prioritas Kami, jika ada pertanyaan lainnya jangan sungkan ya untuk infokan pada kami di https://www.traveloka.com/contactus . Jangan sampai ketinggalan penawaran menarik lainnya di Traveloka Lifestye Super Apps.",2023-03-05 02:30:17,3.72.0
Irno Simbayan,ok,4,3.72.0,2023-03-05 01:50:25,"Hi, thank you very much for the positive review! Please feel free to contact us at https://www.traveloka.com/contactus we're more than happy to assist you and Stay tuned for more exciting offers on Traveloka Lifestyle Super App.",2023-03-05 02:00:17,3.72.0
rully maharto aji,Good choice..,5,3.72.0,2023-03-05 01:49:47,"Hi, we are so grateful to get a lot of support from you. Hope you continue to enjoy our offers. If you have any feedback or suggestions, let us know on https://www.traveloka.com/contactus, our customer service would love to serve you in 24 hours. Thank you!",2023-03-05 02:00:20,3.72.0
Arwin Casela,Mantap,5,,2023-03-05 01:12:29,"Halo, Arwin. Terima kasih atas penilaiannya dan telah memilih Traveloka sebagai partner perjalanan kamu. Terima kasih. -SC",2023-03-05 01:32:18,
Rini Evis,sangat membantu trimakasih paylater,5,3.72.0,2023-03-05 01:11:36,"Halo Kak, terima kasih banyak atas ratingnya, semoga Kakak tetap nyaman dan selau setia menjadi pelanggan Traveloka. Yuk Kak pantengin terus Traveloka Lifestyle Super App karna kami selalu berikan promo-promo yg menarik loooh, jangan sampai ketinggalan ya :)",2023-03-05 01:30:26,3.72.0
Rantina silaban Rantina,sangat bgus,5,3.72.0,2023-03-05 01:04:28,"Halo, Rantina. Terima kasih atas penilaiannya dan telah memilih Traveloka sebagai partner perjalanan kamu. Terima kasih. -SC",2023-03-05 01:31:28,3.72.0
Jo Benzo,Ok,5,,2023-03-05 01:00:42,"Hi, we are so grateful to get a lot of support from you. Hope you continue to enjoy our offers. If you have any feedback or suggestions, let us know on https://www.traveloka.com/contactus, our customer service would love to serve you in 24 hours. Thank you!",2023-03-05 01:30:30,
Diaz Neil,semoga semakin baik,5,,2023-03-05 00:48:15,"Halo Kak, terima kasih banyak atas ratingnya, semoga Kakak tetap nyaman dan selau setia menjadi pelanggan Traveloka. Yuk Kak pantengin terus Traveloka Lifestyle Super App karna kami selalu berikan promo-promo yg menarik loooh, jangan sampai ketinggalan ya :)",2023-03-05 01:00:09,
yogi widyoseno,baik,5,3.72.0,2023-03-05 00:46:01,"Hi Kak, senang banget nih dapat rating bagus dari Kakak, terima kasih juga atas feedbacknya! Kenyamanan Kakak adalah prioritas Kami, jika ada pertanyaan lainnya jangan sungkan ya untuk infokan pada kami di https://www.traveloka.com/contactus . Jangan sampai ketinggalan penawaran menarik lainnya di Traveloka Lifestye Super Apps.",2023-03-05 01:00:13,3.72.0
G. Teguh. A,"Aktifkan paylater kembali selalu gagal, alasan e-mail sudah didaftarkan..? Coba e-mail baru juga ditolak dgn alasan data ganda..?? Aplikasi utk pemesanan kamar hotel sudah banyak pilihan, jika pihak traveloka tidak bisa tanggap cepat, pengguna bisa pindah ke lain hati.",1,3.35.0,2023-03-05 00:37:12,"Hai Teguh. Untuk membantu kami memahami kendala yang Anda alami, mohon bantuan Anda untuk menginformasikan kendala yang dimaksud beserta nomor pesanan Anda (jika ada) melalui pesan pada aplikasi Anda atau melalui email ke cs@traveloka.com agar kami dapat membantu Anda lebih lanjut. Terima kasih.",2021-07-20 15:35:07,3.35.0
Susanto Wans,mantap,5,3.45.0,2023-03-04 23:59:02,"Makasih atas reviewnya ya Kak Susanto. Jika butuh bantuan, kamu bisa menghubungi kami melalui https://www.traveloka.com/id-id/contactus :) -MZ",2023-03-05 00:01:54,3.45.0
DIan Nurdiansyah,good,5,3.72.0,2023-03-04 23:31:43,"Hi, thank you very much for the positive review! Please feel free to contact us at https://www.traveloka.com/contactus we're more than happy to assist you and Stay tuned for more exciting offers on Traveloka Lifestyle Super App.",2023-03-05 00:00:25,3.72.0
eko yuda putra,fungsi,5,3.72.0,2023-03-04 23:19:50,"Halo Kak, terima kasih banyak atas ratingnya, semoga Kakak tetap nyaman dan selau setia menjadi pelanggan Traveloka. Yuk Kak pantengin terus Traveloka Lifestyle Super App karna kami selalu berikan promo-promo yg menarik loooh, jangan sampai ketinggalan ya :)",2023-03-04 23:30:12,3.72.0
Benni Saputra rachman,"sangat membantu sekali tapi masih tidak bisa buka paylter nya lagi ,ada keterangan coba ulang",5,3.72.0,2023-03-04 22:04:53,"Hi Kak, senang banget nih dapat rating bagus dari Kakak, terima kasih juga atas feedbacknya! Kenyamanan Kakak adalah prioritas Kami, jika ada pertanyaan lainnya jangan sungkan ya untuk infokan pada kami di https://www.traveloka.com/contactus . Jangan sampai ketinggalan penawaran menarik lainnya di Traveloka Lifestye Super Apps.",2023-03-03 03:30:13,3.72.0
lukas sarumaha,good,5,3.72.0,2023-03-04 21:19:43,"Hi, thank you very much for the positive review! Please feel free to contact us at https://www.traveloka.com/contactus we're more than happy to assist you and Stay tuned for more exciting offers on Traveloka Lifestyle Super App.",2023-03-04 21:30:08,3.72.0
Febri D. Purnama,Makasih traveloka aku mudik,5,3.72.0,2023-03-04 20:55:45,"Halo Kak, terima kasih banyak atas ratingnya, semoga Kakak tetap nyaman dan selau setia menjadi pelanggan Traveloka. Yuk Kak pantengin terus Traveloka Lifestyle Super App karna kami selalu berikan promo-promo yg menarik loooh, jangan sampai ketinggalan ya :)",2023-03-04 21:00:20,3.72.0
adit setyawan,"Aplikasi eror,top up uangku jga gak bisa",1,,2023-03-04 19:12:46,"Halo, Adit. Mohon maaf atas ketidaknyamanan yang dialami. Saat ini, kami belum menemukan laporan Kakak. Mohon bantuannya untuk menyampaikan kembali kendala yang dimaksud melalui https://www.traveloka.com/contactus agar kami dapat membantu Kakak. Terima kasih 🙏 -RU",2023-03-04 19:33:12,
Rofi Terorest,Kecewa mau pesan tiket kereta api system' eror terus,1,3.72.0,2023-03-04 18:20:40,"Hai Rofi. Mohon maaf atas kendala yang kamu alami ya. Saat ini sedang ada peningkatan sistem pemesanan Tiket Kereta Api, untuk itu mimin sarankan kamu cek dan coba berkala melalui aplikasi atau website ya Kak. Makasih. -KK",2023-03-04 18:32:37,3.72.0
Arfi 27,Mau nyari tiket kereta buat lebatan tp eror terus 😭,5,3.72.0,2023-03-04 18:00:11,"Hai Arfi. Mohon maaf atas kendala yang kamu alami ya. Saat ini sedang ada peningkatan sistem pemesanan Tiket Kereta Api, untuk itu mimin sarankan kamu cek dan coba berkala melalui aplikasi atau website ya Kak. Makasih. -KK",2023-03-04 18:32:13,3.72.0
Kuntoro Prasetyo,Stelah updated..pas lg buru tiket lebaran mlh error mlu tulisan nya di pencarian..sangat jelek.,1,3.72.0,2023-03-04 17:56:07,"Hai Kuntoro, maaf ya atas kendala yang dialami. Terkait kendala pemesanan, kami sarankan silakan dapat dicoba secara berkala dan pastikan koneksi internet stabil. Apabila ada pertanyaan, silakan dapat hubungi kami di https://www.traveloka.com/id-id/contactus. Terima kasih. -CA",2023-03-04 18:02:15,3.72.0
abbas Perdana,Mau pesan tiket gangguan mulu,1,3.72.0,2023-03-04 17:40:04,"Hai, Kak Abbas. Mohon maaf atas kendalanya. Kami sarankan cek secara berkala untuk ketersediaan dan pemesanannya ya. Jika butuh bantuan lebih lanjut silakan sampaikan via https://www.traveloka.com/contactus. Terima kasih 🙏 -RU",2023-03-04 18:02:58,3.72.0
Ani Nurhayati,Bagus cukup membantu saya mau kmna2 aman dan cpat mkasih treveloka,5,,2023-03-04 17:32:40,"Halo Kak, terima kasih banyak atas ratingnya, semoga Kakak tetap nyaman dan selau setia menjadi pelanggan Traveloka. Yuk Kak pantengin terus Traveloka Lifestyle Super App karna kami selalu berikan promo-promo yg menarik loooh, jangan sampai ketinggalan ya :)",2023-03-04 18:00:14,
Vrizky 416,Respon lama klo ad masalah di traveloca nya,1,3.72.0,2023-03-04 16:51:56,"Hai, Kak Rizky. Kami sangat menyayangkan kondisi di mana dalam penyelesaian kendala Kakak, kami membuat Kakak menunggu lebih lama dari yang diharapkan. Agar kami dapat membantu lebih lanjut mohon sampaikan kembali melalui https://www.traveloka.com/contactus. Terima kasih 🙏 -RU",2023-03-04 17:04:28,3.72.0
Afriando Sinambela,terbaik,5,3.69.1,2023-03-04 16:13:30,"Hai, Afriando. Terima kasih atas penilaian dan feedback dari kamu, kami akan terus meningkatkan kepuasan para pengguna. Jika ada pertanyaan lainnya jangan sungkan ya untuk infokan pada kami di https://www.traveloka.com/contactus. Jangan sampai ketinggalan juga penawaran menarik lainnya di Traveloka Lifestye Super Apps. Terima kasih. -KK",2023-03-04 16:32:17,3.69.1
jefri karubuy,terbaik,5,3.72.0,2023-03-04 15:12:22,"Hai, Kak Jefri. Senang banget dapat bintang lima dari Kakak, terima kasih atas apresiasinya. Semoga pengalaman Kakak bersama Traveloka selalu menyenangkan :) -RU",2023-03-04 15:33:54,3.72.0
Putra Sinulingga,sangat membantu,5,3.72.0,2023-03-04 15:08:38,"Hi Kak, senang banget nih dapat rating bagus dari Kakak, terima kasih juga atas feedbacknya! Kenyamanan Kakak adalah prioritas Kami, jika ada pertanyaan lainnya jangan sungkan ya untuk infokan pada kami di https://www.traveloka.com/contactus . Jangan sampai ketinggalan penawaran menarik lainnya di Traveloka Lifestye Super Apps.",2023-03-04 15:30:17,3.72.0
Jhoni Sanjaya Suhin,Cek in online nya diperbaiki,5,3.72.0,2023-03-04 14:08:17,"Halo Kak, terima kasih banyak atas ratingnya, semoga Kakak tetap nyaman dan selau setia menjadi pelanggan Traveloka. Yuk Kak pantengin terus Traveloka Lifestyle Super App karna kami selalu berikan promo-promo yg menarik loooh, jangan sampai ketinggalan ya :)",2023-03-04 14:30:09,3.72.0
Taufik Hidayat,Traveloka eat gak bisa ya?,5,3.72.0,2023-03-04 13:48:16,"Hai, Taufik. Mohon maaf atas ketidaknyamanannya. Sebagai bagian dari strategi bisnis perusahaan, Layanan Traveloka Eats pada Platform kami ditutup per tanggal 31 Oktober 2022. Mohon untuk sampaikan keluhan kamu secara detail melalui https://www.traveloka.com/id",2023-03-04 14:07:58,3.72.0
Arif Andrian,mantap lah,5,3.72.0,2023-03-04 13:37:22,"Hai Arief. Terima kasih banyak atas ratingnya, semoga kamu tetap nyaman dan selalu setia menjadi pelanggan Traveloka. Yuk Kak pantengin terus Traveloka Lifestyle Super App karna kami selalu berikan promo-promo yang menarik. Jangan sampai ketinggalan ya. :) -NT",2023-03-04 14:02:19,3.72.0
Daniel Allolinggi,Harus login tiap tutup dan buka aplikasi,1,3.1.1,2023-03-04 13:05:23,"Halo, Kak Daniel. Mohon maaf sebelumnya, namun pastikan aplikasi Traveloka kamu sudah versi terbaru ya. Jika masih kendala, kamu bisa hubungi mimin melalui https://www.traveloka.com/id-id/contactus ya. Terima kasih. -PA",2023-03-04 13:33:30,3.1.1
disledis 10,sangat mudah,5,3.72.0,2023-03-04 12:58:21,"Halo Kak, terima kasih banyak atas ratingnya, semoga Kakak tetap nyaman dan selau setia menjadi pelanggan Traveloka. Yuk Kak pantengin terus Traveloka Lifestyle Super App karna kami selalu berikan promo-promo yg menarik loooh, jangan sampai ketinggalan ya :)",2023-03-04 13:00:09,3.72.0
Joko 318,bagus sanggat membantu,5,3.72.0,2023-03-04 12:53:39,"Hi Kak, senang banget nih dapat rating bagus dari Kakak, terima kasih juga atas feedbacknya! Kenyamanan Kakak adalah prioritas Kami, jika ada pertanyaan lainnya jangan sungkan ya untuk infokan pada kami di https://www.traveloka.com/contactus . Jangan sampai ketinggalan penawaran menarik lainnya di Traveloka Lifestye Super Apps.",2023-03-04 13:00:12,3.72.0
Oja,Qwertyuiopp di zip,5,,2023-03-04 12:32:47,"Hi Kak, terima kasih atas feedbacknya, semoga Kakak tetap setia dengan Traveloka. Jika ada pertanyaan lain bisa langsung infokan pada kami di https://www.traveloka.com/contactus ya, Kak. Pantau terus Traveloka Lifestyle Super App untuk penawaran spesial lainnya!",2023-03-04 13:00:14,
Dwi susi,Hallo traveloka..complain unt boking hotel knp koq gk bs ya ..mksh🙏,5,3.72.0,2023-03-04 12:29:09,"Hai Dwi, mohon maaf atas kendala yang kamu alami. Untuk dapat mimin cek lebih lanjut, mohon infokan screenshot kendala kamu melalui link https://www.traveloka.com/id-id/contactus ya Kak. Terima kasih. -AH",2023-03-04 12:32:48,3.72.0
Tya Fatchiyah,"Bagus, agar di perbanyak lg promo tiket dlm negeri nya",5,3.72.0,2023-03-04 11:19:13,"Halo, Tya. Terima kasih banyak atas ratingnya, semoga Kakak tetap nyaman dan selau setia menjadi pelanggan Traveloka. Yuk Kak pantengin terus Traveloka Lifestyle Super App karna kami selalu berikan promo-promo yg menarik loooh, jangan sampai ketinggalan ya :) -IN",2023-03-04 11:31:32,3.72.0
Ibnu Fajar,sangat membantu,5,3.32.0,2023-03-04 11:01:15,"Halo Kak, terima kasih banyak atas ratingnya, semoga Kakak tetap nyaman dan selau setia menjadi pelanggan Traveloka. Yuk Kak pantengin terus Traveloka Lifestyle Super App karna kami selalu berikan promo-promo yg menarik loooh, jangan sampai ketinggalan ya :)",2023-03-04 11:30:13,3.32.0
siti itaauliya,mantap sukses terus,4,3.72.0,2023-03-04 10:19:17,"Halo Kak, terima kasih banyak atas ratingnya, semoga Kakak tetap nyaman dan selau setia menjadi pelanggan Traveloka. Yuk Kak pantengin terus Traveloka Lifestyle Super App karna kami selalu berikan promo-promo yg menarik loooh, jangan sampai ketinggalan ya :)",2023-03-04 10:30:09,3.72.0
Muhammad Mirza,the best,4,3.72.0,2023-03-04 10:13:14,"Hi, we are so grateful to get a lot of support from you. Hope you continue to enjoy our offers. If you have any feedback or suggestions, let us know on https://www.traveloka.com/contactus, our customer service would love to serve you in 24 hours. Thank you!",2023-03-04 10:30:12,3.72.0
indra primaguna,Ok,5,3.72.0,2023-03-04 10:05:21,Thank you for leaving a good comment to us. Let us know if you have any suggestion for improvement through https://www.traveloka.com/contactus . Stay around for more interesting offers from Traveloka Lifestyle Super App!,2023-03-04 10:30:13,3.72.0
Ayuhandoko Setia87,Mantap Traveloka,5,3.72.0,2023-03-04 09:47:19,"Halo Kak, terima kasih banyak atas ratingnya, semoga Kakak tetap nyaman dan selau setia menjadi pelanggan Traveloka. Yuk Kak pantengin terus Traveloka Lifestyle Super App karna kami selalu berikan promo-promo yg menarik loooh, jangan sampai ketinggalan ya :)",2023-03-04 10:00:15,3.72.0
Budi Prirahardjo,good,4,3.43.1,2023-03-04 09:46:20,"Hi, we are so grateful to get a lot of support from you. Hope you continue to enjoy our offers. If you have any feedback or suggestions, let us know on https://www.traveloka.com/contactus, our customer service would love to serve you in 24 hours. Thank you!",2023-03-04 10:00:18,3.43.1
Brojo,bagus,3,3.72.0,2023-03-04 09:30:42,"Halo, Kak Brojo. Terima kasih atas feedback kamu, jangan sungkan untuk hubungi kami ya jika mempunyai pertanyaan. Kakak bisa hubungi kami melalui https://www.traveloka.com/id-id/contactus ya. Terima kasih. -PA",2023-03-04 10:01:12,3.72.0
Monang Pasaribu,proses cepat dan mudah,5,,2023-03-04 09:27:59,"Halo Kak, terima kasih banyak atas ratingnya, semoga Kakak tetap nyaman dan selau setia menjadi pelanggan Traveloka. Yuk Kak pantengin terus Traveloka Lifestyle Super App karna kami selalu berikan promo-promo yg menarik loooh, jangan sampai ketinggalan ya :)",2023-03-04 09:30:09,
arif tyas firitiyanto,excellent,4,3.72.0,2023-03-04 09:25:18,"Hi, we are so grateful to get a lot of support from you. Hope you continue to enjoy our offers. If you have any feedback or suggestions, let us know on https://www.traveloka.com/contactus, our customer service would love to serve you in 24 hours. Thank you!",2023-03-04 09:30:12,3.72.0
Muhammad Amin,"Recomendet banget, paylater nya sangat membantu .. mungkin bisa di tambah kan paylater top up untuk pulsa dan token listrik .. mohon respon yah admin 🙏",5,3.72.0,2023-03-04 07:19:04,"Halo Kak, terima kasih banyak atas ratingnya, semoga Kakak tetap nyaman dan selau setia menjadi pelanggan Traveloka. Yuk Kak pantengin terus Traveloka Lifestyle Super App karna kami selalu berikan promo-promo yg menarik loooh, jangan sampai ketinggalan ya :)",2023-03-04 07:30:11,3.72.0
Tabu Sektar,Tabukataufan,1,3.72.0,2023-03-04 07:04:08,"Hai Taufan, terima kasih sudah menggunakan Traveloka dan rating yang kamu berikan. Jika ada pertanyaan atau kendala yang bisa kami bantu, silakan hubungi kami melalui https://www.traveloka.com/id-id/contactus ya. Terima kasih. -NA",2023-02-27 02:33:53,3.72.0
Apit Doank,Tidak bisa klik hotel aplikasi langsung keluar,5,,2023-03-04 06:45:42,"Halo, Apit. Kami mohon maaf atas kendala yang dialami saat menggunakan aplikasi Traveloka. Silakan coba re-login dan pastikan kamu terhubung dengan jaringan internet yang kuat dan stabil. Kalau kamu mengalami kendala yang sama, silakan hubungi kami kembali melalui https://www.traveloka.com/contactus. Terima kasih. -SM",2023-03-04 07:03:13,
Mudrikatunnisa Agus,puass,4,3.55.0,2023-03-04 06:37:06,"Hai Agus, terima kasih atas feedbacknya, semoga kamu tetap setia dengan Traveloka. Jika ada pertanyaan bisa langsung infokan pada kami di https://www.traveloka.com/contactus ya Kak. Pantau terus Traveloka Lifestyle Super App untuk penawaran spesial lainnya! -AH",2023-03-04 07:00:58,3.55.0
Bahrul,the best,5,3.48.0,2023-03-04 06:26:15,"Hi, thank you very much for the positive review! Please feel free to contact us at https://www.traveloka.com/contactus we're more than happy to assist you and Stay tuned for more exciting offers on Traveloka Lifestyle Super App.",2023-03-04 06:30:13,3.48.0
Lempung urip,mantab,5,3.72.0,2023-03-04 06:01:29,"Hi Kak, senang banget nih dapat rating bagus dari Kakak, terima kasih juga atas feedbacknya! Kenyamanan Kakak adalah prioritas Kami, jika ada pertanyaan lainnya jangan sungkan ya untuk infokan pada kami di https://www.traveloka.com/contactus . Jangan sampai ketinggalan penawaran menarik lainnya di Traveloka Lifestye Super Apps.",2023-03-04 06:30:16,3.72.0
Sura K,top,5,3.72.0,2023-03-04 05:59:49,"Hi, thank you very much for the positive review! Please feel free to contact us at https://www.traveloka.com/contactus we're more than happy to assist you and Stay tuned for more exciting offers on Traveloka Lifestyle Super App.",2023-03-04 06:00:13,3.72.0
Sadam Husen,Sdh lemott,1,3.72.0,2023-03-04 05:29:38,"Halo, Sadam. Mohon maaf atas kendala yang dialami saat menggunakan aplikasi Traveloka. Silakan re-login aplikasi dan pastikan terhubung dengan jaringan internet yang kuat dan stabil. Jika mengalami kendala yang sama, kamu bisa hubungi kami di https://www.traveloka.com/contactus. Terima kasih. -SM",2023-03-04 05:37:32,3.72.0
Suardi,sangat baik,5,3.72.0,2023-03-04 04:54:02,"Halo Kak, terima kasih banyak atas ratingnya, semoga Kakak tetap nyaman dan selau setia menjadi pelanggan Traveloka. Yuk Kak pantengin terus Traveloka Lifestyle Super App karna kami selalu berikan promo-promo yg menarik loooh, jangan sampai ketinggalan ya :)",2023-03-04 05:00:11,3.72.0
Jarot Wibowo,goood🙏🙏🙏😘,5,3.72.0,2023-03-04 04:32:46,"Halo, Jarot. Terima kasih banyak atas ratingnya, semoga Kakak tetap nyaman dan selau setia menjadi pelanggan Traveloka. Yuk Kak pantengin terus Traveloka Lifestyle Super App karna kami selalu berikan promo-promo yg menarik loooh, jangan sampai ketinggalan ya :) -IN",2023-03-04 05:01:04,3.72.0
Diah Giyanti,oke,5,3.72.0,2023-03-04 03:58:18,"Halo, Diah. Terima kasih atas penilaiannya dan telah memilih Traveloka sebagai partner perjalanan kamu. Terima kasih. -SC",2023-03-04 04:01:30,3.72.0
Scorpiansyah Sco,"Saya tidak menemukan tiket pesawat yg murah, saya pikir memang tidak ada lagi tiket murah yg saya cari, ternyata ketemunya di aplikasi lain. Maaf.",1,3.72.0,2023-03-04 03:16:38,Halo Kak. Terima kasih penilaian dari kamu. Pastikan transaksi kamu memenuhi syarat dan ketentuan. Terima kasih. -SC,2023-03-04 03:34:24,3.72.0
mr. Art,sangat membantu dan memuaskan,5,3.71.0,2023-03-04 03:08:59,"Halo Kak, terima kasih banyak atas ratingnya, semoga Kakak tetap nyaman dan selau setia menjadi pelanggan Traveloka. Yuk Kak pantengin terus Traveloka Lifestyle Super App karna kami selalu berikan promo-promo yg menarik loooh, jangan sampai ketinggalan ya :)",2023-03-04 03:30:15,3.71.0
Racman Tommy,Layanan cepat dan detail,5,,2023-03-04 03:05:49,"Hi Kak, senang banget nih dapat rating bagus dari Kakak, terima kasih juga atas feedbacknya! Kenyamanan Kakak adalah prioritas Kami, jika ada pertanyaan lainnya jangan sungkan ya untuk infokan pada kami di https://www.traveloka.com/contactus . Jangan sampai ketinggalan penawaran menarik lainnya di Traveloka Lifestye Super Apps.",2023-03-04 03:30:17,
Syawal sawal,sagat baik,5,3.72.0,2023-03-04 02:35:28,"Hi Kak, senang banget nih dapat rating bagus dari Kakak, terima kasih juga atas feedbacknya! Kenyamanan Kakak adalah prioritas Kami, jika ada pertanyaan lainnya jangan sungkan ya untuk infokan pada kami di https://www.traveloka.com/contactus . Jangan sampai ketinggalan penawaran menarik lainnya di Traveloka Lifestye Super Apps.",2023-03-04 03:00:12,3.72.0
ali mustofa,mantap bisa bayar PBB juga,5,3.72.0,2023-03-04 01:57:17,"Halo Kak, terima kasih banyak atas ratingnya, semoga Kakak tetap nyaman dan selau setia menjadi pelanggan Traveloka. Yuk Kak pantengin terus Traveloka Lifestyle Super App karna kami selalu berikan promo-promo yg menarik loooh, jangan sampai ketinggalan ya :)",2023-03-04 02:00:15,3.72.0
Riski Munandar,😉,1,3.72.0,2023-03-04 01:47:13,"Hai Riski. Jika kamu memiliki pertanyaan atau kendala, silakan menghubungi kami melalui https://www.traveloka.com/id-id/contactus. Terima kasih. -SC",2023-03-04 02:02:09,3.72.0
Rahman Rahman,trima kasih,5,3.72.0,2023-03-04 00:47:47,"Halo Kak, terima kasih banyak atas ratingnya, semoga Kakak tetap nyaman dan selau setia menjadi pelanggan Traveloka. Yuk Kak pantengin terus Traveloka Lifestyle Super App karna kami selalu berikan promo-promo yg menarik loooh, jangan sampai ketinggalan ya :)",2023-03-04 01:00:16,3.72.0
Anjun Anggara,Satria hotel nya mjrah bersih rapih,5,3.72.0,2023-03-04 00:22:17,"Halo Kak, terima kasih banyak atas ratingnya, semoga Kakak tetap nyaman dan selau setia menjadi pelanggan Traveloka. Yuk Kak pantengin terus Traveloka Lifestyle Super App karna kami selalu berikan promo-promo yg menarik loooh, jangan sampai ketinggalan ya :)",2023-03-04 00:30:14,3.72.0
Gungun Gunawan,"Min ini kl ada keluhan, kemana sih nyampeinnya? Telp, udah jelas2 booking id masih ada n berlaku, dibilang belum memasukkan no nya. Terus disuruh ke chat via aplikasi, chat via aplikasi ga di bales2",1,,2023-03-04 00:14:52,"Hai Gungun, maaf sudah buat kamu ga nyaman. Jika kamu memiliki pertanyaan atau kendala yang bisa kami bantu silakan menghubungi kami melalui https://www.traveloka.com/id-id/contactus atau email ke cs@traveloka.com ya. Terima kasih. -NA",2023-03-04 00:34:41,
Asrofiya Mumtaz,sangat membantu,5,3.69.1,2023-03-04 00:12:53,"Hi Kak, senang banget nih dapat rating bagus dari Kakak, terima kasih juga atas feedbacknya! Kenyamanan Kakak adalah prioritas Kami, jika ada pertanyaan lainnya jangan sungkan ya untuk infokan pada kami di https://www.traveloka.com/contactus . Jangan sampai ketinggalan penawaran menarik lainnya di Traveloka Lifestye Super Apps.",2023-03-04 00:30:18,3.69.1
Felly Felly,"sangat mudah dan cepat, terimakasih traveloka",5,3.72.0,2023-03-04 00:03:28,"Halo Kak, terima kasih banyak atas ratingnya, semoga Kakak tetap nyaman dan selau setia menjadi pelanggan Traveloka. Yuk Kak pantengin terus Traveloka Lifestyle Super App karna kami selalu berikan promo-promo yg menarik loooh, jangan sampai ketinggalan ya :)",2023-03-04 00:30:24,3.72.0
arul ade,ok,5,3.72.0,2023-03-03 23:47:52,"Hi, thank you very much for the positive review! Please feel free to contact us at https://www.traveloka.com/contactus we're more than happy to assist you and Stay tuned for more exciting offers on Traveloka Lifestyle Super App.",2023-03-04 00:00:15,3.72.0
yudi chanel,mantap,5,3.72.0,2023-03-03 23:26:18,"Hai Yudi. Terima kasih banyak atas ratingnya, semoga kamu tetap nyaman dan selalu setia menjadi pelanggan Traveloka. Yuk Kak pantengin terus Traveloka Lifestyle Super App karna kami selalu berikan promo-promo yang menarik. Jangan sampai ketinggalan ya. -KA",2023-03-03 23:33:03,3.72.0
Jalu Screamo,baik,5,3.72.0,2023-03-03 22:55:04,"Halo Kak, terima kasih banyak atas ratingnya, semoga Kakak tetap nyaman dan selau setia menjadi pelanggan Traveloka. Yuk Kak pantengin terus Traveloka Lifestyle Super App karna kami selalu berikan promo-promo yg menarik loooh, jangan sampai ketinggalan ya :)",2023-03-03 23:00:07,3.72.0
Junari Tari,lebih praktis... proses mudah dan cepat.. terimakasih Traveloka,5,3.72.0,2023-03-03 20:50:52,"Halo Kak, terima kasih banyak atas ratingnya, semoga Kakak tetap nyaman dan selau setia menjadi pelanggan Traveloka. Yuk Kak pantengin terus Traveloka Lifestyle Super App karna kami selalu berikan promo-promo yg menarik loooh, jangan sampai ketinggalan ya :)",2023-03-03 21:00:20,3.72.0
Yadi Bogezta,Sering eror ..ga jelas aplikasi nya tolong di perbaiki,1,3.72.0,2023-03-03 18:09:44,"Hai Yadi. Mohon maaf atas kendala yang kamu alami ya. Mimin sarankan untuk memastikan aplikasi kamu adalah versi terbaru, hapus cache pada aplikasi, logout kemudian login ulang, serta coba kembali secara berkala ya. -KA",2023-03-03 18:34:38,3.72.0
Etmon Elias,Very good and faster andthan smart system,5,3.70.1,2023-03-03 17:03:04,"Hi, we are so grateful to get a lot of support from you. Hope you continue to enjoy our offers. If you have any feedback or suggestions, let us know on https://www.traveloka.com/contactus, our customer service would love to serve you in 24 hours. Thank you!",2023-03-03 14:00:15,3.70.1
mochamad fauzi,traveloka oke,5,3.72.0,2023-03-03 15:58:02,"Hi Kak, senang banget nih dapat rating bagus dari Kakak, terima kasih juga atas feedbacknya! Kenyamanan Kakak adalah prioritas Kami, jika ada pertanyaan lainnya jangan sungkan ya untuk infokan pada kami di https://www.traveloka.com/contactus . Jangan sampai ketinggalan penawaran menarik lainnya di Traveloka Lifestye Super Apps.",2023-03-03 16:00:29,3.72.0
hermansyah haidar,good,5,3.72.0,2023-03-03 15:55:11,Thank you for leaving a good comment to us. Let us know if you have any suggestion for improvement through https://www.traveloka.com/contactus . Stay around for more interesting offers from Traveloka Lifestyle Super App!,2023-03-03 16:00:32,3.72.0
Muhammad Sholahuddin,Uang balik Alhamdulillah mantap,5,3.72.0,2023-03-03 15:29:06,"Halo Kak, terima kasih banyak atas ratingnya, semoga Kakak tetap nyaman dan selau setia menjadi pelanggan Traveloka. Yuk Kak pantengin terus Traveloka Lifestyle Super App karna kami selalu berikan promo-promo yg menarik loooh, jangan sampai ketinggalan ya :)",2023-03-03 15:30:09,3.72.0
Suhiddin Salam,"simple & familiar, sangat membantu",5,3.56.1,2023-03-03 15:21:48,"Hi Kak, senang banget nih dapat rating bagus dari Kakak, terima kasih juga atas feedbacknya! Kenyamanan Kakak adalah prioritas Kami, jika ada pertanyaan lainnya jangan sungkan ya untuk infokan pada kami di https://www.traveloka.com/contactus . Jangan sampai ketinggalan penawaran menarik lainnya di Traveloka Lifestye Super Apps.",2023-03-03 15:30:12,3.56.1
Dody Febrianto,Tambah parah ini aplikasi ini.. Saya pesan tiket pesawat malah gagal padahal uda bayar.,1,,2023-03-03 15:13:32,"Hai, Dody. Mohon maaf atas pengalaman yang kamu alami. Untuk lakukan pengecekan lebih lanjut atas kendala yang kamu alami, kamu bisa infokan detail data kamu dengan menghubungi kami melalui https://www.traveloka.com/contactus. Terima kasih.-TK",2023-03-03 15:33:10,
Adi Alpri,Good,5,3.72.0,2023-03-03 14:42:32,"Hi, thank you very much for the positive review! Please feel free to contact us at https://www.traveloka.com/contactus we're more than happy to assist you and Stay tuned for more exciting offers on Traveloka Lifestyle Super App.",2023-03-03 15:00:11,3.72.0
Andi Muhammar,sangat baik,5,3.72.0,2023-03-03 14:37:13,"Hi Kak, senang banget nih dapat rating bagus dari Kakak, terima kasih juga atas feedbacknya! Kenyamanan Kakak adalah prioritas Kami, jika ada pertanyaan lainnya jangan sungkan ya untuk infokan pada kami di https://www.traveloka.com/contactus . Jangan sampai ketinggalan penawaran menarik lainnya di Traveloka Lifestye Super Apps.",2023-03-03 15:00:14,3.72.0
Arif Saputra1211 (arti251016),Mantappppp,4,,2023-03-03 14:05:05,"Halo Kak, terima kasih banyak atas ratingnya, semoga Kakak tetap nyaman dan selau setia menjadi pelanggan Traveloka. Yuk Kak pantengin terus Traveloka Lifestyle Super App karna kami selalu berikan promo-promo yg menarik loooh, jangan sampai ketinggalan ya :)",2023-03-03 14:30:10,
Amat Ktp,sya suka aplikasi ya,5,3.72.0,2023-03-03 13:58:12,"Hai Amat, terima kasih atas feedbacknya, semoga kamu tetap setia dengan Traveloka. Jika ada pertanyaan bisa langsung infokan pada kami di https://www.traveloka.com/contactus ya Kak. Pantau terus Traveloka Lifestyle Super App untuk penawaran spesial lainnya! -AH",2023-03-03 14:01:36,3.72.0
Cindy Peny,good aplication,1,3.53.0,2023-03-03 13:54:36,"Hi, Cindy. Thank you for the rating. If you have further questions, please contact us via https://www.traveloka.com/en-id/contactus. Thank you. -TK",2023-03-03 14:01:58,3.53.0
Paman San,aplikasi mudah digunakan dan cepat dalam layanan,5,3.72.0,2023-03-03 13:33:40,"Halo Kak, terima kasih banyak atas ratingnya, semoga Kakak tetap nyaman dan selau setia menjadi pelanggan Traveloka. Yuk Kak pantengin terus Traveloka Lifestyle Super App karna kami selalu berikan promo-promo yg menarik loooh, jangan sampai ketinggalan ya :)",2023-03-03 14:00:13,3.72.0
Willy Caecar,Buka aplikasi traveloka food Loadingnya lama banget. Ga mulai2,5,3.71.1,2023-03-03 13:26:29,"Hai, Willy. Maaf sudah buat kamu gak nyaman. Namun, saat ini sedang tidak ada kendala apapun di aplikasi Traveloka. Silakan update akun Traveloka kamu dengan versi yang paling baru, log out log in akun Traveloka, bersihkan cache di handphone, pastikan keadaan internet dalam keadaan baik dan lakukan pemesanan secara berkala. Terima kasih. -AM",2022-03-17 03:33:29,3.71.1
tkm67 Nuryadin,Sangat berguna,5,3.72.0,2023-03-03 12:23:57,"Halo Kak, terima kasih banyak atas ratingnya, semoga Kakak tetap nyaman dan selau setia menjadi pelanggan Traveloka. Yuk Kak pantengin terus Traveloka Lifestyle Super App karna kami selalu berikan promo-promo yg menarik loooh, jangan sampai ketinggalan ya :)",2023-03-03 12:30:13,3.72.0
Lukman Bugis,mudah akses segalanya.,5,3.72.0,2023-03-03 12:09:54,"Hi Kak, senang banget nih dapat rating bagus dari Kakak, terima kasih juga atas feedbacknya! Kenyamanan Kakak adalah prioritas Kami, jika ada pertanyaan lainnya jangan sungkan ya untuk infokan pada kami di https://www.traveloka.com/contactus . Jangan sampai ketinggalan penawaran menarik lainnya di Traveloka Lifestye Super Apps.",2023-03-03 12:30:16,3.72.0
Bayu Rinanto,nice,5,3.72.0,2023-03-03 12:05:26,Thank you for leaving a good comment to us. Let us know if you have any suggestion for improvement through https://www.traveloka.com/contactus . Stay around for more interesting offers from Traveloka Lifestyle Super App!,2023-03-03 12:30:18,3.72.0
Eni Husna,"sy sgt puas dengan pelayanan Traveloka, baik saat pesan tiket, perubahan jadwal, maupun refund diproses dgn cepat dan baik. Terima Kasih Traveloka. Happy Anniversary, God bless you and success always for you and staffs. Aamiin.",5,3.72.0,2023-03-03 11:58:35,"Halo Kak, terima kasih banyak atas ratingnya, semoga Kakak tetap nyaman dan selau setia menjadi pelanggan Traveloka. Yuk Kak pantengin terus Traveloka Lifestyle Super App karna kami selalu berikan promo-promo yg menarik loooh, jangan sampai ketinggalan ya :)",2023-03-03 12:00:13,3.72.0
Maskur Eko,siip,5,3.72.0,2023-03-03 11:48:27,"Hi Kak, senang banget nih dapat rating bagus dari Kakak, terima kasih juga atas feedbacknya! Kenyamanan Kakak adalah prioritas Kami, jika ada pertanyaan lainnya jangan sungkan ya untuk infokan pada kami di https://www.traveloka.com/contactus . Jangan sampai ketinggalan penawaran menarik lainnya di Traveloka Lifestye Super Apps.",2023-03-03 12:00:16,3.72.0
Meimei Retha,"harga tiket tdk sesua,kupon jg susah banget di pakai",2,3.72.0,2023-03-03 11:11:46,Hai Kak. Mohon maaf atas ketidaknyamanannya. Mohon untuk sampaikan keluhan kamu secara detail melalui https://www.traveloka.com/id-id/contactus. Supaya kami dapat membantu permasalahan kamu. Terima kasih. -DA,2023-03-03 11:31:23,3.72.0
Yusuf Bakersfriend Channel,mantaap,5,3.72.0,2023-03-03 11:03:22,"Hai Yusuf, makasih untuk feedback yang kamu sampaikan ya. Kalau kamu ada pertanyaan, boleh sampaikan melalui tautan ini ya https://www.traveloka.com/id-id/contactus. Terima kasih. -OR",2023-03-03 11:32:25,3.72.0
Ary Broto M.,Oke,5,3.72.0,2023-03-03 10:57:16,"Hai Ary, terima kasih atas feedbacknya, semoga kamu tetap setia dengan Traveloka. Jika ada pertanyaan bisa langsung infokan pada kami di https://www.traveloka.com/contactus ya Kak. Pantau terus Traveloka Lifestyle Super App untuk penawaran spesial lainnya! -AH",2023-03-03 11:01:12,3.72.0
Lances Channel,Kenapa yaa kok bisa hanya untuk refund butuh waktu 3 bulan. Apakah refund prosesnya bisa sampai selama itu ?? Apakah dari pihak apk atau maskapainya memakai uang nya ??,1,3.72.0,2023-03-03 10:46:50,"Hai Lances, maaf banget buat kamu gak nyaman, untuk dapat kami bantu cek proses refund kamu mohon informasikan nomor pesanan Traveloka kamu melalui email kami di cs@traveloka.com ya Kak. Terima kasih. -AK",2023-03-03 11:01:33,3.72.0
rudy anto,mudah dan cepat,5,3.70.1,2023-03-03 10:02:32,"Halo Kak, terima kasih banyak atas ratingnya, semoga Kakak tetap nyaman dan selau setia menjadi pelanggan Traveloka. Yuk Kak pantengin terus Traveloka Lifestyle Super App karna kami selalu berikan promo-promo yg menarik loooh, jangan sampai ketinggalan ya :)",2023-03-03 10:30:11,3.70.1
Almira Ibrahim selamanya,"Pembayaran paylater bertahun tahun tdk pernah terlambat jutaan tp ontime trs hny krn pembelian srg dadakan lo tb2 level turun trs,payaaaah payaaaah alasan apaan cobaa",1,3.72.0,2023-03-03 09:33:52,"Hai KaK Almira, maaf banget ketidaknyamanan kamu. Keputusan tersebut mengikuti kebijakan yang diberikan tim Risk Management PayLaer Kak. Kamu bisa juga hubungi mimin ke akun IG PayLater Traveloka di link https://www.instagram.com/travelokapaylater/ kalau kamu masih butuh bantuan lainnya seputar PayLater. Terima kasih -DZ",2023-03-03 10:02:06,3.72.0
denny mustakim,mantab aplikasinya udah lama pake,5,,2023-03-03 08:45:14,"Halo Kak, terima kasih banyak atas ratingnya, semoga Kakak tetap nyaman dan selau setia menjadi pelanggan Traveloka. Yuk Kak pantengin terus Traveloka Lifestyle Super App karna kami selalu berikan promo-promo yg menarik loooh, jangan sampai ketinggalan ya :)",2023-03-03 09:00:19,
Ghina Zhamsi,Partner terbaik perjalanan dinas dan liburan 🥰🥰🥰👍🏻👍🏻👍🏻👍🏻👍🏻,5,3.72.0,2023-03-03 08:22:38,"Halo Kak, terima kasih banyak atas ratingnya, semoga Kakak tetap nyaman dan selau setia menjadi pelanggan Traveloka. Yuk Kak pantengin terus Traveloka Lifestyle Super App karna kami selalu berikan promo-promo yg menarik loooh, jangan sampai ketinggalan ya :)",2023-03-03 08:30:14,3.72.0
Ali Muthayatsyah,mantap,5,3.69.0,2023-03-03 08:07:30,Makasih ya Kak Ali sudah setia bersama Traveloka :))-DZ,2023-03-03 08:31:46,3.69.0
Balado zai Balado,Melancong,5,,2023-03-03 07:37:36,"Halo, Zai. Terima kasih banyak atas ratingnya, semoga Kakak tetap nyaman dan selau setia menjadi pelanggan Traveloka. Yuk Kak pantengin terus Traveloka Lifestyle Super App karna kami selalu berikan promo-promo yg menarik loooh, jangan sampai ketinggalan ya :) -IN",2023-03-03 08:02:52,
Iza Arsalan,Seriua nih!!! Bayar selalu tepat waktu tapi limit dipotong terus. Aplikasi sampah,1,,2023-03-03 07:06:20,"Hai, Iza. Kami meminta maaf atas kendala yang kamu alami. Kamu dapat menghubungi kami melalui https://www.traveloka.com/id-id/contactus agar masalahmu bisa diselesaikan secepat mungkin.
Kami akan berikan solusi terbaik agar kamu dapat merasa puas dan layanan kami layak mendapatkan rating yang lebih baik. Terima kasih. -OE",2023-03-03 07:31:53,
Eka Putra,sangat mudah,5,3.72.0,2023-03-03 06:54:45,"Halo Kak, terima kasih banyak atas ratingnya, semoga Kakak tetap nyaman dan selau setia menjadi pelanggan Traveloka. Yuk Kak pantengin terus Traveloka Lifestyle Super App karna kami selalu berikan promo-promo yg menarik loooh, jangan sampai ketinggalan ya :)",2023-03-03 07:00:23,3.72.0
eka purnomo,mantap,5,3.72.0,2023-03-03 06:35:57,"Hai Eka, makasih untuk feedback yang kamu sampaikan ya. Kalau kamu ada pertanyaan, boleh sampaikan melalui tautan ini https://www.traveloka.com/id-id/contactus. Terima kasih. -OR",2023-03-03 07:03:21,3.72.0
Muhardika Augusta,good,5,3.72.0,2023-03-03 06:00:04,"Hi, we are so grateful to get a lot of support from you. Hope you continue to enjoy our offers. If you have any feedback or suggestions, let us know on https://www.traveloka.com/contactus, our customer service would love to serve you in 24 hours. Thank you!",2023-03-03 06:30:14,3.72.0
Mannen Juara Ganda Siahaan,ok bagus,5,3.70.1,2023-03-03 05:40:37,"Hi Kak, senang banget nih dapat rating bagus dari Kakak, terima kasih juga atas feedbacknya! Kenyamanan Kakak adalah prioritas Kami, jika ada pertanyaan lainnya jangan sungkan ya untuk infokan pada kami di https://www.traveloka.com/contactus . Jangan sampai ketinggalan penawaran menarik lainnya di Traveloka Lifestye Super Apps.",2023-03-03 06:00:16,3.70.1
adi daya,Mengapa tidak ada pembelian tiket kereta api dari Jember Jawa timur,5,3.72.0,2023-03-03 05:10:07,"Hai, Adi. Mohon maaf atas ketidaknyamanannya. Untuk tiket yang tersedia di aplikasi Traveloka merupakan update langsung dari pihak KAI ya. Jadi kamu bisa cek secara berkala untuk pemesanan tiketnya. Kalau ada pertanyaan lain, silakan hubungi kami melalui tautan ini https://www.traveloka.com/id-id/contactus. Terima kasih. -WR",2023-03-03 05:36:12,3.72.0
Ferry Kamajaya,aplikasi yg sangat membantu untuk segala hal...,5,3.64.0,2023-03-03 04:39:19,"Halo Kak, terima kasih banyak atas ratingnya, semoga Kakak tetap nyaman dan selau setia menjadi pelanggan Traveloka. Yuk Kak pantengin terus Traveloka Lifestyle Super App karna kami selalu berikan promo-promo yg menarik loooh, jangan sampai ketinggalan ya :)",2023-03-03 05:00:11,3.64.0
Dewa Sudarsana,good,5,3.72.0,2023-03-03 04:10:57,"Hi, thank you very much for the positive review! Please feel free to contact us at https://www.traveloka.com/contactus we're more than happy to assist you and Stay tuned for more exciting offers on Traveloka Lifestyle Super App.",2023-03-03 04:30:10,3.72.0
Yonna Christiani,Proses refund terlalu lamaaaa Bahkan keluhan konsumen juga lama di proses ....,1,,2023-03-03 04:02:17,"Hai Yonna. Maaf buat kamu tidak nyaman. Untuk mimin bantu lebih lanjut kendala kamu, mohon sampaikan lebih detailnya melalui link https://www.traveloka.com/id-id/contactus. Terima kasih. -RM",2023-03-03 04:31:50,
Kereto Kencono,good,5,3.72.0,2023-03-03 03:44:30,"Hi, we are so grateful to get a lot of support from you. Hope you continue to enjoy our offers. If you have any feedback or suggestions, let us know on https://www.traveloka.com/contactus, our customer service would love to serve you in 24 hours. Thank you!",2023-03-03 04:00:25,3.72.0
umar muchtar,mantaabbb...,5,3.72.0,2023-03-03 03:14:41,"Hai, Umar. Terima kasih banyak atas ratingnya. Semoga kamu tetap nyaman dan selalu setia menjadi pelanggan Traveloka. Yuk pantengin terus Traveloka Lifestyle Super App, karena kami selalu berikan promo-promo yang menarik. Jangan sampai ketinggalan ya :) -WR",2023-03-03 03:32:54,3.72.0
Er ik,kemahalan,3,3.72.0,2023-03-03 02:45:11,"Hai, Erik. Harga dapat bersifat fluktuatif atau berubah setiap waktu mengikuti update langsung dari pihak penyedia. Silakan cek langsung melalui aplikasi/website Traveloka dan gunakan promo yang tersedia. Kalau ada yang ingin ditanyakan, mohon hubungi kami melalui tautan https://www.traveloka.com/contactus ya. Terima kasih. -VK",2023-03-03 03:04:41,3.72.0
Mila Sari,mantappp,5,3.72.0,2023-03-03 02:18:44,"Halo Kak, terima kasih banyak atas ratingnya, semoga Kakak tetap nyaman dan selau setia menjadi pelanggan Traveloka. Yuk Kak pantengin terus Traveloka Lifestyle Super App karna kami selalu berikan promo-promo yg menarik loooh, jangan sampai ketinggalan ya :)",2023-03-03 02:30:10,3.72.0
Gya sugianti supardi Cab.Molibagu,capat ba bli data,5,3.56.1,2023-03-03 02:16:18,"Hai, Gya. Senang banget bisa dapat bintang 5 dari kamu, terima kasih atas apresiasinya, semoga kamu tetap nyaman dan selalu setia menjadi pelanggan Traveloka :) -RF",2023-03-03 02:35:32,3.56.1
andee mawardi,👍,5,3.72.0,2023-03-03 01:50:31,Hai Andee. Makasih buat rating yang kamu berikan ya! Mimin tunggu pesanan kamu selanjutnya di Traveloka :) -RM,2023-03-03 02:05:22,3.72.0
Ella Sari,sangat membantu untuk yg traveling,5,3.71.1,2023-03-03 01:47:16,"Halo Kak, terima kasih banyak atas ratingnya, semoga Kakak tetap nyaman dan selau setia menjadi pelanggan Traveloka. Yuk Kak pantengin terus Traveloka Lifestyle Super App karna kami selalu berikan promo-promo yg menarik loooh, jangan sampai ketinggalan ya :)",2023-03-03 02:00:11,3.71.1
Anita Derilliza,ok. baru perama kali pakai,4,3.72.0,2023-03-03 01:37:17,"Hi Kak, senang banget nih dapat rating bagus dari Kakak, terima kasih juga atas feedbacknya! Kenyamanan Kakak adalah prioritas Kami, jika ada pertanyaan lainnya jangan sungkan ya untuk infokan pada kami di https://www.traveloka.com/contactus . Jangan sampai ketinggalan penawaran menarik lainnya di Traveloka Lifestye Super Apps.",2023-03-03 02:00:13,3.72.0
Sheilla Andani,"selama ada paylatter membantu saya pesan hotel, dan tiket .. terimakasih traveloka",5,3.72.0,2023-03-03 01:32:30,"Hi Kak, terima kasih atas feedbacknya, semoga Kakak tetap setia dengan Traveloka. Jika ada pertanyaan lain bisa langsung infokan pada kami di https://www.traveloka.com/contactus ya, Kak. Pantau terus Traveloka Lifestyle Super App untuk penawaran spesial lainnya!",2023-03-03 02:00:16,3.72.0
Abdul Majid P,Mantap,5,3.50.0,2023-03-03 01:29:48,"Hai, Abdul. Senangnya mendapat bintang lima dari kamu, terima kasih atas apresiasinya, semoga kamu tetap nyaman dan selalu setia menjadi pelanggan Traveloka. Yuk pantengin terus Traveloka karena kami selalu berikan promo-promo yg menarik loooh, jangan sampai ketinggalan ya :) -RF",2023-03-03 01:34:01,3.50.0
calter purba,mantap,5,3.72.0,2023-03-03 01:23:44,"Halo, Calter. Senangnya dapat bintang lima dari kamu. Terima kasih untuk apresiasinya ya, semoga kamu tetap nyaman dan selalu setia menjadi pelanggan Traveloka. Jangan lupa pantengin terus Traveloka, karena akan selalu ada promo yang menarik. -SM",2023-03-03 01:34:04,3.72.0
laili saidah,respon cepat,5,3.53.0,2023-03-03 01:22:22,"Halo Kak, terima kasih banyak atas ratingnya, semoga Kakak tetap nyaman dan selau setia menjadi pelanggan Traveloka. Yuk Kak pantengin terus Traveloka Lifestyle Super App karna kami selalu berikan promo-promo yg menarik loooh, jangan sampai ketinggalan ya :)",2023-03-03 01:30:14,3.53.0
suharsono MN,There is no longer be a,2,3.72.0,2023-03-02 23:20:51,"Hi, Suharsono. We're deeply sorry for the inconvenience you experienced. To help us understand the problem you are experiencing, please kindly inform us the detail of your problem at this link: https://www.traveloka.com/en-id/contactus, thus we can assist you further. Thank you. -RF",2023-03-02 23:32:22,3.72.0
Illang Sari,Traveloka is the best,5,,2023-03-02 23:01:34,"Hi, thank you very much for the positive review! Please feel free to contact us at https://www.traveloka.com/contactus we're more than happy to assist you and Stay tuned for more exciting offers on Traveloka Lifestyle Super App.",2023-03-02 23:30:20,
Rosi Lombok,Ok,5,3.37.0,2023-03-02 18:29:10,"Hi, thank you very much for the positive review! Please feel free to contact us at https://www.traveloka.com/contactus we're more than happy to assist you and Stay tuned for more exciting offers on Traveloka Lifestyle Super App.",2023-03-02 18:30:09,3.37.0
Dimas Setiawan,sangat muda dan membantu,5,,2023-03-02 18:21:22,"Hi Kak, senang banget nih dapat rating bagus dari Kakak, terima kasih juga atas feedbacknya! Kenyamanan Kakak adalah prioritas Kami, jika ada pertanyaan lainnya jangan sungkan ya untuk infokan pada kami di https://www.traveloka.com/contactus . Jangan sampai ketinggalan penawaran menarik lainnya di Traveloka Lifestye Super Apps.",2023-03-02 18:30:12,
Ilham Maulana Habibie,"Aplikasi rusak, mau reschedule aja ribet amat prosesnya padahal pihak maskapai yang batalin malah diribetin lagi masalah ginian gak recommended dah capek",1,3.72.0,2023-03-02 17:22:09,"Hai Ilham. Mohon maaf atas kendala yang kamu alami ya Kak. Supaya bisa mimin bantu cek lebih lanjut kendala proses reschedule kamu, mohon bantuannya infokan dahulu nomor pesanan kamu di https://www.traveloka.com/id-id/contactus ya Kak. Terima kasih. -KK",2023-03-02 17:33:23,3.72.0
Revi revi,", , 00",3,3.66.0,2023-03-02 16:50:48,"Hai, Revi. Untuk membantu kami memahami kendala yang dialami, mohon bantuannya untuk menginformasikan detail kendala dan nomor pesanan (jika ada) melalui https://www.traveloka.com/contactus agar kami dapat membantu lebih lanjut. Terima kasih. -KK",2023-03-02 17:18:29,3.66.0
Ary Sugih Prasetyo,"Saya membeli tiket kereta api di traveloka malah di tinggal kereta api, padahal saya sudah booster ke 1 pas pemeriksaan mau masuk ke ruang tunggu petugas melarang saya masuk karna tidak bisa menunjukkan bukti vaksin booster ke 2, peraturan pemerintah juga belum berubah apabila sudah melakukan booster 1 di persilahkan melaukan perjalanan dengan menggunakan kereta api dan pesawat.",1,3.72.0,2023-03-02 16:06:37,"Hai Kak Ary. Maaf buat kendala yang dialami. Pada dasarnya penumpang yang telah tervaksinasi 3 dosis (booster), tidak wajib melampirkan hasil negatif tes RT-PCR saat melakukan perjalanan ya. Agar dapat kami bantu lebih lanjut, mohon infokan kembali melalui pesan aplikasi Traveloka atau email ke cs@traveloka.com Terima kasih. -KA",2023-03-02 16:35:32,3.72.0
cokiess septiana,"Harga berubah ubah dalam beberapa detik, klik tanggal 4-5 malah muncul tanggal 2-3, akhirnya salah pesen",1,3.72.0,2023-03-02 15:45:22,"Hai Kak Septiana, mohon maaf atas kendala yag terjadi pada kendala pemilihan tanggal kamu, pada dasarnya kamu juga bisa memilih tanggal dan melakukan pengecekan detail harga pada saat pembayaran Kak, silakan sampaikan nomor pemesanan kamu untuk kami dapat cek via https://www.traveloka.com/en-id/contactus, terima kasih. -NT",2023-03-02 16:04:49,3.72.0
habi br,mantab,5,3.72.0,2023-03-02 15:17:30,"Hi Kak, senang banget nih dapat rating bagus dari Kakak, terima kasih juga atas feedbacknya! Kenyamanan Kakak adalah prioritas Kami, jika ada pertanyaan lainnya jangan sungkan ya untuk infokan pada kami di https://www.traveloka.com/contactus . Jangan sampai ketinggalan penawaran menarik lainnya di Traveloka Lifestye Super Apps.",2023-03-02 15:30:18,3.72.0
Retno Gunani,epic tengkyu,4,3.70.1,2023-03-02 14:03:37,"Hi, thank you very much for the positive review! Please feel free to contact us at https://www.traveloka.com/contactus we're more than happy to assist you and Stay tuned for more exciting offers on Traveloka Lifestyle Super App.",2023-03-02 14:30:10,3.70.1
Putrini Maha dewi,excellent service,5,3.72.0,2023-03-02 12:54:41,"Hi, thank you very much for the positive review! Please feel free to contact us at https://www.traveloka.com/contactus we're more than happy to assist you and Stay tuned for more exciting offers on Traveloka Lifestyle Super App.",2023-03-02 13:00:10,3.72.0
Sangkala San,selama ini mantap,5,,2023-03-02 12:46:03,"Hi Kak, senang banget nih dapat rating bagus dari Kakak, terima kasih juga atas feedbacknya! Kenyamanan Kakak adalah prioritas Kami, jika ada pertanyaan lainnya jangan sungkan ya untuk infokan pada kami di https://www.traveloka.com/contactus . Jangan sampai ketinggalan penawaran menarik lainnya di Traveloka Lifestye Super Apps.",2023-03-02 13:00:13,
Nur Fahmi,"aplikasi yg bagus,,, mempermudah sy untuk pesan tiket pulang kampung",5,3.72.0,2023-03-02 12:43:21,"Hi Kak, terima kasih atas feedbacknya, semoga Kakak tetap setia dengan Traveloka. Jika ada pertanyaan lain bisa langsung infokan pada kami di https://www.traveloka.com/contactus ya, Kak. Pantau terus Traveloka Lifestyle Super App untuk penawaran spesial lainnya!",2023-03-02 13:00:16,3.72.0
ELI NURLELI,Sangat memuaskan,5,3.72.0,2023-03-02 12:43:11,"Halo Kak, terima kasih banyak atas ratingnya, semoga Kakak tetap nyaman dan selau setia menjadi pelanggan Traveloka. Yuk Kak pantengin terus Traveloka Lifestyle Super App karna kami selalu berikan promo-promo yg menarik loooh, jangan sampai ketinggalan ya :)",2023-03-02 13:00:18,3.72.0
Goen Gunawan,"Susah dalam pembayaran dengan Master credit card, sampai 3X juga gagal transaksi, akhirnya berhasil dengan ganti Visa credit card bank lain baru bisa, kenapa begitu ya? Ada apa dengan system pembayaran Traveloka? Kemudian mau tukarkan 200 point juga tidak berhasil? Buat apa bila sudah ditawarkan tukar point namun tak bisa tukar?",1,3.72.0,2023-03-02 12:07:54,"Hai Gunawan, maaf banget buat kamu gak nyaman Kak, untuk dapat kami bantu tindaklanjuti kendala kamu, mohon informasikan bukti screenshot kendala kamu melalui email kami di cs@traveloka.com ya Kak. Terima kasih. -AK",2023-03-02 12:32:21,3.72.0
Aco Ilham,T rgg ini V3!,4,3.72.0,2023-03-02 11:39:56,"Hi Kak, senang banget nih dapat rating bagus dari Kakak, terima kasih juga atas feedbacknya! Kenyamanan Kakak adalah prioritas Kami, jika ada pertanyaan lainnya jangan sungkan ya untuk infokan pada kami di https://www.traveloka.com/contactus . Jangan sampai ketinggalan penawaran menarik lainnya di Traveloka Lifestye Super Apps.",2023-03-02 12:00:11,3.72.0
Agus Salam,bagus,5,3.70.0,2023-03-02 11:31:12,"Hi Kak, terima kasih atas feedbacknya, semoga Kakak tetap setia dengan Traveloka. Jika ada pertanyaan lain bisa langsung infokan pada kami di https://www.traveloka.com/contactus ya, Kak. Pantau terus Traveloka Lifestyle Super App untuk penawaran spesial lainnya!",2023-03-02 12:00:13,3.70.0
Endah Widyati,pelayanan nya baik,5,3.67.0,2023-03-02 11:10:11,"Halo Kak, terima kasih banyak atas ratingnya, semoga Kakak tetap nyaman dan selau setia menjadi pelanggan Traveloka. Yuk Kak pantengin terus Traveloka Lifestyle Super App karna kami selalu berikan promo-promo yg menarik loooh, jangan sampai ketinggalan ya :)",2023-03-02 11:30:13,3.67.0
Ithy Henna_Art,mantap,5,3.72.0,2023-03-02 10:56:35,"Terima kasih ya kak untuk penilaian kamu, jangan lupa selalu pesan menggunakan aplikasi Traveloka untuk menjadi teman liburan kamu dan jangan ragu menghubungi kami melalui alamat email kami di cs@traveloka.com jika mendapati kendala terkait pemesanan kamu ya kak. Terima kasih -AK",2023-03-02 11:01:12,3.72.0
Sapta Tuty,"Dari bintang 5 saya turunkan ke bintang 1, saya pemakai Traveloka SDH lbh dr 7thn, sering beli tiket kereta api, pesawat, byr hotel dgn membayar TUNAI lwt BCA, KECEWA utk mengajukan PAYLATER nya tidak pernah bisa. Saya akan ksh bintang 5 lagi kalo PAYLATER saya disetujui",1,3.72.0,2023-03-02 10:55:54,"Halo Sapta. Mohon maaf atas ketidaknyamanan yang kamu alami. Terkait kendala kamu, silakan menghubungi kami melalui https://www.traveloka.com/id-id/contactus untuk pengecekan lebih lanjut. Terima kasih. -MZ",2023-03-02 11:06:30,3.72.0
Meylana santi,"Masih baru dan masih belom ngerti carany butuh waktu, tp menurut saya aplikasi ini memudahkan kita memesan tiket apa saja yg kita butuhkan tidak perlu keluar rumah,",5,3.72.0,2023-03-02 10:44:29,"Halo Kak, terima kasih banyak atas ratingnya, semoga Kakak tetap nyaman dan selau setia menjadi pelanggan Traveloka. Yuk Kak pantengin terus Traveloka Lifestyle Super App karna kami selalu berikan promo-promo yg menarik loooh, jangan sampai ketinggalan ya :)",2023-03-02 11:00:10,3.72.0
Yeshua's Princess,"Masukkan nomor telpon aja susahnya minta ampun. Kode OTP tdk pernah bisa masuk di nomor Hp (biar dicoba gmn pun), gmn mau verifikasi? Chat ke admin jg jawabnya hrs lengkapi data dgn selfie bersama surat pernyataan segala. Ampun deh, apa gunanya email? Kan kode verifikasi bisa dikirim ke email aja kl misal app Traveloka ga sanggup kirim kode OTP ke Hp.",1,3.71.0,2023-03-02 10:42:36,"Hai Yeshua, maaf banget sudah membuat kamu tidak nyaman. Terkait kendala kamu untuk dapat kami bantu cek lebih lanjut, mohon menghubungi kami melalui link https://www.traveloka.com/id-id/contactus dengan menginformasikan email kamu. Terima kasih. -AH",2023-03-02 11:02:43,3.71.0
Ari Handoyo,"sy baru skali ini beli tiket KA lwt Traveloka, smoga lancar dan selamat",5,3.72.0,2023-03-02 10:27:19,"Halo Kak, terima kasih banyak atas ratingnya, semoga Kakak tetap nyaman dan selau setia menjadi pelanggan Traveloka. Yuk Kak pantengin terus Traveloka Lifestyle Super App karna kami selalu berikan promo-promo yg menarik loooh, jangan sampai ketinggalan ya :)",2023-03-02 10:30:08,3.72.0
Indri Boombastic,selalu yang terbaik dengan harga terbaik pula,5,3.72.0,2023-03-02 10:22:35,"Hi Kak, senang banget nih dapat rating bagus dari Kakak, terima kasih juga atas feedbacknya! Kenyamanan Kakak adalah prioritas Kami, jika ada pertanyaan lainnya jangan sungkan ya untuk infokan pada kami di https://www.traveloka.com/contactus . Jangan sampai ketinggalan penawaran menarik lainnya di Traveloka Lifestye Super Apps.",2023-03-02 10:30:10,3.72.0
Isral Syah,memudahkan,5,3.72.0,2023-03-02 10:06:42,"Hai Isral, makasih untuk feedback yang kamu sampaikan ya. Apabila ada pertanyaan, boleh sampaikan melalui tautan ini https://www.traveloka.com/id-id/contactus. Terima kasih. -OR",2023-03-02 10:33:42,3.72.0
Rio Utomo,Mau pesan tiket pesawat proses y lama banget,1,,2023-03-02 10:05:15,"Hai, Kak Rio. Mohon maaf atas ketidaknyamanan yang kamu alami. Untuk membantu kami memahami kendala kamu, mohon bantuannya untuk lampirkan screenshot kendala kamu yang muncul seperti apa melalui https://www.traveloka.com/id-id/contactus ya. Terima kasih. -PA",2023-03-02 10:32:56,
Ambram Welsen,mantap,5,3.72.0,2023-03-02 09:29:01,"Hai Ambram, terima kasih sudah menggunakan Traveloka dan rating yang kamu berikan. Jika ada pertanyaan atau kendala yang bisa kami bantu, silakan hubungi kami melalui https://www.traveloka.com/id-id/contactus ya. -NA",2023-03-02 09:32:56,3.72.0
Ridho Gustri H,sippp,5,3.72.0,2023-03-02 09:23:33,"Hai Ridho, terima kasih sudah menggunakan Traveloka dan rating yang kamu berikan. Jika ada pertanyaan atau kendala yang bisa kami bantu, silakan hubungi kami melalui https://www.traveloka.com/id-id/contactus ya. -NA",2023-03-02 09:33:17,3.72.0
Akah Saepul Anwar,Gimana sih kode yg dikirim lewat sms gk di kirim kirim lama,1,3.72.0,2023-03-02 09:19:04,"Hai, Saepul. Mohon maaf sebelumnya. Pastikan nomor telepon yang terhubung dengan akun Traveloka kamu masih aktif dan kamu bisa coba re-send kembali kode tersebut. Kalau ada yang ingin ditanyakan, mohon hubungi kami melalui tautan ini https://www.traveloka.com/contactus ya. Terima kasih. -VK",2023-03-02 09:34:34,3.72.0
elvan aritonang,"Min akun traveloka saya di hack padahal saya uda perunggu, masa akun saya ada yng pesan tiket padahal saya gk ada pesan gimna kalau nntik penagihan saya yng nanggung gimna itu solusi nya",1,,2023-03-02 09:00:18,"Hai Elvan, mimin turut prihatin atas kendala yang kamu alami, untuk dapat kami bantu cek pada sistem kami mohon informasikan detail screenshot kendala yang kamu alami untuk dapat kami bantu cek terlebih dahulu melalui email kami di cs@traveloka.com ya Kak. Terima kasih. -AK",2023-03-02 09:33:25,
rumaqu Oleh sinar karya,mantap,5,3.72.0,2023-03-02 08:30:51,"Hai Kak, makasih untuk feedback yang kamu sampaikan ya. Kalau kamu ada pertanyaan, boleh sampaikan melalui tautan ini https://www.traveloka.com/id-id/contactus. Terima kasih. -OR",2023-03-02 09:03:04,3.72.0
Kaisan San,Ew,3,3.72.0,2023-03-02 08:09:17,"Hai Kak. Apabila ada pertanyaan, bisa menghubungi kami langsung melalui https://www.traveloka.com/id-id/contactus, kami sangat ingin sekali membantu menyelesaikan permasalahan mu :) -CA",2023-03-02 08:45:11,3.72.0
Su Ratno,mantap prosesnya cepat..👍,4,3.69.1,2023-03-02 07:52:56,"Halo Kak, terima kasih banyak atas ratingnya, semoga Kakak tetap nyaman dan selau setia menjadi pelanggan Traveloka. Yuk Kak pantengin terus Traveloka Lifestyle Super App karna kami selalu berikan promo-promo yg menarik loooh, jangan sampai ketinggalan ya :)",2023-03-02 08:00:11,3.69.1
cakky sotv,good,5,3.72.0,2023-03-02 07:16:46,"Hi, thank you very much for the positive review! Please feel free to contact us at https://www.traveloka.com/contactus we're more than happy to assist you and Stay tuned for more exciting offers on Traveloka Lifestyle Super App.",2023-03-02 07:30:16,3.72.0
Altaf Sugiarto,"Bagus, cuman promonya kurang banyak",5,3.72.0,2023-03-02 06:06:42,"Halo Kak, terima kasih banyak atas ratingnya, semoga Kakak tetap nyaman dan selau setia menjadi pelanggan Traveloka. Yuk Kak pantengin terus Traveloka Lifestyle Super App karna kami selalu berikan promo-promo yg menarik loooh, jangan sampai ketinggalan ya :)",2023-03-02 06:30:22,3.72.0
welis raldianingrat,promo sedikit dan selalu tdk bisa terpakai 😥 tapi overall bagus dan sangat memudahkan apalagi skrg ada traveloka payletter 👏,4,3.72.0,2023-03-02 05:55:13,"Halo Kak, terima kasih banyak atas ratingnya, semoga Kakak tetap nyaman dan selau setia menjadi pelanggan Traveloka. Yuk Kak pantengin terus Traveloka Lifestyle Super App karna kami selalu berikan promo-promo yg menarik loooh, jangan sampai ketinggalan ya :)",2023-03-02 06:00:09,3.72.0
YOYON HERIYANTO,terimakasih sudah memudahkan saya dalam perjalanan...semoga menjadi yang terbaik 👍,5,3.72.0,2023-03-02 05:50:36,"Hi Kak, senang banget nih dapat rating bagus dari Kakak, terima kasih juga atas feedbacknya! Kenyamanan Kakak adalah prioritas Kami, jika ada pertanyaan lainnya jangan sungkan ya untuk infokan pada kami di https://www.traveloka.com/contactus . Jangan sampai ketinggalan penawaran menarik lainnya di Traveloka Lifestye Super Apps.",2023-03-02 06:00:12,3.72.0
Kasiyanto Serui,perlu pembiasaan,4,3.72.0,2023-03-02 05:29:40,"Halo Kak, terima kasih banyak atas ratingnya, semoga Kakak tetap nyaman dan selau setia menjadi pelanggan Traveloka. Yuk Kak pantengin terus Traveloka Lifestyle Super App karna kami selalu berikan promo-promo yg menarik loooh, jangan sampai ketinggalan ya :)",2023-03-02 05:30:09,3.72.0
Sam Udin,ok,5,3.68.0,2023-03-02 05:04:16,"Hi, we are so grateful to get a lot of support from you. Hope you continue to enjoy our offers. If you have any feedback or suggestions, let us know on https://www.traveloka.com/contactus, our customer service would love to serve you in 24 hours. Thank you!",2023-03-02 05:30:12,3.68.0
Saka Nirwana,"Selalu memuaskan dg menggunakan Traveloka, semua menjadi mudah",5,3.72.0,2023-03-02 04:41:59,"Halo Kak, terima kasih banyak atas ratingnya, semoga Kakak tetap nyaman dan selau setia menjadi pelanggan Traveloka. Yuk Kak pantengin terus Traveloka Lifestyle Super App karna kami selalu berikan promo-promo yg menarik loooh, jangan sampai ketinggalan ya :)",2023-03-02 05:00:10,3.72.0
Hendry Maya,Ok,5,3.72.0,2023-03-02 04:32:20,"Hi, we are so grateful to get a lot of support from you. Hope you continue to enjoy our offers. If you have any feedback or suggestions, let us know on https://www.traveloka.com/contactus, our customer service would love to serve you in 24 hours. Thank you!",2023-03-02 05:00:13,3.72.0
olyvia chanel,Good,5,,2023-03-02 04:18:18,"Hi, thank you very much for the positive review! Please feel free to contact us at https://www.traveloka.com/contactus we're more than happy to assist you and Stay tuned for more exciting offers on Traveloka Lifestyle Super App.",2023-03-02 04:30:09,
Novi santi duwila,mantap,4,3.72.0,2023-03-02 04:08:56,Hai Novi. Makasih buat ratingnya ya! Mimin tunggu pesanan kamu selanjutnya di Traveloka :) -RM,2023-03-02 04:39:10,3.72.0
Alief Aishiteru,baik. terpercaya,5,3.69.0,2023-03-02 03:56:26,"Halo Kak, terima kasih banyak atas ratingnya, semoga Kakak tetap nyaman dan selau setia menjadi pelanggan Traveloka. Yuk Kak pantengin terus Traveloka Lifestyle Super App karna kami selalu berikan promo-promo yg menarik loooh, jangan sampai ketinggalan ya :)",2023-03-02 04:00:10,3.69.0
AGUNG 's OFFICIAL,terbantu,4,3.72.0,2023-03-02 03:56:14,"Hi Kak, senang banget nih dapat rating bagus dari Kakak, terima kasih juga atas feedbacknya! Kenyamanan Kakak adalah prioritas Kami, jika ada pertanyaan lainnya jangan sungkan ya untuk infokan pada kami di https://www.traveloka.com/contactus . Jangan sampai ketinggalan penawaran menarik lainnya di Traveloka Lifestye Super Apps.",2023-03-02 04:00:12,3.72.0
Jerry Jerry,ok,5,3.72.0,2023-03-02 03:36:41,Thank you for leaving a good comment to us. Let us know if you have any suggestion for improvement through https://www.traveloka.com/contactus . Stay around for more interesting offers from Traveloka Lifestyle Super App!,2023-03-02 04:00:15,3.72.0
J H,Memudahkan dlm pencarian hotel dan tiket pesawat ...,5,3.72.0,2023-03-02 02:55:06,"Halo Kak, terima kasih banyak atas ratingnya, semoga Kakak tetap nyaman dan selau setia menjadi pelanggan Traveloka. Yuk Kak pantengin terus Traveloka Lifestyle Super App karna kami selalu berikan promo-promo yg menarik loooh, jangan sampai ketinggalan ya :)",2023-03-02 03:00:12,3.72.0
pr453tyo eko,sangat bermanfaat dan amanah,5,3.72.0,2023-03-02 02:29:43,"Halo, Prasetyo. Terima kasih atas apresiasinya, semoga kamu tetap nyaman dan selalu setia menjadi pelanggan Traveloka. Traveloka akan selalu berusaha dengan senang hati untuk memberikan pelayanan terbaik kepada semua pelanggan. Pantengin terus Traveloka untuk penawaran menarik lainnya yang pastinya bikin liburan kamu makin seru :) -RF",2023-03-02 02:53:29,3.72.0
Dimas Prasetiyo,Good,5,,2023-03-02 02:22:51,"Hi, thank you very much for the positive review! Please feel free to contact us at https://www.traveloka.com/contactus we're more than happy to assist you and Stay tuned for more exciting offers on Traveloka Lifestyle Super App.",2023-03-02 02:30:11,
christopher alfeus,Good aplikasi,5,3.72.0,2023-03-02 02:07:03,"Hi Kak, senang banget nih dapat rating bagus dari Kakak, terima kasih juga atas feedbacknya! Kenyamanan Kakak adalah prioritas Kami, jika ada pertanyaan lainnya jangan sungkan ya untuk infokan pada kami di https://www.traveloka.com/contactus . Jangan sampai ketinggalan penawaran menarik lainnya di Traveloka Lifestye Super Apps.",2023-03-02 02:30:13,3.72.0
Uca Somantri,good,5,3.72.0,2023-03-02 02:00:50,Thank you for leaving a good comment to us. Let us know if you have any suggestion for improvement through https://www.traveloka.com/contactus . Stay around for more interesting offers from Traveloka Lifestyle Super App!,2023-03-02 02:30:16,3.72.0
syafri sanbe,"Traveloka mnt tlg utk pembayaran dgn kartu kredit hrsnya lebih hati2 lg,Krn pas kita udah masukan data kartu,tiket atau hotel udah langsung kebeli,hrsnya ad kode otp yang di masukkan,supaya lebih aman bagi yang punya kartu kredit.tlg di perhatikan ya Traveloka,supaya kedepan Traveloka tambah besar dan besar lg,mhn agar masukan ini di pertimbangkan,tks",4,,2023-03-02 01:42:12,"Halo Kak, terima kasih banyak atas ratingnya, semoga Kakak tetap nyaman dan selau setia menjadi pelanggan Traveloka. Yuk Kak pantengin terus Traveloka Lifestyle Super App karna kami selalu berikan promo-promo yg menarik loooh, jangan sampai ketinggalan ya :)",2023-03-02 02:00:09,
Anjar Kristianto,"Versi terbaru, susah utk searching tiket&hotel",2,3.72.0,2023-03-02 01:30:14,Halo Anjar. Mohon maaf atas kendala yang kamu alami. Penilaian dari kamu akan menjadi pertimbangan bagi kami untuk memberikan pelayanan lebih baik ke depannya. Terima kasih. -SC,2023-03-02 02:04:04,3.72.0
lia wahyuni,matulll nihhh bisa mudikkk yeyyyy,5,3.72.0,2023-03-02 01:29:20,"Halo, Lia. Terima kasih atas penilaiannya dan telah memilih Traveloka sebagai partner perjalanan kamu. Terima kasih. -SC",2023-03-02 01:31:02,3.72.0
Adi Adi,langganan setia,4,3.72.0,2023-03-02 00:19:22,"Hai, Adi. Senang sekali menerima bintang 4 dari kamu, terima kasih juga sudah menjadi pelanggan setia Traveloka. Kenyamanan kamu adalah prioritas kami semoga kedepannya kami bisa mendapat bintang 5 dari kamu. Semoga sehat selalu :) -RF",2023-03-02 00:31:48,3.72.0
Nenny Purwati,Good,5,,2023-03-02 00:15:47,"Hi, thank you very much for the positive review! Please feel free to contact us at https://www.traveloka.com/contactus we're more than happy to assist you and Stay tuned for more exciting offers on Traveloka Lifestyle Super App.",2023-03-02 00:30:10,
Bumiayu Channel Bali,TOP APP,5,3.72.0,2023-03-01 19:59:22,"Hi, thank you very much for the positive review! Please feel free to contact us at https://www.traveloka.com/contactus we're more than happy to assist you and Stay tuned for more exciting offers on Traveloka Lifestyle Super App.",2023-03-01 20:00:24,3.72.0
Win Awing,sangat membantu,5,3.72.0,2023-03-01 19:03:50,"Halo Kak, terima kasih banyak atas ratingnya, semoga Kakak tetap nyaman dan selau setia menjadi pelanggan Traveloka. Yuk Kak pantengin terus Traveloka Lifestyle Super App karna kami selalu berikan promo-promo yg menarik loooh, jangan sampai ketinggalan ya :)",2023-03-01 19:30:10,3.72.0
Ach Fauzan,dari dulu kalo pesen tiket lewatnya Traveloka,5,3.72.0,2023-03-01 17:09:39,"Halo Kak, terima kasih banyak atas ratingnya, semoga Kakak tetap nyaman dan selau setia menjadi pelanggan Traveloka. Yuk Kak pantengin terus Traveloka Lifestyle Super App karna kami selalu berikan promo-promo yg menarik loooh, jangan sampai ketinggalan ya :)",2023-03-01 17:30:12,3.72.0
Danang Trylaksono,Mantap Traveloka.,4,3.72.0,2023-03-01 16:01:31,"Hi Kak, senang banget nih dapat rating bagus dari Kakak, terima kasih juga atas feedbacknya! Kenyamanan Kakak adalah prioritas Kami, jika ada pertanyaan lainnya jangan sungkan ya untuk infokan pada kami di https://www.traveloka.com/contactus . Jangan sampai ketinggalan penawaran menarik lainnya di Traveloka Lifestye Super Apps.",2023-03-01 16:30:15,3.72.0
Nikodemus Sirait,bagus,5,3.46.0,2023-03-01 15:22:17,"Halo Kak, terima kasih banyak atas ratingnya, semoga Kakak tetap nyaman dan selau setia menjadi pelanggan Traveloka. Yuk Kak pantengin terus Traveloka Lifestyle Super App karna kami selalu berikan promo-promo yg menarik loooh, jangan sampai ketinggalan ya :)",2023-03-01 15:30:08,3.46.0
Ilham Lutfiabra,cukup baik dan mudah dalam pemakaian aplikasinya...,4,3.49.2,2023-03-01 15:12:15,"Hi Kak, senang banget nih dapat rating bagus dari Kakak, terima kasih juga atas feedbacknya! Kenyamanan Kakak adalah prioritas Kami, jika ada pertanyaan lainnya jangan sungkan ya untuk infokan pada kami di https://www.traveloka.com/contactus . Jangan sampai ketinggalan penawaran menarik lainnya di Traveloka Lifestye Super Apps.",2023-03-01 15:30:11,3.49.2
Badar Maulana,Good job,5,3.72.0,2023-03-01 15:02:25,Thank you for leaving a good comment to us. Let us know if you have any suggestion for improvement through https://www.traveloka.com/contactus . Stay around for more interesting offers from Traveloka Lifestyle Super App!,2023-03-01 15:30:13,3.72.0
Seina Umar,bagus,5,3.71.1,2023-03-01 14:36:24,"Halo Kak, terima kasih banyak atas ratingnya, semoga Kakak tetap nyaman dan selau setia menjadi pelanggan Traveloka. Yuk Kak pantengin terus Traveloka Lifestyle Super App karna kami selalu berikan promo-promo yg menarik loooh, jangan sampai ketinggalan ya :)",2023-03-01 15:00:13,3.71.1
Andri Yanto,bagus,5,3.72.0,2023-03-01 14:27:07,"Halo Kak, terima kasih banyak atas ratingnya, semoga Kakak tetap nyaman dan selau setia menjadi pelanggan Traveloka. Yuk Kak pantengin terus Traveloka Lifestyle Super App karna kami selalu berikan promo-promo yg menarik loooh, jangan sampai ketinggalan ya :)",2023-03-01 14:30:14,3.72.0
Es Swa,nice thx traveloka,5,3.72.0,2023-03-01 14:21:27,"Hi Kak, senang banget nih dapat rating bagus dari Kakak, terima kasih juga atas feedbacknya! Kenyamanan Kakak adalah prioritas Kami, jika ada pertanyaan lainnya jangan sungkan ya untuk infokan pada kami di https://www.traveloka.com/contactus . Jangan sampai ketinggalan penawaran menarik lainnya di Traveloka Lifestye Super Apps.",2023-03-01 14:30:17,3.72.0
Teuku Safrizal,best aplikasi,5,3.72.0,2023-03-01 14:20:37,"Hi Kak, terima kasih atas feedbacknya, semoga Kakak tetap setia dengan Traveloka. Jika ada pertanyaan lain bisa langsung infokan pada kami di https://www.traveloka.com/contactus ya, Kak. Pantau terus Traveloka Lifestyle Super App untuk penawaran spesial lainnya!",2023-03-01 14:30:19,3.72.0
Hery Suparta,bagus,5,3.72.0,2023-03-01 14:10:20,"Halo Kak, terima kasih banyak atas ratingnya, semoga Kakak tetap nyaman dan selau setia menjadi pelanggan Traveloka. Yuk Kak pantengin terus Traveloka Lifestyle Super App karna kami selalu berikan promo-promo yg menarik loooh, jangan sampai ketinggalan ya :)",2023-03-01 14:30:21,3.72.0
jambol kecill,👍,5,3.56.1,2023-03-01 14:07:16,"Halo, Kak. Terima kasih banyak atas ratingnya, semoga Kakak tetap nyaman dan selau setia menjadi pelanggan Traveloka. Yuk Kak pantengin terus Traveloka Lifestyle Super App karna kami selalu berikan promo-promo yg menarik loooh, jangan sampai ketinggalan ya :) -IN",2023-03-01 14:35:49,3.56.1
butet alhenssa,mantuuuullll,5,3.72.0,2023-03-01 13:57:22,"Hai Alhenssa, makasih untuk feedback yang kamu sampaikan ya. Kalau kamu ada pertanyaan, boleh sampaikan melalui tautan ini https://www.traveloka.com/id-id/contactus. Terima kasih. -OR",2023-03-01 14:21:07,3.72.0
Moh.hasyim Muzadi,excelent,5,3.69.0,2023-03-01 13:37:07,"Halo, Hasyim. Terima kasih banyak atas ratingnya, semoga Kakak tetap nyaman dan selau setia menjadi pelanggan Traveloka. Yuk Kak pantengin terus Traveloka Lifestyle Super App karna kami selalu berikan promo-promo yg menarik loooh, jangan sampai ketinggalan ya :) -IN",2023-03-01 14:20:37,3.69.0
Adri Caniago,Aplikasinya bagus banget bisa beli tiket pesawat dan bisa pergi ke mana aja.,5,3.72.0,2023-03-01 12:55:37,"Halo Kak, terima kasih banyak atas ratingnya, semoga Kakak tetap nyaman dan selau setia menjadi pelanggan Traveloka. Yuk Kak pantengin terus Traveloka Lifestyle Super App karna kami selalu berikan promo-promo yg menarik loooh, jangan sampai ketinggalan ya :)",2023-03-01 13:00:20,3.72.0
Jito Jito,Payah pengajuan ditolak melulu,2,,2023-03-01 12:49:45,"Hai, Jito. Mohon maaf atas ketidaknyamanannya. Hal tersebut sepenuhnya kebijakan dari tim analis kami. Untuk membantu pengecekan laporan kamu, mohon hubungi kami melalui tautan ini https://www.traveloka.com/contactus. Terima kasih. -SM",2023-03-01 13:06:23,
HOKI Nian,Saya senang Dengan adanya aplikasi ini,5,3.72.0,2023-03-01 12:49:33,"Hi Kak, senang banget nih dapat rating bagus dari Kakak, terima kasih juga atas feedbacknya! Kenyamanan Kakak adalah prioritas Kami, jika ada pertanyaan lainnya jangan sungkan ya untuk infokan pada kami di https://www.traveloka.com/contactus . Jangan sampai ketinggalan penawaran menarik lainnya di Traveloka Lifestye Super Apps.",2023-03-01 13:00:23,3.72.0
Devi Wijaya,"Tidak pernah dapat promonya, selalu habis",3,3.72.0,2023-03-01 12:24:14,"Hai Devi, maaf ya atas ketidaknyamanannya. Mengenai promo, memiliki Syarat dan Ketentuan masing-masing serta keterbatasan kuota di tiap promonya. Apabila ada pertanyaan lain, silakan dapat hubungi kami melalui https://www.traveloka.com/id-id/contactus. Terima kasih. -CA",2023-03-01 12:32:46,3.72.0
Fathia Irani,cepat tepat dan harganya mahal,5,3.72.0,2023-03-01 12:16:59,"Halo Kak, terima kasih banyak atas ratingnya, semoga Kakak tetap nyaman dan selau setia menjadi pelanggan Traveloka. Yuk Kak pantengin terus Traveloka Lifestyle Super App karna kami selalu berikan promo-promo yg menarik loooh, jangan sampai ketinggalan ya :)",2023-03-01 12:30:19,3.72.0
Fira Aisyah,"Ko aku kena tipu yah.., Tolong di jelaskan..",3,,2023-03-01 12:13:25,"Halo, Kak Fira. Maaf sekali jika ada hal yang membuat kamu tidak nyaman. Mohon infokan ke kami kendala Kakak melalui https://www.traveloka.com/contactus. Kami sangat ingin membantu menyelesaikan permasalahan Kakak. Terima kasih 🙏 -RU",2023-03-01 12:33:37,
Relmec2 Relmec2,Kenapa mau upload dokumen buat paylater gak bisa?gagal terus.Padahal data udah bener.Tolong kejelasannya.,3,3.72.0,2023-03-01 11:02:58,"Hai, Kak. Mohon maaf atas kendala yang dialami. Mimin butuh data akun Travelokamu agar kendalamu bisa diperiksa secepatnya. Kamu bisa sampaikan datanya melalui https://www.traveloka.com/contactus. Mimin tunggu ya. Terima kasih.-TK",2023-03-01 11:34:46,3.72.0
dokter footwear,mantap,5,3.72.0,2023-03-01 10:42:14,"Hai Kak, yuhuuuy senangnya mendapat bintang lima dari kamu, Kenyamananmu adalah prioritas Kami. Apabila ada pertanyaan, silakan dapat mengirimkan email ke kami di cs@traveloka.com atau pesan inbox di aplikasi Traveloka ya. Terima kasih. -CA",2023-03-01 11:01:53,3.72.0
Abdul Bakrin,bagus,5,3.72.0,2023-03-01 10:22:05,"Halo Kak, terima kasih banyak atas ratingnya, semoga Kakak tetap nyaman dan selau setia menjadi pelanggan Traveloka. Yuk Kak pantengin terus Traveloka Lifestyle Super App karna kami selalu berikan promo-promo yg menarik loooh, jangan sampai ketinggalan ya :)",2023-03-01 10:30:09,3.72.0
jhon niko,Dengan Traveloka mudah memesan hotel,5,3.72.0,2023-03-01 09:58:33,"Halo Kak, terima kasih banyak atas ratingnya, semoga Kakak tetap nyaman dan selau setia menjadi pelanggan Traveloka. Yuk Kak pantengin terus Traveloka Lifestyle Super App karna kami selalu berikan promo-promo yg menarik loooh, jangan sampai ketinggalan ya :)",2023-03-01 10:00:09,3.72.0
Umar Suhada,sangat puas,5,3.71.1,2023-03-01 09:31:16,"Hi Kak, senang banget nih dapat rating bagus dari Kakak, terima kasih juga atas feedbacknya! Kenyamanan Kakak adalah prioritas Kami, jika ada pertanyaan lainnya jangan sungkan ya untuk infokan pada kami di https://www.traveloka.com/contactus . Jangan sampai ketinggalan penawaran menarik lainnya di Traveloka Lifestye Super Apps.",2023-03-01 10:00:11,3.71.1
raden budi,semoga ada diskon hotel lagi. Terimakasih,4,3.72.0,2023-03-01 09:02:14,"Halo Kak, terima kasih banyak atas ratingnya, semoga Kakak tetap nyaman dan selau setia menjadi pelanggan Traveloka. Yuk Kak pantengin terus Traveloka Lifestyle Super App karna kami selalu berikan promo-promo yg menarik loooh, jangan sampai ketinggalan ya :)",2023-03-01 09:30:20,3.72.0
Kamaruddin Ali,"Proses refund lama sangat kecewa dah pdahal alasan maskapai yg membatalkan, klo apl sebelah cepat pdahal sma2 wktu pengajuan cman 3 hri sdngkan kita mau pesan tiket bru msa iya hrus nunggu 90 hri 🥴..",2,,2023-03-01 08:59:54,"Hai Ali, maaf ya atas ketidaknyamanannya. Agar dapat kami bantu pengecekan lebih lanjut silakan dapat hubungi kami di https://www.traveloka.com/id-id/contactus, terima kasih. -CA",2023-03-01 08:01:42,
Novyar Dwi Adini,baguslah,4,3.72.0,2023-03-01 08:43:44,"Hai Dwi, makasih untuk feedback yang kamu sampaikan ya. Apabila kamu ada pertanyaan, boleh hubungi kami melalui tautan ini https://www.traveloka.com/id-id/contactus. Terima kasih. -OR",2023-03-01 09:05:27,3.72.0
Elma Susanty S. Pd S. Si,"cepat, tepat, hemat",4,3.72.0,2023-03-01 08:39:22,"Halo Kak, terima kasih banyak atas ratingnya, semoga Kakak tetap nyaman dan selau setia menjadi pelanggan Traveloka. Yuk Kak pantengin terus Traveloka Lifestyle Super App karna kami selalu berikan promo-promo yg menarik loooh, jangan sampai ketinggalan ya :)",2023-03-01 09:00:13,3.72.0
Aulia kakiay,mempermudah saya dlm perjalanan,5,3.72.0,2023-03-01 07:53:25,"Halo Kak, terima kasih banyak atas ratingnya, semoga Kakak tetap nyaman dan selau setia menjadi pelanggan Traveloka. Yuk Kak pantengin terus Traveloka Lifestyle Super App karna kami selalu berikan promo-promo yg menarik loooh, jangan sampai ketinggalan ya :)",2023-03-01 08:00:15,3.72.0
Sicha Fudin,sangat membantu,5,3.72.0,2023-03-01 07:39:17,"Hi Kak, senang banget nih dapat rating bagus dari Kakak, terima kasih juga atas feedbacknya! Kenyamanan Kakak adalah prioritas Kami, jika ada pertanyaan lainnya jangan sungkan ya untuk infokan pada kami di https://www.traveloka.com/contactus . Jangan sampai ketinggalan penawaran menarik lainnya di Traveloka Lifestye Super Apps.",2023-03-01 08:00:17,3.72.0
Agus Suharto,Harga lebih murah,5,3.43.1,2023-03-01 06:49:23,"Halo Kak, terima kasih banyak atas ratingnya, semoga Kakak tetap nyaman dan selau setia menjadi pelanggan Traveloka. Yuk Kak pantengin terus Traveloka Lifestyle Super App karna kami selalu berikan promo-promo yg menarik loooh, jangan sampai ketinggalan ya :)",2023-03-01 07:00:13,3.43.1
Okto Lie,Simple dan lancar,5,3.72.0,2023-03-01 06:48:10,"Hai Lie, yuhuuuy senangnya mendapat bintang lima dari kamu, Kenyamananmu adalah prioritas Kami. Apabila ada pertanyaan, silakan dapat mengirimkan email ke kami di cs@traveloka.com atau pesan inbox di aplikasi Traveloka ya. Terima kasih. -CA",2023-03-01 07:01:00,3.72.0
Mirwan P,mantap,5,3.72.0,2023-03-01 06:35:12,"Hai Mirwan, yuhuuuy senangnya mendapat bintang lima dari kamu, Kenyamananmu adalah prioritas Kami. Apabila ada pertanyaan, silakan dapat mengirimkan email ke kami di cs@traveloka.com atau pesan inbox di aplikasi Traveloka ya. Terima kasih. -CA",2023-03-01 07:01:24,3.72.0
Karla Adrian,Mantab banyak promonya,5,3.54.2,2023-03-01 06:14:12,"Halo Kak, terima kasih banyak atas ratingnya, semoga Kakak tetap nyaman dan selau setia menjadi pelanggan Traveloka. Yuk Kak pantengin terus Traveloka Lifestyle Super App karna kami selalu berikan promo-promo yg menarik loooh, jangan sampai ketinggalan ya :)",2023-03-01 06:30:11,3.54.2
Beheru Sawono Maralie,mantab dan cepat...,5,3.39.0,2023-03-01 06:10:06,"Hi Kak, senang banget nih dapat rating bagus dari Kakak, terima kasih juga atas feedbacknya! Kenyamanan Kakak adalah prioritas Kami, jika ada pertanyaan lainnya jangan sungkan ya untuk infokan pada kami di https://www.traveloka.com/contactus . Jangan sampai ketinggalan penawaran menarik lainnya di Traveloka Lifestye Super Apps.",2023-03-01 06:30:13,3.39.0
inspektorat kotalubuklinggau,lumayan,3,3.72.0,2023-03-01 05:34:38,"Halo, Kak. Terima kasih buat feedbacknya, semoga kamu tetap setia dengan Traveloka. Jika ada kendala, jangan sungkan untuk infokan pada kami di https://www.traveloka.com/contactus. Kami tunggu bintang 5-nya. -SM",2023-03-01 06:04:01,3.72.0
Yakub 1206,mantap,5,3.72.0,2023-03-01 05:25:58,Hai Yakub. Makasih buat rating yang kamu berikan ya! Mimin tunggu pesanan kamu selanjutnya di Traveloka :) -RM,2023-03-01 05:33:09,3.72.0
Rinna Rinna,sangat bagus untuk pelanyanannya,5,3.72.0,2023-03-01 05:25:05,"Halo Kak, terima kasih banyak atas ratingnya, semoga Kakak tetap nyaman dan selau setia menjadi pelanggan Traveloka. Yuk Kak pantengin terus Traveloka Lifestyle Super App karna kami selalu berikan promo-promo yg menarik loooh, jangan sampai ketinggalan ya :)",2023-03-01 05:30:13,3.72.0
RFD Trips,"pertama kali beli tiket di traveloka,",5,3.72.0,2023-03-01 05:16:43,"Hi Kak, senang banget nih dapat rating bagus dari Kakak, terima kasih juga atas feedbacknya! Kenyamanan Kakak adalah prioritas Kami, jika ada pertanyaan lainnya jangan sungkan ya untuk infokan pada kami di https://www.traveloka.com/contactus . Jangan sampai ketinggalan penawaran menarik lainnya di Traveloka Lifestye Super Apps.",2023-03-01 05:30:16,3.72.0
Syukri Walhadi,ok,4,3.72.0,2023-03-01 04:34:19,"Hi, thank you very much for the positive review! Please feel free to contact us at https://www.traveloka.com/contactus we're more than happy to assist you and Stay tuned for more exciting offers on Traveloka Lifestyle Super App.",2023-03-01 05:00:16,3.72.0
Agus Awan,Kenapa chek in online sekarang ga ada ya? Sebelum upgrade bisa chek in via traveloka Skrg Apk versi 3.72.0,1,3.72.0,2023-03-01 04:23:19,Halo Agus. Terkait ketersediaan check in online mengikuti kebijakan maskapai ya. Kamu bisa menghubungi kami melalui https://www.traveloka.com/id-id/contactus untuk pengecekan lebih lanjut terkait pesanan kamu. Terima kasih. -MZ,2023-03-01 04:34:04,3.72.0
Pravita Pritaningrum,"Gak asik sekarang Traveloka paylater , Traveloka eats sekarang udh gak ada lalu virtual number sekarang gk bisa di gunakan di e-commerce cuma bisa di Traveloka saja jadi gak membantu menggunakan nya . Thanks! Semoga bisa lebih baik lagi!",1,3.72.0,2023-03-01 04:09:00,"Hai, Pravita. Kami informasikan bahwa layanan Traveloka Eats telah berhenti beroperasi mulai tanggal 31 Oktober 2022. Namun jangan khawatir, kami akan terus menghadirkan produk dan layanan perjalanan serta gaya hidup yang relevan bagi para pengguna setia Traveloka. Terima kasih atas masukannya. -OE",2023-03-01 04:35:07,3.72.0
Susiana Zhang,gampang beli tiket di Traveloka..semoga makin banyak diskonnya,5,3.72.0,2023-03-01 03:57:11,"Halo Kak, terima kasih banyak atas ratingnya, semoga Kakak tetap nyaman dan selau setia menjadi pelanggan Traveloka. Yuk Kak pantengin terus Traveloka Lifestyle Super App karna kami selalu berikan promo-promo yg menarik loooh, jangan sampai ketinggalan ya :)",2023-03-01 04:00:10,3.72.0
Masrukhi (Ucie),membatu sekali,5,3.72.0,2023-03-01 03:42:10,"Hi Kak, senang banget nih dapat rating bagus dari Kakak, terima kasih juga atas feedbacknya! Kenyamanan Kakak adalah prioritas Kami, jika ada pertanyaan lainnya jangan sungkan ya untuk infokan pada kami di https://www.traveloka.com/contactus . Jangan sampai ketinggalan penawaran menarik lainnya di Traveloka Lifestye Super Apps.",2023-03-01 04:00:12,3.72.0
Donny Ananta,sangat bermanfaat,5,3.67.0,2023-03-01 03:20:48,"Halo Kak, terima kasih banyak atas ratingnya, semoga Kakak tetap nyaman dan selau setia menjadi pelanggan Traveloka. Yuk Kak pantengin terus Traveloka Lifestyle Super App karna kami selalu berikan promo-promo yg menarik loooh, jangan sampai ketinggalan ya :)",2023-03-01 03:30:10,3.67.0
Yudi Ajja,bagus,5,3.72.0,2023-03-01 03:13:02,"Hi Kak, senang banget nih dapat rating bagus dari Kakak, terima kasih juga atas feedbacknya! Kenyamanan Kakak adalah prioritas Kami, jika ada pertanyaan lainnya jangan sungkan ya untuk infokan pada kami di https://www.traveloka.com/contactus . Jangan sampai ketinggalan penawaran menarik lainnya di Traveloka Lifestye Super Apps.",2023-03-01 03:30:14,3.72.0
Dyan R,good,5,3.72.0,2023-03-01 02:55:24,"Hi, thank you very much for the positive review! Please feel free to contact us at https://www.traveloka.com/contactus we're more than happy to assist you and Stay tuned for more exciting offers on Traveloka Lifestyle Super App.",2023-03-01 03:00:19,3.72.0
david wang,good service but need more discount like agida,5,3.72.0,2023-03-01 02:28:41,"Hai, David. Terima kasih atas penilaiannya, kami akan terus berkembang untuk kenyamanan pengguna yang lebih baik ke depannya. Terima kasih. -SC",2023-03-01 02:33:08,3.72.0
M Didin Fachrurozi S,jiso,5,3.72.0,2023-03-01 02:27:31,"Halo, Didin. Terima kasih atas penilaiannya dan telah memilih Traveloka sebagai partner perjalanan kamu. Terima kasih. -SC",2023-03-01 02:32:25,3.72.0
alfiyan hanaauto,diskon lebih banyak dong,5,3.72.0,2023-03-01 02:22:44,"Halo Kak, terima kasih banyak atas ratingnya, semoga Kakak tetap nyaman dan selau setia menjadi pelanggan Traveloka. Yuk Kak pantengin terus Traveloka Lifestyle Super App karna kami selalu berikan promo-promo yg menarik loooh, jangan sampai ketinggalan ya :)",2023-03-01 02:30:12,3.72.0
gideon sondakh,keren,5,3.56.1,2023-03-01 02:21:20,"Hi Kak, senang banget nih dapat rating bagus dari Kakak, terima kasih juga atas feedbacknya! Kenyamanan Kakak adalah prioritas Kami, jika ada pertanyaan lainnya jangan sungkan ya untuk infokan pada kami di https://www.traveloka.com/contactus . Jangan sampai ketinggalan penawaran menarik lainnya di Traveloka Lifestye Super Apps.",2023-03-01 02:30:15,3.56.1
sarifa nikma alhasni,bagus membantu pemesanan apapun. good,5,3.72.0,2023-03-01 01:59:16,"Halo Kak, terima kasih banyak atas ratingnya, semoga Kakak tetap nyaman dan selau setia menjadi pelanggan Traveloka. Yuk Kak pantengin terus Traveloka Lifestyle Super App karna kami selalu berikan promo-promo yg menarik loooh, jangan sampai ketinggalan ya :)",2023-03-01 02:00:18,3.72.0
Ojan Ojan,sangat mudah digunakan,5,3.45.0,2023-03-01 01:23:45,"Halo Kak, terima kasih banyak atas ratingnya, semoga Kakak tetap nyaman dan selau setia menjadi pelanggan Traveloka. Yuk Kak pantengin terus Traveloka Lifestyle Super App karna kami selalu berikan promo-promo yg menarik loooh, jangan sampai ketinggalan ya :)",2023-03-01 01:30:09,3.45.0
Genzil Yudi,top,5,3.72.0,2023-03-01 01:22:00,"Hi, we are so grateful to get a lot of support from you. Hope you continue to enjoy our offers. If you have any feedback or suggestions, let us know on https://www.traveloka.com/contactus, our customer service would love to serve you in 24 hours. Thank you!",2023-03-01 01:30:11,3.72.0
Narta Siregar Silo,Bagus dan keren,5,3.71.1,2023-03-01 00:54:31,"Halo Kak, terima kasih banyak atas ratingnya, semoga Kakak tetap nyaman dan selau setia menjadi pelanggan Traveloka. Yuk Kak pantengin terus Traveloka Lifestyle Super App karna kami selalu berikan promo-promo yg menarik loooh, jangan sampai ketinggalan ya :)",2023-03-01 01:00:10,3.71.1
Hambali Yusuf,Sangat bagus.,5,,2023-03-01 00:46:30,"Hi Kak, senang banget nih dapat rating bagus dari Kakak, terima kasih juga atas feedbacknya! Kenyamanan Kakak adalah prioritas Kami, jika ada pertanyaan lainnya jangan sungkan ya untuk infokan pada kami di https://www.traveloka.com/contactus . Jangan sampai ketinggalan penawaran menarik lainnya di Traveloka Lifestye Super Apps.",2023-03-01 01:00:15,
Wayan Miase,service memuaskan tks traveloka atas bantuannya,5,3.72.0,2023-03-01 00:27:30,"Halo Kak, terima kasih banyak atas ratingnya, semoga Kakak tetap nyaman dan selau setia menjadi pelanggan Traveloka. Yuk Kak pantengin terus Traveloka Lifestyle Super App karna kami selalu berikan promo-promo yg menarik loooh, jangan sampai ketinggalan ya :)",2023-03-01 00:30:11,3.72.0
Itong Itong,Baik,5,3.72.0,2023-02-28 23:42:56,"Halo Kak, terima kasih banyak atas ratingnya, semoga Kakak tetap nyaman dan selau setia menjadi pelanggan Traveloka. Yuk Kak pantengin terus Traveloka Lifestyle Super App karna kami selalu berikan promo-promo yg menarik loooh, jangan sampai ketinggalan ya :)",2023-03-01 00:00:23,3.72.0
ARIF NUR CAHYONO CAHYONO,Apl gk bisa dipake,1,3.72.0,2023-02-28 23:12:25,Halo Arif. Mohon maaf atas kendala yang kamu alami. Silakan menghubungi kami kembali melalui https://www.traveloka.com/id-id/contactus untuk pengecekan lebih lanjut. Terima kasih. -SC,2023-02-28 23:31:49,3.72.0
imam tohari,moga good,5,3.70.1,2023-02-28 22:08:39,"Hi, thank you very much for the positive review! Please feel free to contact us at https://www.traveloka.com/contactus we're more than happy to assist you and Stay tuned for more exciting offers on Traveloka Lifestyle Super App.",2023-02-28 22:30:09,3.70.1
Anjas Aswar,ini perusahaan tidak jelas.. e ticket tertunda .ketika pembayaran di info 6 jam lamanya sudah 6 jam kita chat pihak perusahaan ini disuruh nunggu lagi 6x60 menit.apa gk kurang ajar. kitaa transfer uang 3.878.283 bagi kmi orang miskin itu uang berhaga buat kami.segera kash solusi ke kami apabila tidak bisa e ticket di cetak SEGERA uang kami kembalikan secepatnya.atau kasih solusi.bukan solusi menunggu kami sudah nunggu 6 jam lebih sesuai info tertera.. nomor laporan chat 31167480 segera infonya,1,3.72.0,2023-02-28 20:43:40,"Hai, Kak Anjas. Mohon maaf atas ketidaknyamanannya. Mimin bantu lakukan pengecekan, e-ticket kamu sudah berhasil diterbitkan oleh tim Flight Specialist mimin. Silakan lakukan pengecekan pada pesan aplikasi kamu ya Kak. Makasih. -RZ",2023-02-28 21:03:30,3.72.0
Rafa Fyasin,sangat baik,5,3.72.0,2023-02-28 18:41:25,"Halo Kak, terima kasih banyak atas ratingnya, semoga Kakak tetap nyaman dan selau setia menjadi pelanggan Traveloka. Yuk Kak pantengin terus Traveloka Lifestyle Super App karna kami selalu berikan promo-promo yg menarik loooh, jangan sampai ketinggalan ya :)",2023-02-28 19:00:10,3.72.0
Najamuddin Undin (Najamuddin),Oke,3,,2023-02-28 18:04:59,"Hai Kak, terima kasih atas dukungan Anda. Kami akan senang mendengar masukan Anda yang berharga! Silakan kirimkan melalui https://www.traveloka.com/en-en/contactus agar kami dapat meningkatkan layanan kami dan memberi Anda pengalaman yang lebih baik di masa mendatang. Terima kasih. -DA",2023-02-28 18:47:18,
Agus Setiawan,sangat bagus dan mudah...cepat,5,3.72.0,2023-02-28 15:55:37,"Halo Kak, terima kasih banyak atas ratingnya, semoga Kakak tetap nyaman dan selau setia menjadi pelanggan Traveloka. Yuk Kak pantengin terus Traveloka Lifestyle Super App karna kami selalu berikan promo-promo yg menarik loooh, jangan sampai ketinggalan ya :)",2023-02-28 16:00:14,3.72.0
endang listijorini,"pemesanan mudah , tks",5,3.64.0,2023-02-28 15:32:07,"Hi Kak, senang banget nih dapat rating bagus dari Kakak, terima kasih juga atas feedbacknya! Kenyamanan Kakak adalah prioritas Kami, jika ada pertanyaan lainnya jangan sungkan ya untuk infokan pada kami di https://www.traveloka.com/contactus . Jangan sampai ketinggalan penawaran menarik lainnya di Traveloka Lifestye Super Apps.",2023-02-28 16:00:17,3.64.0
tamim _al,ok,5,3.72.0,2023-02-28 15:14:26,"Hi, thank you very much for the positive review! Please feel free to contact us at https://www.traveloka.com/contactus we're more than happy to assist you and Stay tuned for more exciting offers on Traveloka Lifestyle Super App.",2023-02-28 15:30:09,3.72.0
Nano Sajah,proses cepet dan aman,5,3.72.0,2023-02-28 15:11:03,"Hi Kak, senang banget nih dapat rating bagus dari Kakak, terima kasih juga atas feedbacknya! Kenyamanan Kakak adalah prioritas Kami, jika ada pertanyaan lainnya jangan sungkan ya untuk infokan pada kami di https://www.traveloka.com/contactus . Jangan sampai ketinggalan penawaran menarik lainnya di Traveloka Lifestye Super Apps.",2023-02-28 15:30:12,3.72.0
Fadli Muhammad,mantap,5,3.72.0,2023-02-28 14:35:28,"Halo, Fadli. Terima kasih banyak atas ratingnya, semoga Kakak tetap nyaman dan selau setia menjadi pelanggan Traveloka. Yuk Kak pantengin terus Traveloka Lifestyle Super App karna kami selalu berikan promo-promo yg menarik loooh, jangan sampai ketinggalan ya :) -IN",2023-02-28 15:03:01,3.72.0
Dede Rido,Ypuio0 kelotok empty YM tolol pk6 ni p XL 😃😎😃🈸🔷🔘🔷🔸🔹🔲🔲🔲🔲🔘✔️🚻🚭🗑️🗑️⚒️🔓🔒🔒🔒🔒🔓🔏📑💵,5,3.72.0,2023-02-28 14:32:31,"Halo Kak, terima kasih banyak atas ratingnya, semoga Kakak tetap nyaman dan selau setia menjadi pelanggan Traveloka. Yuk Kak pantengin terus Traveloka Lifestyle Super App karna kami selalu berikan promo-promo yg menarik loooh, jangan sampai ketinggalan ya :)",2023-02-28 15:00:12,3.72.0
Kristiani Yoma,"Selamat Ulang Tahun Traveloka yang ke 2,lancar.semoga ljmit saya max seperti di Level 5",5,3.72.0,2023-02-28 14:23:11,"Halo Kak, terima kasih banyak atas ratingnya, semoga Kakak tetap nyaman dan selau setia menjadi pelanggan Traveloka. Yuk Kak pantengin terus Traveloka Lifestyle Super App karna kami selalu berikan promo-promo yg menarik loooh, jangan sampai ketinggalan ya :)",2023-02-28 14:30:08,3.72.0
Dewi Maria,bagus,5,3.72.0,2023-02-28 14:14:26,"Hi Kak, senang banget nih dapat rating bagus dari Kakak, terima kasih juga atas feedbacknya! Kenyamanan Kakak adalah prioritas Kami, jika ada pertanyaan lainnya jangan sungkan ya untuk infokan pada kami di https://www.traveloka.com/contactus . Jangan sampai ketinggalan penawaran menarik lainnya di Traveloka Lifestye Super Apps.",2023-02-28 14:30:12,3.72.0
DAR IUS,sangat baik dan profesional,4,3.69.0,2023-02-28 14:13:10,"Hi Kak, terima kasih atas feedbacknya, semoga Kakak tetap setia dengan Traveloka. Jika ada pertanyaan lain bisa langsung infokan pada kami di https://www.traveloka.com/contactus ya, Kak. Pantau terus Traveloka Lifestyle Super App untuk penawaran spesial lainnya!",2023-02-28 14:30:14,3.69.0
Ari Speed,baik,4,3.72.0,2023-02-28 14:12:37,"Halo Kak, terima kasih banyak atas ratingnya, semoga Kakak tetap nyaman dan selau setia menjadi pelanggan Traveloka. Yuk Kak pantengin terus Traveloka Lifestyle Super App karna kami selalu berikan promo-promo yg menarik loooh, jangan sampai ketinggalan ya :)",2023-02-28 14:30:17,3.72.0
Bima Saputra,good app,5,3.72.0,2023-02-28 13:24:41,"Hi, thank you very much for the positive review! Please feel free to contact us at https://www.traveloka.com/contactus we're more than happy to assist you and Stay tuned for more exciting offers on Traveloka Lifestyle Super App.",2023-02-28 13:30:14,3.72.0
fahmi rhazak,pembelian tiket kereta area surabaya tidak bisa pakai mbanking khususnya bank bca apk payah,1,3.72.0,2023-02-28 13:05:14,"Hai Kak Fahmi. Maaf buat kendala yang dialami. Biar mimin bisa bantu cek, boleh infokan screenshot kendala yang kamu alami melalui pesan pada aplikasi Traveloka atau email ke cs@traveloka.com. Kami tunggu, terima kasih. -KA",2023-02-28 13:31:48,3.72.0
Bima Fisabillilah,sangat membantu,5,3.72.0,2023-02-28 13:03:38,"Hi Kak, senang banget nih dapat rating bagus dari Kakak, terima kasih juga atas feedbacknya! Kenyamanan Kakak adalah prioritas Kami, jika ada pertanyaan lainnya jangan sungkan ya untuk infokan pada kami di https://www.traveloka.com/contactus . Jangan sampai ketinggalan penawaran menarik lainnya di Traveloka Lifestye Super Apps.",2023-02-28 13:30:18,3.72.0
Abdul Rochmat,mantab,5,3.69.0,2023-02-28 12:53:20,"Halo Kak, terima kasih banyak atas ratingnya, semoga Kakak tetap nyaman dan selau setia menjadi pelanggan Traveloka. Yuk Kak pantengin terus Traveloka Lifestyle Super App karna kami selalu berikan promo-promo yg menarik loooh, jangan sampai ketinggalan ya :)",2023-02-28 13:00:16,3.69.0
Muhammad Firasmirozi,"Udah lama ga gunakan ini aplikasi karena pandemi, tapi liat ulasan orang banyak yang kecewa. Pas di cek ternyata benar, seperti promo, katanya epic hour, tapi baru 14 menit awal sudah habis kuota vouchernya, padahal sebelumnya saat belum dimulai epic hournya masih ada 50.Lebih ke penipuan, bohong aja. Kalau ga niat mau promo jangan diadain, atau kalau duit perusahaannya sudah habis mending bubar aja. Cari makan itu yang berkah. Semoga cepat hancur & ga ada yang kecewa. Sangat memgecewakan sekali",1,3.47.0,2023-02-28 12:50:26,"Hai, Muhammad. Mohon maaf atas kendalanya. Untuk membantu kami memahami kendala kamu terkait promo, mohon bantuannya untuk menyampaikan detail kendala kamu melalui https://www.traveloka.com/contactus agar kami dapat bantu cek lebih lanjut. Terima kasih. -VK",2023-02-28 13:04:39,3.47.0
Sulis Tya,good,4,3.72.0,2023-02-28 12:47:18,"Hi, we are so grateful to get a lot of support from you. Hope you continue to enjoy our offers. If you have any feedback or suggestions, let us know on https://www.traveloka.com/contactus, our customer service would love to serve you in 24 hours. Thank you!",2023-02-28 13:00:20,3.72.0
Rudy Legenda,bagus,4,3.72.0,2023-02-28 12:43:29,"Hi Kak, terima kasih atas feedbacknya, semoga Kakak tetap setia dengan Traveloka. Jika ada pertanyaan lain bisa langsung infokan pada kami di https://www.traveloka.com/contactus ya, Kak. Pantau terus Traveloka Lifestyle Super App untuk penawaran spesial lainnya!",2023-02-28 13:00:23,3.72.0
amelinda bin,"Tolong min, pendaftaran paylater nya jangan ribet dong. Beberapa kali selfie dibilang buram. Padahal Foto selfie dan tulisan sudah jelas",1,3.72.0,2023-02-28 12:37:47,"Hai, Amelinda. Mohon maaf ya sudah membuatmu tidak nyaman. Untuk memahami kendala kamu, mohon hubungi kami melalui tautan ini https://www.traveloka.com/contactus. Terima kasih. -SM",2023-02-28 13:02:39,3.72.0
Ali Rouf,Mantap,3,,2023-02-28 12:34:27,"Halo, Kak. Terima kasih banyak atas ratingnya, semoga Kakak tetap nyaman dan selau setia menjadi pelanggan Traveloka. Yuk Kak pantengin terus Traveloka Lifestyle Super App karna kami selalu berikan promo-promo yg menarik loooh, jangan sampai ketinggalan ya :) -IN",2023-02-28 13:03:59,
amrin ardin,gg,5,3.72.0,2023-02-28 12:33:30,"Hi, thank you very much for the positive review! Please feel free to contact us at https://www.traveloka.com/contactus we're more than happy to assist you and Stay tuned for more exciting offers on Traveloka Lifestyle Super App.",2023-02-28 13:00:28,3.72.0
Engel Sabadi,mudah klak klik selesai,5,3.72.0,2023-02-28 12:32:45,"Halo, Engel. Terima kasih banyak atas ratingnya, semoga Kakak tetap nyaman dan selau setia menjadi pelanggan Traveloka. Yuk Kak pantengin terus Traveloka Lifestyle Super App karna kami selalu berikan promo-promo yg menarik loooh, jangan sampai ketinggalan ya :) -IN",2023-02-28 13:04:43,3.72.0
Rohman Njuk,bGus,5,3.72.0,2023-02-28 11:38:57,"Hai Rohman. Terima kasih banyak atas ratingnya, semoga kamu tetap nyaman dan selalu setia menjadi pelanggan Traveloka. Yuk Kak pantengin terus Traveloka Lifestyle Super App karna kami selalu berikan promo-promo yang menarik. Jangan sampai ketinggalan ya. -KA",2023-02-28 12:17:09,3.72.0
Agus Nur Said,oke,4,3.72.0,2023-02-28 11:12:38,"Hai, Kak Agus. Senang sekali menerima bintang 4 dari Kakak, terima kasih juga atas reviewnya, semoga ke depannya kami bisa dapat bintang 5 dari kamu ya Kak :) -RU",2023-02-28 11:33:04,3.72.0
daniel rahmatullah,oke,5,3.72.0,2023-02-28 11:10:30,"Hai Daniel. Terima kasih banyak atas ratingnya, semoga kamu tetap nyaman dan selalu setia menjadi pelanggan Traveloka. Yuk Kak pantengin terus Traveloka Lifestyle Super App karna kami selalu berikan promo-promo yang menarik. Jangan sampai ketinggalan ya. -KA",2023-02-28 11:35:40,3.72.0
Adriansyah Rian,mantaap,5,3.72.0,2023-02-28 09:57:04,"Halo, Adriansyah. Terima kasih untuk apresiasinya ya, semoga kamu tetap nyaman dan selalu setia menjadi pelanggan Traveloka. Jangan lupa pantengin terus Traveloka, karena akan selalu ada promo yang menarik. -SM",2023-02-28 10:04:04,3.72.0
Ahmad Blogerz Admin,"Pembayaran sangat sulit, saya sudah bayar dan mengunggah bukti 3 kali, namun selalu gagal. Saya dirugikan waktu dan biaya. Saya memesan penjemputan bandara dua jam sebelum pesawat berangkat ke lokasi landing. Saya sudah unggah 3kali bukti, namun malah dianggap gagal transaksi.",1,3.72.0,2023-02-28 09:31:21,"Hai, Ahmad. Mohon maaf atas ketidaknyamanannya. Apabila kamu mengalami kendala pembayaran pesanan Traveloka, silakan menghubungi kami melalui email di cs@Traveloka.com. Nantinya kami akan lakukan pengecekan lebih lanjut terkait kendala yang kamu alami. Terima kasih. -IN",2023-02-28 10:02:30,3.72.0
Firman Pitoy,"Input nama perusahaan ga bisa"", giliran gue komplain malah jawabnya ""Mohon maaf saya tidak dapat membantu anda"" . Itu kah jawaban terbaik versi Traveloka?",1,3.72.0,2023-02-28 09:17:06,"Hai, Firman. Maaf ya sudah buat kamu gak nyaman. Supaya bisa mimin bantu cek lebih lanjut, silakan hubungi langsung ke akun IG PayLater Traveloka https://www.instagram.com/travelokapaylater/ ya. Makasih. -AM",2023-02-28 09:35:17,3.72.0
Jimmy Arthur,"Tolong berikan solusi, akun traveloka saya dulu dipinjam teman saya, setelah saya ubah data diri saya namanya tetap tidak bisa di ubah di halaman depan, kok susah sih cuma buat ganti nama saja?",1,3.72.0,2023-02-28 08:55:09,"Hai, Jimmy. Mohon maaf atas ketidaknyamanannya. Dipastikan untuk kenyamanan pengguna Traveloka, kami akan perbaiki dan tingkatkan performa Traveloka. Supaya kami bisa membantu kendala kamu, mohon hubungi kami melalui tautan ini https://www.traveloka.com/contactus. Terima kasih. -SM",2023-02-28 09:03:34,3.72.0
Pengadilan Negeri Arga Makmur,"Tidak kredibel lagi .... Saya pesan hotel di aplikasi dan sudah dibayar... Akan tetapi sesampainya di lokasi, pihak hotel bilang sudah tidak ada kerja sama lagi ... Dan akhirnya tidak bisa di refund",1,3.72.0,2023-02-28 08:44:18,"Hai Makmur. Maaf atas kendala yang kamu alami. Biar kami bisa bantu cek, boleh infokan nomor pesanan Traveloka kamu melalui pesan pada aplikasi Traveloka atau email ke cs@traveloka.com. Ditunggu ya. Terima kasih. -KA",2023-02-28 09:02:26,3.72.0
mochammad ryansyah,terbaik,5,3.72.0,2023-02-28 08:15:21,"Hai Ryansyah. Terima kasih banyak atas ratingnya, semoga kamu tetap nyaman dan selalu setia menjadi pelanggan Traveloka. Yuk Kak pantengin terus Traveloka Lifestyle Super App karna kami selalu berikan promo-promo yang menarik. Jangan sampai ketinggalan ya. -KA",2023-02-28 08:35:36,3.72.0
Mohammad Djzulqarnaen,"Aplikasi nya mantap, cepet dan mudah",5,3.72.0,2023-02-28 07:31:14,"Halo Kak, terima kasih banyak atas ratingnya, semoga Kakak tetap nyaman dan selau setia menjadi pelanggan Traveloka. Yuk Kak pantengin terus Traveloka Lifestyle Super App karna kami selalu berikan promo-promo yg menarik loooh, jangan sampai ketinggalan ya :)",2023-02-28 08:00:30,3.72.0
Akagami No Shanks Shanks,"pembayaran nya tolong di permudah, jangan pilih"" bank.",2,3.60.0,2023-02-28 07:14:54,"Hai, Akagami. Mohon maaf atas ketidaknyamanannya. Pada dasarnya pada saat melakukan pemesanan harus memilih metode pembayaran. Karena pelanggan harus memilih metode pembayaran sesuai yang diinginkan. Maka dari itu, nantinya kamu bisa pilih ya sesuai dengan metode pembayaran yang kamu inginkan pada saat pesan. Terima kasih. -IN",2023-02-28 07:32:57,3.60.0
larto pp,bagus,5,3.42.1,2023-02-28 06:56:47,"Halo Kak, terima kasih banyak atas ratingnya, semoga Kakak tetap nyaman dan selau setia menjadi pelanggan Traveloka. Yuk Kak pantengin terus Traveloka Lifestyle Super App karna kami selalu berikan promo-promo yg menarik loooh, jangan sampai ketinggalan ya :)",2023-02-28 07:00:18,3.42.1
Syamsuddin Solle,bagus dan lancar,5,3.65.0,2023-02-28 06:52:23,"Hi Kak, senang banget nih dapat rating bagus dari Kakak, terima kasih juga atas feedbacknya! Kenyamanan Kakak adalah prioritas Kami, jika ada pertanyaan lainnya jangan sungkan ya untuk infokan pada kami di https://www.traveloka.com/contactus . Jangan sampai ketinggalan penawaran menarik lainnya di Traveloka Lifestye Super Apps.",2023-02-28 07:00:21,3.65.0
Tyas Riyantining f,semoga lebih bagus dan lebih murah,5,3.70.1,2023-02-28 06:39:07,"Hi Kak, terima kasih atas feedbacknya, semoga Kakak tetap setia dengan Traveloka. Jika ada pertanyaan lain bisa langsung infokan pada kami di https://www.traveloka.com/contactus ya, Kak. Pantau terus Traveloka Lifestyle Super App untuk penawaran spesial lainnya!",2023-02-28 07:00:24,3.70.1
Yohanes Kuum,Ini ini ci mo,5,,2023-02-28 06:00:25,"Hai, Yohanes. Terima kasih atas rating yang kamu berikan. Jika ada pertanyaan dan butuh bantuan, silakan hubungi kami melalui https://www.traveloka.com/id-id/contactus ya. Terima kasih. -SY",2023-02-28 06:34:15,
basri hasibuan,mantap,5,3.72.0,2023-02-28 05:44:10,"Hai, Basri. Terima kasih untuk review dan bintang 5 yang kamu berikan ya, mimin senang banget deh lihatnya hehehe. Sehat dan sukses selalu buat kamu serta keluarga. Mimin tunggu pesanan kamu selanjutnya :) -AM",2023-02-28 06:01:31,3.72.0
Ibu Sularti,lebih efektif,5,3.70.1,2023-02-28 05:32:21,"Halo Kak, terima kasih banyak atas ratingnya, semoga Kakak tetap nyaman dan selau setia menjadi pelanggan Traveloka. Yuk Kak pantengin terus Traveloka Lifestyle Super App karna kami selalu berikan promo-promo yg menarik loooh, jangan sampai ketinggalan ya :)",2023-02-28 06:00:12,3.70.1
Yudie Kuncoro,good job,5,3.72.0,2023-02-28 04:33:33,"Hi, we are so grateful to get a lot of support from you. Hope you continue to enjoy our offers. If you have any feedback or suggestions, let us know on https://www.traveloka.com/contactus, our customer service would love to serve you in 24 hours. Thank you!",2023-02-28 05:00:18,3.72.0
Edhi Friadi,Bagus,5,3.72.0,2023-02-28 04:28:14,"Halo Kak, terima kasih banyak atas ratingnya, semoga Kakak tetap nyaman dan selau setia menjadi pelanggan Traveloka. Yuk Kak pantengin terus Traveloka Lifestyle Super App karna kami selalu berikan promo-promo yg menarik loooh, jangan sampai ketinggalan ya :)",2023-02-28 04:30:10,3.72.0
Yafet Lenin81,Sangat baik,5,3.72.0,2023-02-28 04:18:04,"Hi Kak, terima kasih atas feedbacknya, semoga Kakak tetap setia dengan Traveloka. Jika ada pertanyaan lain bisa langsung infokan pada kami di https://www.traveloka.com/contactus ya, Kak. Pantau terus Traveloka Lifestyle Super App untuk penawaran spesial lainnya!",2023-02-28 04:30:14,3.72.0
Ansor Ansor,Traviloka yang buruk alplikasi nya susah,1,,2023-02-28 04:01:16,"Hai Ansor. Maaf buat kamu tidak nyaman. Untuk dapat memahami kendala yang kamu alami, mohon dapat menghubungi kami melalui tautan https://www.traveloka.com/id-id/contactus. Terima kasih. -RM",2023-02-28 04:32:34,
Yanti Nurlina,sangat puas,5,3.71.0,2023-02-28 03:17:03,"Halo Kak, terima kasih banyak atas ratingnya, semoga Kakak tetap nyaman dan selau setia menjadi pelanggan Traveloka. Yuk Kak pantengin terus Traveloka Lifestyle Super App karna kami selalu berikan promo-promo yg menarik loooh, jangan sampai ketinggalan ya :)",2023-02-28 03:30:11,3.71.0
Idrus Suleman,good..,4,3.72.0,2023-02-28 02:46:24,"Hi, thank you very much for the positive review! Please feel free to contact us at https://www.traveloka.com/contactus we're more than happy to assist you and Stay tuned for more exciting offers on Traveloka Lifestyle Super App.",2023-02-28 03:00:10,3.72.0
Dabelr Dabelr,oke banget,5,3.72.0,2023-02-28 02:29:52,"Halo Kak, terima kasih banyak atas ratingnya, semoga Kakak tetap nyaman dan selau setia menjadi pelanggan Traveloka. Yuk Kak pantengin terus Traveloka Lifestyle Super App karna kami selalu berikan promo-promo yg menarik loooh, jangan sampai ketinggalan ya :)",2023-02-28 02:30:10,3.72.0
Nuriah Khodijah,mantap,1,3.56.1,2023-02-28 02:02:13,Hai Nuriah. Makasih buat rating yang diberikan! Mimin tunggu pesanan kamu selanjutnya di Traveloka :) -RM,2023-02-28 02:36:01,3.56.1
Soni Hermawan,"mempermudah traveller , mantab 👍",5,3.44.0,2023-02-28 01:40:44,"Hi Kak, senang banget nih dapat rating bagus dari Kakak, terima kasih juga atas feedbacknya! Kenyamanan Kakak adalah prioritas Kami, jika ada pertanyaan lainnya jangan sungkan ya untuk infokan pada kami di https://www.traveloka.com/contactus . Jangan sampai ketinggalan penawaran menarik lainnya di Traveloka Lifestye Super Apps.",2023-02-28 02:00:23,3.44.0
muhammad witono,Good...👍👍👍,5,3.72.0,2023-02-27 23:33:12,"Hi, thank you very much for the positive review! Please feel free to contact us at https://www.traveloka.com/contactus we're more than happy to assist you and Stay tuned for more exciting offers on Traveloka Lifestyle Super App.",2023-02-28 00:00:15,3.72.0
Muhammad Ali,cepat,5,3.72.0,2023-02-27 22:54:11,"Halo Kak, terima kasih banyak atas ratingnya, semoga Kakak tetap nyaman dan selau setia menjadi pelanggan Traveloka. Yuk Kak pantengin terus Traveloka Lifestyle Super App karna kami selalu berikan promo-promo yg menarik loooh, jangan sampai ketinggalan ya :)",2023-02-27 23:00:12,3.72.0
Rijalurrachman Ramzar,1 a C,5,3.72.0,2023-02-27 20:02:06,"Hai, Kak Rijal. Terima kasih atas bintangnya ya Kak. Bila ada pertanyaan/kendala, silakan menghubungi kami melalui https://www.traveloka.com/id-id/contactus 😊 -RZ",2023-02-27 20:33:39,3.72.0
Iwan Sasakie,sangat bagus..memudahkan,5,3.72.0,2023-02-27 19:47:53,"Halo Kak, terima kasih banyak atas ratingnya, semoga Kakak tetap nyaman dan selau setia menjadi pelanggan Traveloka. Yuk Kak pantengin terus Traveloka Lifestyle Super App karna kami selalu berikan promo-promo yg menarik loooh, jangan sampai ketinggalan ya :)",2023-02-27 20:00:29,3.72.0
syaifuddin nur,usefull app,5,3.72.0,2023-02-27 18:54:31,"Hi, thank you very much for the positive review! Please feel free to contact us at https://www.traveloka.com/contactus we're more than happy to assist you and Stay tuned for more exciting offers on Traveloka Lifestyle Super App.",2023-02-27 19:00:16,3.72.0
Manton La Usma,Luar biasa bermanfaat,5,3.72.0,2023-02-27 17:59:42,"Halo Kak, terima kasih banyak atas ratingnya, semoga Kakak tetap nyaman dan selau setia menjadi pelanggan Traveloka. Yuk Kak pantengin terus Traveloka Lifestyle Super App karna kami selalu berikan promo-promo yg menarik loooh, jangan sampai ketinggalan ya :)",2023-02-27 18:00:16,3.72.0
Alifah phee,"hallo mohon bantuan, traveloka kuu knpaa yaa, ketikaa klik hotel untuk search hotel sekitar anda kok tetibaa kembalii lg ke berandaa yaa,, apaa travelokaa eror? pdahaa sdh di update,",4,3.72.0,2023-02-27 16:15:52,Hai Kak. Mohon maaf atas ketidaknyamanannya. Mohon untuk sampaikan keluhan kamu secara detail melalui https://www.traveloka.com/id-id/contactus. Supaya kami dapat membantu permasalahan kamu. Terima kasih. -DA,2023-02-27 16:31:15,3.72.0
Marta Sari,"Keren utk traveloka, mau reschedule, mudah dan cepat",5,3.56.1,2023-02-27 16:15:10,"Halo Kak, terima kasih banyak atas ratingnya, semoga Kakak tetap nyaman dan selau setia menjadi pelanggan Traveloka. Yuk Kak pantengin terus Traveloka Lifestyle Super App karna kami selalu berikan promo-promo yg menarik loooh, jangan sampai ketinggalan ya :)",2023-02-27 16:30:11,3.56.1
hack fb,Stop ngiklan,3,,2023-02-27 16:08:05,Hai Kak. Mohon maaf atas ketidaknyamanannya. Mohon untuk sampaikan keluhan kamu secara detail melalui https://www.traveloka.com/id-id/contactus. Supaya kami dapat membantu permasalahan kamu. Terima kasih. -DA,2023-02-27 16:32:30,
Tanty Clara,cukup bagus dan mudah digunakan aplikasinya,5,3.72.0,2023-02-27 15:05:57,"Halo Kak, terima kasih banyak atas ratingnya, semoga Kakak tetap nyaman dan selau setia menjadi pelanggan Traveloka. Yuk Kak pantengin terus Traveloka Lifestyle Super App karna kami selalu berikan promo-promo yg menarik loooh, jangan sampai ketinggalan ya :)",2023-02-27 15:30:10,3.72.0
tirna wati115,bagus,5,3.72.0,2023-02-27 14:58:45,"Halo Kak, terima kasih banyak atas ratingnya, semoga Kakak tetap nyaman dan selau setia menjadi pelanggan Traveloka. Yuk Kak pantengin terus Traveloka Lifestyle Super App karna kami selalu berikan promo-promo yg menarik loooh, jangan sampai ketinggalan ya :)",2023-02-27 15:00:11,3.72.0
Asep Syarifudin,ok bnget,5,,2023-02-27 14:48:05,"Hi Kak, senang banget nih dapat rating bagus dari Kakak, terima kasih juga atas feedbacknya! Kenyamanan Kakak adalah prioritas Kami, jika ada pertanyaan lainnya jangan sungkan ya untuk infokan pada kami di https://www.traveloka.com/contactus . Jangan sampai ketinggalan penawaran menarik lainnya di Traveloka Lifestye Super Apps.",2023-02-27 15:00:13,
Mei cen salon Salon,mantap,5,3.72.0,2023-02-27 14:29:19,"Hai, Mei. Terima kasih atas penilaian dan feedback dari kamu, kami akan terus meningkatkan kepuasan para pengguna. Jika ada pertanyaan lainnya jangan sungkan ya untuk infokan pada kami di https://www.traveloka.com/contactus. Jangan sampai ketinggalan juga penawaran menarik lainnya di Traveloka Lifestye Super Apps. Terima kasih. -KK",2023-02-27 14:33:32,3.72.0
Fajar yoga Permana,Mau pilih kursi lama banget gabisa bisa,1,3.72.0,2023-02-27 14:23:47,"Hai, Fajar. Maaf banget atas kendala yang kamu alami. Untuk melanjutkan pemesanan atau pemilihan kursi, pastikan koneksi kamu dalam kondisi stabil ya. Untuk lakukan pengecekan lebih lanjut, kamu bisa menghubungi kami melalui https://www.traveloka.com/contactus. Terima kasih.-TK",2023-02-27 14:34:14,3.72.0
Agung Sulistio,Semoga Traveloka semakin jaya dan sukses,5,3.72.0,2023-02-27 14:08:04,"Halo Kak, terima kasih banyak atas ratingnya, semoga Kakak tetap nyaman dan selau setia menjadi pelanggan Traveloka. Yuk Kak pantengin terus Traveloka Lifestyle Super App karna kami selalu berikan promo-promo yg menarik loooh, jangan sampai ketinggalan ya :)",2023-02-27 14:30:14,3.72.0
Ikhsan Nurkhamdi,sanggar membantu,5,3.72.0,2023-02-27 14:07:45,"Hi Kak, senang banget nih dapat rating bagus dari Kakak, terima kasih juga atas feedbacknya! Kenyamanan Kakak adalah prioritas Kami, jika ada pertanyaan lainnya jangan sungkan ya untuk infokan pada kami di https://www.traveloka.com/contactus . Jangan sampai ketinggalan penawaran menarik lainnya di Traveloka Lifestye Super Apps.",2023-02-27 14:30:16,3.72.0
ANI YONK Yonk,krja sama dnggan baik,5,3.72.0,2023-02-27 14:02:25,"Hai Kak, terima kasih atas feedbacknya, semoga kamu tetap setia dengan Traveloka. Jika ada pertanyaan bisa langsung infokan pada kami di https://www.traveloka.com/contactus ya Kak. Pantau terus Traveloka Lifestyle Super App untuk penawaran spesial lainnya! -AH",2023-02-27 14:34:26,3.72.0
Herman Herman,nice,5,3.72.0,2023-02-27 13:30:06,"Hi, thank you very much for the positive review! Please feel free to contact us at https://www.traveloka.com/contactus we're more than happy to assist you and Stay tuned for more exciting offers on Traveloka Lifestyle Super App.",2023-02-27 14:00:13,3.72.0
Hisyam,👍,5,3.72.0,2023-02-27 13:26:19,"Halo, Hisyam. Senangnya dapat bintang lima dari kamu. Semoga kamu tetap nyaman dan selalu setia menjadi pelanggan Traveloka. Jangan lupa pantengin terus Traveloka, karena akan selalu ada promo yang menarik. -SM",2023-02-27 13:34:41,3.72.0
MR Bejo Londo,sangat baik,5,3.72.0,2023-02-27 12:38:55,"Halo Kak, terima kasih banyak atas ratingnya, semoga Kakak tetap nyaman dan selau setia menjadi pelanggan Traveloka. Yuk Kak pantengin terus Traveloka Lifestyle Super App karna kami selalu berikan promo-promo yg menarik loooh, jangan sampai ketinggalan ya :)",2023-02-27 13:30:16,3.72.0
ferry s,"bertahun2 pakai traveloka..mau cek in susah bgt dgn sistem yg baru,,di update bukan makin memudahkan tapi semakin ..hiksss..,trimakasih telah menemani sekian tahun,,kita pindah ke apk sebelah😇🙏..",1,,2023-02-27 12:08:52,"Hai Ferry. Kami minta maaf atas kendala yang kamu alami. Dapat mimin infokan, bahwa tidak semua maskapai bisa dilakukan check in online melalui aplikasi Traveloka, ya. Supaya bisa mimin bantu cek lebih lanjut, mohon bantu infokan nomor pesanan kamu di https://www.traveloka.com/id-id/contactus ya Kak. Makasih. -KK",2023-02-27 12:34:20,
agus juhendi,Mantap Mudah banyak pilihan,5,3.72.0,2023-02-27 12:04:49,"Hai Agus, makasih untuk feedback yang kamu sampaikan ya. Jika ada pertanyaan, boleh hubungi melalui tautan ini https://www.traveloka.com/id-id/contactus. Terima kasih. -OR",2023-02-27 12:32:25,3.72.0
Miswan Baron,sangat bermanfaat,5,3.72.0,2023-02-27 11:56:53,"Halo Kak, terima kasih banyak atas ratingnya, semoga Kakak tetap nyaman dan selau setia menjadi pelanggan Traveloka. Yuk Kak pantengin terus Traveloka Lifestyle Super App karna kami selalu berikan promo-promo yg menarik loooh, jangan sampai ketinggalan ya :)",2023-02-27 12:00:25,3.72.0
darta saputrawan,sangat puas,5,3.72.0,2023-02-27 11:39:03,"Hi Kak, senang banget nih dapat rating bagus dari Kakak, terima kasih juga atas feedbacknya! Kenyamanan Kakak adalah prioritas Kami, jika ada pertanyaan lainnya jangan sungkan ya untuk infokan pada kami di https://www.traveloka.com/contactus . Jangan sampai ketinggalan penawaran menarik lainnya di Traveloka Lifestye Super Apps.",2023-02-27 12:00:28,3.72.0
Wawan Setiawan,puas,5,3.72.0,2023-02-27 11:32:46,"Hai Wawan, makasih sudah menjadi pelanggan setia Traveloka ya :). Terima kasih. -OR",2023-02-27 12:03:56,3.72.0
Yulita Sari,"Dear Traveloka, I am very disappointed with your company's service. I have not received the ticket funds that I submitted for a refund. I hope your company is responsible for the refund amount that I haven't received. the refund amount is IDR 1,073,161. I hope there is clarity about the refund.",1,3.71.0,2023-02-27 11:08:15,Hi Yulita. We're sorry to hear about the inconvenience related your refund. Kindly provide us more details and send them through https://www.traveloka.com/en-en/contactus your concern is really matter for us and we will put our best to solved your issue. We do hope to serve you better in the future. Thank you. -SM,2023-02-27 11:33:30,3.71.0
Sang Lelana,top,5,3.72.0,2023-02-27 11:07:49,"Hi, thank you very much for the positive review! Please feel free to contact us at https://www.traveloka.com/contactus we're more than happy to assist you and Stay tuned for more exciting offers on Traveloka Lifestyle Super App.",2023-02-27 11:30:12,3.72.0
brasta bumi bramantio,For close sendiri,1,3.72.0,2023-02-27 10:26:06,"Hai, Brasta. Mohon maaf atas pengalaman yang kamu alami. Kami sarankan kamu untuk memperbarui aplikasi dengan versi terbaru, pastikan juga ruang penyimpanan pada device kamu cukup ya. Jika kamu memiliki pertanyaan lebih lanjut, silakan menghubungi kami melalui https://www.traveloka.com/contactus. Terima kasih.-TK",2023-02-27 10:32:31,3.72.0
Hikmah Awalia,"Sistem chat error, notifikasi pesan tidak bisa di klik, tidak punya call center, dan pada email pemberitahuan pembatalan penerbangan oleh maskapai, biaya reschedule gratis, tapi nyatanya dikenakan biaya 50 rb, padahal tiket reschedule yang baru lebih murah dari pada tiket yang lama, mau pilih refund tapi prosesnya lama. Add: Bagaimana saya bisa membuka inbox, sistem chat anda error.",1,3.72.0,2023-02-27 10:19:14,"Hai, Kak Himah. Mohon maaf atas ketidaknyamanannya. Sebelumnya tim kami telah membantu Kakak dengan memberikan konfirmasi atas kendala Kakak yang diinformasikan melalui Inbox aplikasi kamu di nomor laporan 31xxxx84 Jika masih menghadapi kendala, silahkan menghubungi kami kembali melalui https://www.traveloka.com/contactus. Terima kasih 🙏 -RU",2023-02-27 09:37:03,3.72.0
Ruby Mei,"untuk resecdhule kenapa harus kena biaya???? posisi sy lagi sakit,,harus keluar biaya lagi kah😭😭😭",5,3.72.0,2023-02-27 09:46:31,"Hi, thank you very much for the positive review! Please feel free to contact us at https://www.traveloka.com/contactus we're more than happy to assist you and Stay tuned for more exciting offers on Traveloka Lifestyle Super App.",2022-06-19 18:00:14,3.72.0
Adam O,good job,5,,2023-02-27 09:46:21,"Hi, thank you very much for the positive review! Please feel free to contact us at https://www.traveloka.com/contactus we're more than happy to assist you and Stay tuned for more exciting offers on Traveloka Lifestyle Super App.",2023-02-27 10:00:11,
Uswatul Hasanah,hebat super cepat,5,3.72.0,2023-02-27 09:33:21,"Hai Uswatul, terima kasih atas feedbacknya, semoga kamu tetap setia dengan Traveloka. Jika ada pertanyaan bisa langsung infokan pada kami di https://www.traveloka.com/contactus ya Kak. Pantau terus Traveloka Lifestyle Super App untuk penawaran spesial lainnya! -AH",2023-02-27 10:02:51,3.72.0
Heni Sari,sangat memudahkan,5,3.58.0,2023-02-27 09:25:49,"Halo Kak, terima kasih banyak atas ratingnya, semoga Kakak tetap nyaman dan selau setia menjadi pelanggan Traveloka. Yuk Kak pantengin terus Traveloka Lifestyle Super App karna kami selalu berikan promo-promo yg menarik loooh, jangan sampai ketinggalan ya :)",2023-02-27 09:30:09,3.58.0
grandeh grandeh,Klu bagus saya kasih bintang 5 😄,4,,2023-02-27 09:23:40,"Hai Kak, terima kasih atas feedbacknya, semoga kamu tetap setia dengan Traveloka. Jika ada pertanyaan bisa langsung infokan pada kami di https://www.traveloka.com/contactus ya Kak. Pantau terus Traveloka Lifestyle Super App untuk penawaran spesial lainnya! -AH",2023-02-27 09:33:11,
Muhammad Farid Akbar,mantap sangat membantu,5,3.57.0,2023-02-27 08:36:11,"Halo Kak, terima kasih banyak atas ratingnya, semoga Kakak tetap nyaman dan selau setia menjadi pelanggan Traveloka. Yuk Kak pantengin terus Traveloka Lifestyle Super App karna kami selalu berikan promo-promo yg menarik loooh, jangan sampai ketinggalan ya :)",2023-02-27 09:00:08,3.57.0
Recovibe Prie (Revie),good job,5,3.72.0,2023-02-27 08:07:37,"Hi, thank you very much for the positive review! Please feel free to contact us at https://www.traveloka.com/contactus we're more than happy to assist you and Stay tuned for more exciting offers on Traveloka Lifestyle Super App.",2023-02-27 08:30:15,3.72.0
Fauzia Sabut,mantap,5,3.72.0,2023-02-27 07:17:15,"Hai Fauzia, terima kasih atas feedbacknya, semoga kamu tetap setia dengan Traveloka. Jika ada pertanyaan bisa langsung infokan pada kami di https://www.traveloka.com/contactus ya Kak. Pantau terus Traveloka Lifestyle Super App untuk penawaran spesial lainnya! -AH",2023-02-27 07:33:49,3.72.0
Muamar Muhammad,sangat memudahkan dalam traveling,4,3.72.0,2023-02-27 06:57:02,"Hai, Muamar. Terima kasih atas penilaian dan feedback dari kamu, kami akan terus meningkatkan kepuasan para pengguna. Jika ada pertanyaan lainnya jangan sungkan ya untuk infokan pada kami di https://www.traveloka.com/contactus. Jangan sampai ketinggalan juga penawaran menarik lainnya di Traveloka Lifestye Super Apps. Terima kasih. -KK",2023-02-27 07:02:41,3.72.0
Fajar Santoso,secepat itu mantap benar deh,5,3.67.0,2023-02-27 06:04:32,"Halo Kak, terima kasih banyak atas ratingnya, semoga Kakak tetap nyaman dan selau setia menjadi pelanggan Traveloka. Yuk Kak pantengin terus Traveloka Lifestyle Super App karna kami selalu berikan promo-promo yg menarik loooh, jangan sampai ketinggalan ya :)",2023-02-27 06:30:13,3.67.0
Miftah Tadjuddin,easy,3,3.72.0,2023-02-27 06:01:14,"Halo Miftah. Makasih atas ratingnya. Jika ada pertanyaan atau butuh bantuan, kamu bisa menghubungi kami melalui https://www.traveloka.com/id-id/contactus. Terima kasih. -MZ",2023-02-27 06:34:46,3.72.0
Ridwan Riyanto,Sekarang kurang bagus. Cari bioskop juga di area bandung susah.,3,3.72.0,2023-02-27 05:37:08,"Hai Ridwan, sebagai strategi bisnis dan prioritas perusahaan, maka kami menghentikan layanan Movies dari penyedia CGV sejak tanggal 6 Februari 2023. Oleh karena itu, layanan Movies dari penyedia CGV tidak lagi dapat ditemukan melalui Traveloka. Terima kasih. -NA",2023-02-27 06:06:22,3.72.0
Helly kusdhania kusdhania,baik,5,3.72.0,2023-02-27 05:01:02,"Halo Kak, terima kasih banyak atas ratingnya, semoga Kakak tetap nyaman dan selau setia menjadi pelanggan Traveloka. Yuk Kak pantengin terus Traveloka Lifestyle Super App karna kami selalu berikan promo-promo yg menarik loooh, jangan sampai ketinggalan ya :)",2023-02-27 05:30:20,3.72.0
Andi Wijaya,Traveloka is the best,5,3.72.0,2023-02-27 04:29:47,"Hi, thank you very much for the positive review! Please feel free to contact us at https://www.traveloka.com/contactus we're more than happy to assist you and Stay tuned for more exciting offers on Traveloka Lifestyle Super App.",2023-02-27 04:30:15,3.72.0
Hendri Heriyanto,puas dgn aplikasi nya,4,3.72.0,2023-02-27 04:12:33,"Hi Kak, senang banget nih dapat rating bagus dari Kakak, terima kasih juga atas feedbacknya! Kenyamanan Kakak adalah prioritas Kami, jika ada pertanyaan lainnya jangan sungkan ya untuk infokan pada kami di https://www.traveloka.com/contactus . Jangan sampai ketinggalan penawaran menarik lainnya di Traveloka Lifestye Super Apps.",2023-02-27 04:30:17,3.72.0
Irma Yulianti,bagus,5,3.64.0,2023-02-27 03:45:34,"Halo Kak, terima kasih banyak atas ratingnya, semoga Kakak tetap nyaman dan selau setia menjadi pelanggan Traveloka. Yuk Kak pantengin terus Traveloka Lifestyle Super App karna kami selalu berikan promo-promo yg menarik loooh, jangan sampai ketinggalan ya :)",2023-02-27 04:00:12,3.64.0
iwan palma,lama ga aktif🙏,4,3.72.0,2023-02-27 03:32:33,"Hai, Iwan. Terima kasih atas ratingnya. Semoga kamu tetap nyaman dan selalu setia menjadi pelanggan Traveloka. Yuk pantengin terus Traveloka Lifestyle Super App, karena kami selalu berikan promo-promo yang menarik. Jangan sampai ketinggalan ya :) -WR",2023-02-27 04:01:40,3.72.0
Markus Lim,Tq,5,,2023-02-27 03:03:54,"Hi, thank you very much for the positive review! Please feel free to contact us at https://www.traveloka.com/contactus we're more than happy to assist you and Stay tuned for more exciting offers on Traveloka Lifestyle Super App.",2023-02-27 03:30:11,
Hasan Basri,"Saya kurang tahu, apa yg harus saya tekan untuk membersikan gangguan di hp saya,misal sampah penuh dll gangguan , tolong lah .. Saya sudah tua 73 th jadi mengenai hp Saya betul2 kurang ngerti wassalam saya.",3,3.72.0,2023-02-27 02:27:19,"Halo Hasan. Jika kamu memiliki kendala ataupun pertanyaan, bisa menghubungi kami melalui https://www.traveloka.com/id-id/contactus. Terima kasih. -SC",2023-02-27 02:34:07,3.72.0
Fahmi Ubaidillah,mantaaaaaap,5,3.72.0,2023-02-27 02:07:37,"Hai Fahmi, terima kasih sudah menggunakan Traveloka dan rating yang kamu berikan. Jika ada pertanyaan atau kendala yang bisa kami bantu, silakan hubungi kami melalui https://www.traveloka.com/id-id/contactus ya. Terima kasih. -NA",2023-02-27 02:34:42,3.72.0
Desi Nurlaela Harfi,traveloka selalu menjadi solusi terbaik disaat kuta membutuhkan dadakn,5,3.72.0,2023-02-27 01:26:54,"Halo Kak, terima kasih banyak atas ratingnya, semoga Kakak tetap nyaman dan selau setia menjadi pelanggan Traveloka. Yuk Kak pantengin terus Traveloka Lifestyle Super App karna kami selalu berikan promo-promo yg menarik loooh, jangan sampai ketinggalan ya :)",2023-02-27 01:30:10,3.72.0
Elis Nurjanah,memudahkan perjalanan,5,3.49.1,2023-02-26 23:38:44,"Hai Elis, terima kasih sudah menggunakan Traveloka dan rating yang kamu berikan. Jika ada pertanyaan atau kendala yang bisa kami bantu, silakan hubungi kami melalui https://www.traveloka.com/id-id/contactus ya. -NA",2023-02-27 00:03:27,3.49.1
Simon Samonn,saya ingin mengetahui lebih jelas,5,,2023-02-26 22:45:01,"Halo Kak, terima kasih banyak atas ratingnya, semoga Kakak tetap nyaman dan selau setia menjadi pelanggan Traveloka. Yuk Kak pantengin terus Traveloka Lifestyle Super App karna kami selalu berikan promo-promo yg menarik loooh, jangan sampai ketinggalan ya :)",2023-02-26 23:00:10,
Sa'adah Fiddaraini,pelayanan sangat baik,5,3.69.0,2023-02-26 22:26:48,"Halo Kak, terima kasih banyak atas ratingnya, semoga Kakak tetap nyaman dan selau setia menjadi pelanggan Traveloka. Yuk Kak pantengin terus Traveloka Lifestyle Super App karna kami selalu berikan promo-promo yg menarik loooh, jangan sampai ketinggalan ya :)",2023-02-26 22:30:12,3.69.0
heddy deni,Sdh mengajukan pay later berulang kali tp tdk di acc...pdhl aku sering inap di hotel. Mengecewakan,1,,2023-02-26 22:16:28,"Halo, Hedy. Mohon maaf atas kendala yang dialami. Mimin butuh data akun Travelokamu agar kendalamu bisa diperiksa secepatnya. Kamu bisa sampaikan datanya melalui https://www.traveloka.com/contactus. Mimin tunggu ya, terima kasih. -DA",2023-02-26 22:32:38,
harwindo adhika,"Pesan untuk 27 februari, saat bayar berubah jadi 6 maret",1,3.72.0,2023-02-26 21:57:27,Hai Kak. Mohon maaf atas ketidaknyamanannya. Mohon untuk sampaikan keluhan kamu secara detail melalui https://www.traveloka.com/id-id/contactus. Supaya kami dapat membantu permasalahan kamu. Terima kasih. -DA,2023-02-26 22:02:55,3.72.0
Daf Rubi,sangat praktis dan membantu,5,3.72.0,2023-02-26 18:33:17,"Halo Kak, terima kasih banyak atas ratingnya, semoga Kakak tetap nyaman dan selau setia menjadi pelanggan Traveloka. Yuk Kak pantengin terus Traveloka Lifestyle Super App karna kami selalu berikan promo-promo yg menarik loooh, jangan sampai ketinggalan ya :)",2023-02-26 19:00:12,3.72.0
milu “pandi” supandi,mudah dan nyaman,5,3.69.0,2023-02-26 17:34:37,"Hi Kak, senang banget nih dapat rating bagus dari Kakak, terima kasih juga atas feedbacknya! Kenyamanan Kakak adalah prioritas Kami, jika ada pertanyaan lainnya jangan sungkan ya untuk infokan pada kami di https://www.traveloka.com/contactus . Jangan sampai ketinggalan penawaran menarik lainnya di Traveloka Lifestye Super Apps.",2023-02-26 18:00:16,3.69.0
M.fauzi Fauzi,sangat membatu,5,3.72.0,2023-02-26 15:46:48,"Halo Kak, terima kasih banyak atas ratingnya, semoga Kakak tetap nyaman dan selau setia menjadi pelanggan Traveloka. Yuk Kak pantengin terus Traveloka Lifestyle Super App karna kami selalu berikan promo-promo yg menarik loooh, jangan sampai ketinggalan ya :)",2023-02-26 16:00:12,3.72.0
Raja Adat,Apakah Traveloka bisa pakai cicilan ?,5,,2023-02-26 15:14:00,"Halo Kak, terima kasih banyak atas ratingnya, semoga Kakak tetap nyaman dan selau setia menjadi pelanggan Traveloka. Yuk Kak pantengin terus Traveloka Lifestyle Super App karna kami selalu berikan promo-promo yg menarik loooh, jangan sampai ketinggalan ya :)",2023-02-26 15:30:16,
Ardi pasker,"Mohon maaf mau tanya min, tdi saya kan beli tiket cuma ketinggalan pesawat saya, itu kira² msih bsa apa gk di pkek tiket ny tdi buat penerbangan besok ya min..???🙏",3,3.72.0,2023-02-26 14:43:08,"Hai Ardi, maaf ya sudah membuatmu kecewa. Dipastikan untuk kenyamanan pengguna Traveloka, kami akan perbaiki & tingkatkan performa Traveloka. Supaya dapat dilakukan pengecekan, silakan sebutkan nomor pemesanan kamu dan detail kendala yang kamu alami melalui tautan ini ya Kak https://www.traveloka.com/id-id/contactus. Terima kasih. -NT",2023-02-26 13:04:05,3.72.0
bahana nova,banyakin promo,5,3.72.0,2023-02-26 14:42:50,"Halo Kak, terima kasih banyak atas ratingnya, semoga Kakak tetap nyaman dan selau setia menjadi pelanggan Traveloka. Yuk Kak pantengin terus Traveloka Lifestyle Super App karna kami selalu berikan promo-promo yg menarik loooh, jangan sampai ketinggalan ya :)",2023-02-26 15:00:16,3.72.0
Nurfadhillah 0212,cepat dan amanah,5,3.72.0,2023-02-26 14:03:51,,,3.72.0
Kartika Mandasari,okok,4,3.72.0,2023-02-26 13:18:13,"Halo Kartika, makasih untuk feedback yang kamu berikan ya. Jika kamu ada pertanyaan ataupun kendala, boleh hubungi kami melalui tautan ini https://www.traveloka.com/id-id/contactus. Terima kasih. -OR",2023-02-26 13:33:53,3.72.0
sonny amazing agustian,konfirmasi reschedule utamakan tlp dulu jgn by wa dan email,4,3.71.1,2023-02-26 13:12:12,"Hi Kak, terima kasih atas feedbacknya, semoga Kakak tetap setia dengan Traveloka. Jika ada pertanyaan lain bisa langsung infokan pada kami di https://www.traveloka.com/contactus ya, Kak. Pantau terus Traveloka Lifestyle Super App untuk penawaran spesial lainnya!",2023-02-26 13:30:14,3.71.1
Muhamad Tomi,oke,5,3.72.0,2023-02-26 13:04:59,"Hai, Tomi. Terima kasih atas penilaian dan feedback dari kamu, kami akan terus meningkatkan kepuasan para pengguna. Jika ada pertanyaan lainnya jangan sungkan ya untuk infokan pada kami di https://www.traveloka.com/contactus. Jangan sampai ketinggalan juga penawaran menarik lainnya di Traveloka Lifestye Super Apps. Terima kasih. -KK",2023-02-26 13:34:21,3.72.0
ISAKUIKU PRODUCTION,Bagus,5,3.72.0,2023-02-26 13:01:32,"Halo Kak, terima kasih banyak atas ratingnya, semoga Kakak tetap nyaman dan selau setia menjadi pelanggan Traveloka. Yuk Kak pantengin terus Traveloka Lifestyle Super App karna kami selalu berikan promo-promo yg menarik loooh, jangan sampai ketinggalan ya :)",2023-02-26 13:30:18,3.72.0
Jihan Nafisa,Terimakasih traveloka....kami sangat puas dgn pelayanan yg diberikan terkait refund dr tiket/voucher gagal terbit yg kami alami kmrn,5,3.57.0,2023-02-26 12:58:58,"Halo Kak, terima kasih banyak atas ratingnya, semoga Kakak tetap nyaman dan selau setia menjadi pelanggan Traveloka. Yuk Kak pantengin terus Traveloka Lifestyle Super App karna kami selalu berikan promo-promo yg menarik loooh, jangan sampai ketinggalan ya :)",2023-02-26 13:00:10,3.57.0
Sharul Syaban,pelayanan cukup baik,5,3.62.2,2023-02-26 12:49:41,"Hi Kak, senang banget nih dapat rating bagus dari Kakak, terima kasih juga atas feedbacknya! Kenyamanan Kakak adalah prioritas Kami, jika ada pertanyaan lainnya jangan sungkan ya untuk infokan pada kami di https://www.traveloka.com/contactus . Jangan sampai ketinggalan penawaran menarik lainnya di Traveloka Lifestye Super Apps.",2023-02-26 13:00:13,3.62.2
Thoby Mangapan,Ribet. Gak bisa check in online lagi,2,3.72.0,2023-02-26 12:10:32,,,3.72.0
Muhammad Ikbal,"Saya memesan hotel, tapi hotel tersebut tutup karena kebanjiran, jadi sya tidak bisa nginap disana, tapi uang tidak ada kembali , aplikasi besar katanya?, tapi dihubungi CS nya gak ada jawaban sama sekali !! Aplikasi mengecewakan!! Banyak hotel yg tidak update",1,3.71.1,2023-02-26 09:24:23,"Hai Ikbal, maaf banget sudah membuat kamu tidak nyaman. Kamu bisa menghubungi kami melalui sosial media Traveloka resmi yang mempunyai lencana verifikasi dengan menginformasikan nomor pesanan kamu untuk pengecekan lebih lanjut Kak. Terima kasih. -AH",2023-02-26 09:36:47,3.71.1
Sholihul Muhibbi,good...,5,3.72.0,2023-02-26 08:55:14,"Hi, thank you very much for the positive review! Please feel free to contact us at https://www.traveloka.com/contactus we're more than happy to assist you and Stay tuned for more exciting offers on Traveloka Lifestyle Super App.",2023-02-26 09:00:15,3.72.0
rifandi syafii,lumayan,3,3.72.0,2023-02-26 08:50:35,,,3.72.0
Eko Hadi,mantap mudah sekali,5,3.35.0,2023-02-26 08:31:11,"Hi Kak, senang banget nih dapat rating bagus dari Kakak, terima kasih juga atas feedbacknya! Kenyamanan Kakak adalah prioritas Kami, jika ada pertanyaan lainnya jangan sungkan ya untuk infokan pada kami di https://www.traveloka.com/contactus . Jangan sampai ketinggalan penawaran menarik lainnya di Traveloka Lifestye Super Apps.",2023-02-26 09:00:19,3.35.0
Paulus Husin,Sangat kecewa sama aplikasi nya.... Lelet bgt...lebih baik pindah ke yg lain.,1,3.72.0,2023-02-26 07:11:17,"Hai, Paulus. Mohon maaf atas pengalaman yang kamu alami. Untuk lakukan pengecekan lebih lanjut, mohon infokan detail kendala yang kamu alami, dengan menghubungi kami melalui https://www.traveloka.com/contactus. Terima kasih.-TK",2023-02-26 07:34:36,3.72.0
Fanny Tjong,good partner,5,3.72.0,2023-02-26 07:09:28,"Hi, thank you very much for the positive review! Please feel free to contact us at https://www.traveloka.com/contactus we're more than happy to assist you and Stay tuned for more exciting offers on Traveloka Lifestyle Super App.",2023-02-26 07:30:10,3.72.0
Febriayu Manullang,good,5,3.72.0,2023-02-26 06:41:04,"Hi, thank you very much for the positive review! Please feel free to contact us at https://www.traveloka.com/contactus we're more than happy to assist you and Stay tuned for more exciting offers on Traveloka Lifestyle Super App.",2023-02-26 07:00:09,3.72.0
Dasmir Das,Knp traveloka kok bermasalah skr,2,3.72.0,2023-02-26 06:32:38,"Hai, Dasmir. Mohon maaf atas pengalaman yang kamu alami. Jika saat ini kamu ada kendala pemesanan di Traveloka, kamu bisa infokan detail kendala dengan menghubungi kami melalui https://www.traveloka.com/contactus. Terima kasih.-TK",2023-02-26 07:03:02,3.72.0
Lim Wie Yong,mudah dan cepat,5,3.72.0,2023-02-26 06:31:42,"Hi Kak, senang banget nih dapat rating bagus dari Kakak, terima kasih juga atas feedbacknya! Kenyamanan Kakak adalah prioritas Kami, jika ada pertanyaan lainnya jangan sungkan ya untuk infokan pada kami di https://www.traveloka.com/contactus . Jangan sampai ketinggalan penawaran menarik lainnya di Traveloka Lifestye Super Apps.",2023-02-26 07:00:13,3.72.0
Teguh SB,muantap,5,3.72.0,2023-02-26 05:44:19,"Halo Kak, terima kasih banyak atas ratingnya, semoga Kakak tetap nyaman dan selau setia menjadi pelanggan Traveloka. Yuk Kak pantengin terus Traveloka Lifestyle Super App karna kami selalu berikan promo-promo yg menarik loooh, jangan sampai ketinggalan ya :)",2023-02-26 06:00:12,3.72.0
Fitrah Ramadhan,"Baru update malah bug. Sy terpaksa downgrade ke versi 3.71.1 dari versi terbaru 3.72.0, setiap mau ganti area hotel selalu fc. Ditunggu beberapa hari pun tidak ada tindakan sama sekali dari official. Bilangin sama IT atau developernya, kerja yg benar jgn main2. Jadi terbuang sia2 waktu pelanggan hanya untuk downgrade dan menunggu. Bikin sakit kepala.",1,3.71.1,2023-02-26 05:36:09,"Hai, Fitrah. Maaf banget ya buat kendala yang terjadi. Mohon dipastikan untuk jaringan kamu stabil dan untuk aplikasi sudah update ke versi terbaru ya. Apabila ada pertanyaan lain, silakan klik link https://www.traveloka.com/contactus ya. Kami akan berusaha untuk membantu kendala yang kamu alami. Terima kasih. -RF",2023-01-21 04:33:59,3.71.1
Majelis Al Qasas AB Siddiq,mempermudah Semua Perjalanan,5,3.72.0,2023-02-26 05:32:52,"Hi Kak, senang banget nih dapat rating bagus dari Kakak, terima kasih juga atas feedbacknya! Kenyamanan Kakak adalah prioritas Kami, jika ada pertanyaan lainnya jangan sungkan ya untuk infokan pada kami di https://www.traveloka.com/contactus . Jangan sampai ketinggalan penawaran menarik lainnya di Traveloka Lifestye Super Apps.",2023-02-26 06:00:15,3.72.0
Wira Utama,puas,5,3.72.0,2023-02-26 05:19:38,"Hai Wira. Terima kasih banyak atas ratingnya, semoga kamu tetap nyaman dan selalu setia menjadi pelanggan Traveloka. Yuk Kak pantengin terus Traveloka Lifestyle Super App karna kami selalu berikan promo-promo yang menarik. Jangan sampai ketinggalan ya. -KA",2023-02-26 05:37:55,3.72.0
ARZIO REZKYAWAN,P ma ni CF,5,,2023-02-26 04:57:49,"Hai Arzio, terima kasih atas feedbacknya, semoga kamu tetap setia dengan Traveloka. Jika ada pertanyaan bisa langsung infokan pada kami di https://www.traveloka.com/contactus ya Kak. Pantau terus Traveloka Lifestyle Super App untuk penawaran spesial lainnya! -AH",2023-02-26 05:02:51,
youdalf onz,mantap.. membantu saat terdesak terima kasih traveloka,5,3.72.0,2023-02-26 04:43:55,"Halo Kak, terima kasih banyak atas ratingnya, semoga Kakak tetap nyaman dan selau setia menjadi pelanggan Traveloka. Yuk Kak pantengin terus Traveloka Lifestyle Super App karna kami selalu berikan promo-promo yg menarik loooh, jangan sampai ketinggalan ya :)",2023-02-26 05:00:39,3.72.0
Raptor Langit121,lebih muda,5,3.67.0,2023-02-26 04:28:05,"Halo Kak, terima kasih banyak atas ratingnya, semoga Kakak tetap nyaman dan selau setia menjadi pelanggan Traveloka. Yuk Kak pantengin terus Traveloka Lifestyle Super App karna kami selalu berikan promo-promo yg menarik loooh, jangan sampai ketinggalan ya :)",2023-02-26 04:30:13,3.67.0
Ferosta Rsmh,good,4,3.72.0,2023-02-26 04:21:39,"Hi, we are so grateful to get a lot of support from you. Hope you continue to enjoy our offers. If you have any feedback or suggestions, let us know on https://www.traveloka.com/contactus, our customer service would love to serve you in 24 hours. Thank you!",2023-02-26 04:30:15,3.72.0
Anonimous Name,ok,5,3.72.0,2023-02-26 04:17:28,Thank you for leaving a good comment to us. Let us know if you have any suggestion for improvement through https://www.traveloka.com/contactus . Stay around for more interesting offers from Traveloka Lifestyle Super App!,2023-02-26 04:30:17,3.72.0
DWI Wantoko,Kenapa ini mau pesan tidak bisa.. Error,3,3.72.0,2023-02-26 04:03:20,"Hai, Dwi. Maaf banget ya buat kendala yang terjadi. Boleh dibantu infokan detail kendala kamu tersebut melalui link berikut https://www.traveloka.com/contactus ya. Kami akan berusaha untuk membantu kendala kamu. Terima kasih. -RF",2023-02-26 04:31:37,3.72.0
Ridwan Buton,Makasih Traveloka...Kereen,5,3.72.0,2023-02-26 02:58:50,"Halo Kak, terima kasih banyak atas ratingnya, semoga Kakak tetap nyaman dan selau setia menjadi pelanggan Traveloka. Yuk Kak pantengin terus Traveloka Lifestyle Super App karna kami selalu berikan promo-promo yg menarik loooh, jangan sampai ketinggalan ya :)",2023-02-26 03:00:20,3.72.0
fuji Pratama,mantap,4,3.72.0,2023-02-26 02:32:58,"Hai, Fuji. Terima kasih untuk review dan bintang 4 yang kamu berikan ya, mimin senang banget deh lihatnya. Semoga bisa jadi bintang 5 ya hehehe. Sehat dan sukses selalu buat kamu serta keluarga. Mimin tunggu pesanan kamu selanjutnya :) -AM",2023-02-26 03:01:51,3.72.0
Abu Alief (Sampang),best,5,3.72.0,2023-02-26 02:25:20,"Hi, thank you very much for the positive review! Please feel free to contact us at https://www.traveloka.com/contactus we're more than happy to assist you and Stay tuned for more exciting offers on Traveloka Lifestyle Super App.",2023-02-26 02:30:09,3.72.0
Ali Impron,Telat satu hari denda tidak manusiawi. 👎👎👎,1,3.72.0,2023-02-26 02:05:34,"Halo Ali. Sebelumnya mohon maaf atas ketidaknyamanan yang kamu alamu. Pada dasarnya Traveloka menyediakan fitur ""Pengingat"" untuk menghindari kamu dari keterlambatan pembayaran. Terima kasih. -SC",2023-02-26 02:32:28,3.72.0
Roenanda Ahmad Rizky,nice,4,3.72.0,2023-02-26 01:15:48,"Hi, we are so grateful to get a lot of support from you. Hope you continue to enjoy our offers. If you have any feedback or suggestions, let us know on https://www.traveloka.com/contactus, our customer service would love to serve you in 24 hours. Thank you!",2023-02-26 01:30:16,3.72.0
Toto Xiaomi,"Tolong pasang foto hotel sesuai realnya. Sampah tukang tipu. Kondisi Hotel yg dijual sangat buruk, aplikasi 4nj!ng",1,3.72.0,2023-02-26 01:11:36,"Hai, Toto. Mohon maaf atas ketidaknyamanannya. Kalau kamu memiliki kendala terkait pemesanan Hotel di Traveloka, mohon hubungi kami melalui tautan ini https://www.traveloka.com/id-id/contactus untuk dibantu cek lebih lanjut ya. Terima kasih 🙏 -WR",2023-02-26 01:32:29,3.72.0
Mohammad Juandi,No Problem,5,3.72.0,2023-02-25 23:17:02,"Hi, thank you very much for the positive review! Please feel free to contact us at https://www.traveloka.com/contactus we're more than happy to assist you and Stay tuned for more exciting offers on Traveloka Lifestyle Super App.",2023-02-25 23:30:11,3.72.0
Ari Nurfirmansyah,terimakasih Traveloka sudah membuat perjalanan saya menjadi mudah dari mulai tiket pesawat tiket hotel lalu mobil rental semua lengkap makasih banyak pokonya. sukses terus Traveloka saya senang sebagai pengguna aplikasi ini .,5,3.72.0,2023-02-25 22:22:28,"Halo Kak, terima kasih banyak atas ratingnya, semoga Kakak tetap nyaman dan selau setia menjadi pelanggan Traveloka. Yuk Kak pantengin terus Traveloka Lifestyle Super App karna kami selalu berikan promo-promo yg menarik loooh, jangan sampai ketinggalan ya :)",2023-02-25 22:30:09,3.72.0
Baskoro Rahman,"Ga bisa daftar, gagal verifikasi terus",1,3.72.0,2023-02-25 20:31:11,"Hai Baskoro, maaf ya atas ketidaknyamanannya. Agar dapat kami memahami kendala kamu, silakan dapat hubungi kami di https://www.traveloka.com/id-id/contactus. Terima kasih. -CA",2023-02-25 21:02:26,3.72.0
Mat Ghuroba,Sangat kecewa dgnmu setelah kejadian itu...terpaksa unistallll,5,3.72.0,2023-02-25 16:53:34,Hai Kak. Mohon maaf atas ketidaknyamanannya. Mohon untuk sampaikan keluhan kamu secara detail melalui https://www.traveloka.com/id-id/contactus. Supaya kami dapat membantu permasalahan kamu lebih lanjut. Terima kasih. -DA,2023-02-25 17:02:25,3.72.0
Ina Arya,nyaman,5,3.72.0,2023-02-25 16:21:22,"Halo Kak, terima kasih banyak atas ratingnya, semoga Kakak tetap nyaman dan selau setia menjadi pelanggan Traveloka. Yuk Kak pantengin terus Traveloka Lifestyle Super App karna kami selalu berikan promo-promo yg menarik loooh, jangan sampai ketinggalan ya :)",2023-02-25 16:30:15,3.72.0
Sedim Dim,good,5,3.69.0,2023-02-25 15:29:14,"Hi, thank you very much for the positive review! Please feel free to contact us at https://www.traveloka.com/contactus we're more than happy to assist you and Stay tuned for more exciting offers on Traveloka Lifestyle Super App.",2023-02-25 15:30:09,3.69.0
tri h3r1yanto,terimakasih,5,3.72.0,2023-02-25 15:01:50,"Hi Kak, senang banget nih dapat rating bagus dari Kakak, terima kasih juga atas feedbacknya! Kenyamanan Kakak adalah prioritas Kami, jika ada pertanyaan lainnya jangan sungkan ya untuk infokan pada kami di https://www.traveloka.com/contactus . Jangan sampai ketinggalan penawaran menarik lainnya di Traveloka Lifestye Super Apps.",2023-02-25 15:30:12,3.72.0
Yulius tony,luar biasa,5,3.72.0,2023-02-25 14:56:17,"Halo, Yulius. Terima kasih banyak atas ratingnya, semoga Kakak tetap nyaman dan selau setia menjadi pelanggan Traveloka. Yuk Kak pantengin terus Traveloka Lifestyle Super App karna kami selalu berikan promo-promo yg menarik loooh, jangan sampai ketinggalan ya :) -IN",2023-02-25 15:01:40,3.72.0
Noor Faiz,sejauh ini bagus,4,3.72.0,2023-02-25 14:28:02,"Halo Kak, terima kasih banyak atas ratingnya, semoga Kakak tetap nyaman dan selau setia menjadi pelanggan Traveloka. Yuk Kak pantengin terus Traveloka Lifestyle Super App karna kami selalu berikan promo-promo yg menarik loooh, jangan sampai ketinggalan ya :)",2023-02-25 14:30:28,3.72.0
Ima Dzik,Ko ga bisa di pake yah paylaternya.. Alasan keamanan aja,3,3.72.0,2023-02-25 13:46:51,"Hai Ima, maaf atas kendala kamu Kak. Mimin mau banget bantu cek kendala kamu, tapi mimin butuh email dan nomor telepon yang terhubung di akun PayLater kamu. Yuk segera hubungi mimin melalui https://www.traveloka.com/contactus. Mimin tunggu ya, terima kasih. -AH",2023-02-25 14:05:22,3.72.0
Salim putra madura1446,Aku mau main lagi,5,3.72.0,2023-02-25 13:22:33,"Halo Kak, terima kasih banyak atas ratingnya, semoga Kakak tetap nyaman dan selau setia menjadi pelanggan Traveloka. Yuk Kak pantengin terus Traveloka Lifestyle Super App karna kami selalu berikan promo-promo yg menarik loooh, jangan sampai ketinggalan ya :)",2023-02-25 13:30:10,3.72.0
Kallendy Tambunan,exelent,5,3.72.0,2023-02-25 12:57:36,"Hi, thank you very much for the positive review! Please feel free to contact us at https://www.traveloka.com/contactus we're more than happy to assist you and Stay tuned for more exciting offers on Traveloka Lifestyle Super App.",2023-02-25 13:00:10,3.72.0
iqbal madak11,damaikan semuaaa,5,3.72.0,2023-02-25 12:55:16,"Hai Iqbal, terima kasih atas feedbacknya, semoga kamu tetap setia dengan Traveloka. Jika ada pertanyaan bisa langsung infokan pada kami di https://www.traveloka.com/contactus ya Kak. Pantau terus Traveloka Lifestyle Super App untuk penawaran spesial lainnya! -AH",2023-02-25 13:01:20,3.72.0
Mandala Motor,mantap,5,3.72.0,2023-02-25 12:29:07,"Hai Kak, terima kasih atas feedbacknya, semoga kamu tetap setia dengan Traveloka. Jika ada pertanyaan bisa langsung infokan pada kami di https://www.traveloka.com/contactus ya Kak. Pantau terus Traveloka Lifestyle Super App untuk penawaran spesial lainnya! -AH",2023-02-25 12:32:07,3.72.0
Ken Boyke,sangat membantu sekali....,5,3.72.0,2023-02-25 11:40:38,"Halo Kak, terima kasih banyak atas ratingnya, semoga Kakak tetap nyaman dan selau setia menjadi pelanggan Traveloka. Yuk Kak pantengin terus Traveloka Lifestyle Super App karna kami selalu berikan promo-promo yg menarik loooh, jangan sampai ketinggalan ya :)",2023-02-25 12:00:10,3.72.0
Ibu Ibu,Traveloka: Tiket,5,,2023-02-25 10:57:43,"Halo Kak, terima kasih banyak atas ratingnya, semoga Kakak tetap nyaman dan selau setia menjadi pelanggan Traveloka. Yuk Kak pantengin terus Traveloka Lifestyle Super App karna kami selalu berikan promo-promo yg menarik loooh, jangan sampai ketinggalan ya :)",2023-02-25 11:00:16,
Suwadi Wadi,sangat puas,5,3.72.0,2023-02-25 10:39:35,"Hi Kak, senang banget nih dapat rating bagus dari Kakak, terima kasih juga atas feedbacknya! Kenyamanan Kakak adalah prioritas Kami, jika ada pertanyaan lainnya jangan sungkan ya untuk infokan pada kami di https://www.traveloka.com/contactus . Jangan sampai ketinggalan penawaran menarik lainnya di Traveloka Lifestye Super Apps.",2023-02-25 11:00:20,3.72.0
Nobal Nobel,Complaint klaim transportasi bandara berbelit2,1,2.19.0,2023-02-25 10:17:21,"Hai, Kak Nobal. Mohon maaf atas ketidaknyamanan yang kamu alami. Untuk membantu kami memahami kendala kamu, mohon infokan nomor pemesanan Traveloka kamu via https://www.traveloka.com/id-id/contactus ya. Terima kasih. -PA",2023-02-25 10:31:56,2.19.0
ahyee ses,jozz,5,3.72.0,2023-02-25 10:06:50,"Hai, Ahyee. Terima kasih atas penilaian dan feedback dari kamu, kami akan terus meningkatkan kepuasan para pengguna. Jika ada pertanyaan lainnya jangan sungkan ya untuk infokan pada kami di https://www.traveloka.com/contactus. Jangan sampai ketinggalan juga penawaran menarik lainnya di Traveloka Lifestye Super Apps. Terima kasih. -KK",2023-02-25 10:32:14,3.72.0
Azka Malik165,super baik,5,3.72.0,2023-02-25 10:03:57,"Halo Kak, terima kasih banyak atas ratingnya, semoga Kakak tetap nyaman dan selau setia menjadi pelanggan Traveloka. Yuk Kak pantengin terus Traveloka Lifestyle Super App karna kami selalu berikan promo-promo yg menarik loooh, jangan sampai ketinggalan ya :)",2023-02-25 10:30:12,3.72.0
denis rully,"sangat membantu,tiket apapun lebih murah n terpercaya",5,3.72.0,2023-02-25 09:41:12,"Halo Kak, terima kasih banyak atas ratingnya, semoga Kakak tetap nyaman dan selau setia menjadi pelanggan Traveloka. Yuk Kak pantengin terus Traveloka Lifestyle Super App karna kami selalu berikan promo-promo yg menarik loooh, jangan sampai ketinggalan ya :)",2023-02-25 10:00:18,3.72.0
Arfah Arfany,Kasi bintang 3 dulu,3,,2023-02-25 09:40:31,"Hai Kak Arfah. Terima kasih telah menggunakan Traveloka. Jika memiliki kendala, Anda dapat informasikan kepada kami detail kendala yang Anda alami melalui pesan pada aplikasi Anda atau melalui email ke cs@traveloka.com agar kami dapat membantu Anda lebih lanjut. Terima kasih. -NT",2023-02-25 10:01:58,
Darsudi Darsudi,ok,5,,2023-02-25 09:19:27,"Hi, thank you very much for the positive review! Please feel free to contact us at https://www.traveloka.com/contactus we're more than happy to assist you and Stay tuned for more exciting offers on Traveloka Lifestyle Super App.",2023-02-25 09:30:10,
akbarohni solih,"tolong perbaiki management pelayanan checkin di hotel enviro stuido cikarang. saya sudah bayar via transfer bank mandiri tapi g ada petugas receptionist. nomor kontak g bisa di hubungi sama sekali, sudah menunggu dari jam 14.00 sd 16.00 masih g bisa juga.",1,3.72.0,2023-02-25 09:13:18,"Hai Akbarohni. Kami minta maaf atas pengalaman kamu yang kurang menyenangkan, Kak. Supaya bisa mimin bantu lakukan pengecekan dan carikan solusi lebih lanjut. Mohon bantuannya infokan nomor pesanan Traveloka kamu di https://www.traveloka.com/id-id/contactus ya Kak. Terima kasih. -KK",2023-02-25 09:33:06,3.72.0
Thaufiq Hidhayad,Semua ada di satu aplikasi 👍,5,3.72.0,2023-02-25 08:49:17,"Halo Kak, terima kasih banyak atas ratingnya, semoga Kakak tetap nyaman dan selau setia menjadi pelanggan Traveloka. Yuk Kak pantengin terus Traveloka Lifestyle Super App karna kami selalu berikan promo-promo yg menarik loooh, jangan sampai ketinggalan ya :)",2023-02-25 09:00:09,3.72.0
Ahmad Afini,sangat bagus,5,3.72.0,2023-02-25 08:36:08,"Hi Kak, senang banget nih dapat rating bagus dari Kakak, terima kasih juga atas feedbacknya! Kenyamanan Kakak adalah prioritas Kami, jika ada pertanyaan lainnya jangan sungkan ya untuk infokan pada kami di https://www.traveloka.com/contactus . Jangan sampai ketinggalan penawaran menarik lainnya di Traveloka Lifestye Super Apps.",2023-02-25 09:00:12,3.72.0
Airin Imoet,baik,4,3.72.0,2023-02-25 08:35:01,"Hi Kak, terima kasih atas feedbacknya, semoga Kakak tetap setia dengan Traveloka. Jika ada pertanyaan lain bisa langsung infokan pada kami di https://www.traveloka.com/contactus ya, Kak. Pantau terus Traveloka Lifestyle Super App untuk penawaran spesial lainnya!",2023-02-25 09:00:15,3.72.0
Yos Naidi,"Traveloka setelah di update jaringan nya lelet banget, bagusan sebelum di update, sangat mengecewakan sekali, kecewaaaaaaa",1,3.72.0,2023-02-25 08:11:37,"Halo Yos, mohon maaf ketidaknyamanan ini. Pastikan jaringan yang kamu gunakan stabil dan baik saat akeses aplikasi Traveloka ya. Terima kasih. -OR",2023-02-25 08:33:02,3.72.0
Analea Fatonah,bagus,4,3.72.0,2023-02-25 07:10:45,"Halo Kak, terima kasih banyak atas ratingnya, semoga Kakak tetap nyaman dan selau setia menjadi pelanggan Traveloka. Yuk Kak pantengin terus Traveloka Lifestyle Super App karna kami selalu berikan promo-promo yg menarik loooh, jangan sampai ketinggalan ya :)",2023-02-25 07:30:10,3.72.0
ulul azmi,"Bagus,Cepat dan Simple",5,3.72.0,2023-02-25 06:47:00,"Halo Kak, terima kasih banyak atas ratingnya, semoga Kakak tetap nyaman dan selau setia menjadi pelanggan Traveloka. Yuk Kak pantengin terus Traveloka Lifestyle Super App karna kami selalu berikan promo-promo yg menarik loooh, jangan sampai ketinggalan ya :)",2023-02-25 07:00:11,3.72.0
P Kartika,👍👍,5,,2023-02-25 06:29:16,"Halo, Kartika. Terima kasih atas penilaiannya dan telah memilih Traveloka sebagai partner perjalanan kamu. Terima kasih. -SC",2023-02-25 06:34:01,
safarudin ude,ok,5,3.71.1,2023-02-25 06:23:41,"Hi, thank you very much for the positive review! Please feel free to contact us at https://www.traveloka.com/contactus we're more than happy to assist you and Stay tuned for more exciting offers on Traveloka Lifestyle Super App.",2023-02-25 06:30:11,3.71.1
Nuraifah,😍😍😍 kalau bepergian pake Traveloka saja,5,,2023-02-25 05:36:52,"Halo Kak, terima kasih banyak atas ratingnya, semoga Kakak tetap nyaman dan selau setia menjadi pelanggan Traveloka. Yuk Kak pantengin terus Traveloka Lifestyle Super App karna kami selalu berikan promo-promo yg menarik loooh, jangan sampai ketinggalan ya :)",2023-02-25 06:00:10,
Dodi Pagianto,ok,5,3.72.0,2023-02-25 05:32:43,"Hi, we are so grateful to get a lot of support from you. Hope you continue to enjoy our offers. If you have any feedback or suggestions, let us know on https://www.traveloka.com/contactus, our customer service would love to serve you in 24 hours. Thank you!",2023-02-25 06:00:13,3.72.0
ummy m. rasyidah,okee alhamdulilah,5,3.72.0,2023-02-25 05:13:56,"Hai, Rasyidah. Terima kasih atas penilaiannya, kami akan terus berkembang untuk kenyamanan pengguna yang lebih baik ke depannya. Terima kasih. -SC",2023-02-25 05:32:40,3.72.0
Sudrajat Joko,wwaq 1 w1 wwaaaaaa wa AA a AA 2w www aa www wa AW www www ww www wwwwwawawwwwwwaw www waw www wwwwwwawa qqaaaq AW qwq Bu wwq www www w www www wwew www wa AWww www www a wa wwwqqwww www www www w www AW www w AW aqq2qww wwwwwwwaw wa,2,3.72.0,2023-02-25 05:01:51,"Hai, Sudrajat. Jika kamu memiliki kendala ataupun pertanyaan bisa kamu tanyakan langsung melalui pesan pada aplikasi Traveloka ataupun email ke cs@traveloka.com ya, agar dapat kami bantu lebih lanjut. Terima kasih. -KA",2023-02-25 05:32:36,3.72.0
wisdom chuns,"aplikasi yg sangat bagus ,sangat membantu baik waktu didalam negri maupun diluar negri, fully recommended 😂👍👍",5,3.72.0,2023-02-25 04:32:34,"Hi Kak, senang banget nih dapat rating bagus dari Kakak, terima kasih juga atas feedbacknya! Kenyamanan Kakak adalah prioritas Kami, jika ada pertanyaan lainnya jangan sungkan ya untuk infokan pada kami di https://www.traveloka.com/contactus . Jangan sampai ketinggalan penawaran menarik lainnya di Traveloka Lifestye Super Apps.",2023-02-25 05:00:14,3.72.0
mizon ahmad,aplikasi keren..,4,3.46.0,2023-02-25 04:01:40,"Hi Kak, senang banget nih dapat rating bagus dari Kakak, terima kasih juga atas feedbacknya! Kenyamanan Kakak adalah prioritas Kami, jika ada pertanyaan lainnya jangan sungkan ya untuk infokan pada kami di https://www.traveloka.com/contactus . Jangan sampai ketinggalan penawaran menarik lainnya di Traveloka Lifestye Super Apps.",2023-02-25 04:30:14,3.46.0
Ivani Agus,akses cepat,5,3.72.0,2023-02-25 03:40:31,"Halo Kak, terima kasih banyak atas ratingnya, semoga Kakak tetap nyaman dan selau setia menjadi pelanggan Traveloka. Yuk Kak pantengin terus Traveloka Lifestyle Super App karna kami selalu berikan promo-promo yg menarik loooh, jangan sampai ketinggalan ya :)",2023-02-25 04:00:10,3.72.0
Andika Lestari,traveloka luar biasa TDK perna mengecewakan,5,3.72.0,2023-02-25 03:30:17,"Hi Kak, senang banget nih dapat rating bagus dari Kakak, terima kasih juga atas feedbacknya! Kenyamanan Kakak adalah prioritas Kami, jika ada pertanyaan lainnya jangan sungkan ya untuk infokan pada kami di https://www.traveloka.com/contactus . Jangan sampai ketinggalan penawaran menarik lainnya di Traveloka Lifestye Super Apps.",2023-02-25 04:00:13,3.72.0
Muhammad Rio,Lbh baik lg,3,3.71.1,2023-02-25 03:15:10,"Hai, Rio. Saran dari kamu sangat kami terima dengan baik. Saran dari pelanggan Traveloka tentunya menjadi perhatian dan fokus utama dari pihak manajemen Traveloka, untuk ke depannya kami akan terus meningkatkan dalam memberikan pelayanan yang maksimal dan prima kepada pelanggan-pelanggan setia Traveloka. Terima kasih. -AM",2023-02-25 03:32:48,3.71.1
Alicia phaedra,mantap,5,3.72.0,2023-02-25 03:12:10,"Halo, Alicia. Terima kasih atas penilaiannya dan telah memilih Traveloka sebagai partner perjalanan kamu. Terima kasih. -SC",2023-02-25 03:30:53,3.72.0
Captain Hermawan,good apl....,5,3.72.0,2023-02-25 02:19:56,Thank you for leaving a good comment to us. Let us know if you have any suggestion for improvement through https://www.traveloka.com/contactus . Stay around for more interesting offers from Traveloka Lifestyle Super App!,2023-02-25 02:30:13,3.72.0
Mr. Arr,wow,5,3.72.0,2023-02-25 01:54:11,"Hi, thank you very much for the positive review! Please feel free to contact us at https://www.traveloka.com/contactus we're more than happy to assist you and Stay tuned for more exciting offers on Traveloka Lifestyle Super App.",2023-02-25 02:00:10,3.72.0
Haryono Se,baik dan memuaskan,4,3.72.0,2023-02-25 01:25:42,"Halo Kak, terima kasih banyak atas ratingnya, semoga Kakak tetap nyaman dan selau setia menjadi pelanggan Traveloka. Yuk Kak pantengin terus Traveloka Lifestyle Super App karna kami selalu berikan promo-promo yg menarik loooh, jangan sampai ketinggalan ya :)",2023-02-25 01:30:10,3.72.0
Merani Vickhy,luar biasa,5,3.72.0,2023-02-25 01:21:51,"Halo Merani, makasih atas review kamu ya. Makasih juga sudah menjadikan Traveloka sebagai teman perjalanan kamu. Jika butuh bantuan, kamu bisa menghubungi kami melalui https://www.traveloka.com/id-id/contactus :) -MZ",2023-02-25 01:31:39,3.72.0
Erwan Mulyana,"app nya friendly user dan bnyk promo nya, sangat membantu banget. traveling ya traveloka",5,3.72.0,2023-02-25 01:20:35,"Hi Kak, terima kasih atas feedbacknya, semoga Kakak tetap setia dengan Traveloka. Jika ada pertanyaan lain bisa langsung infokan pada kami di https://www.traveloka.com/contactus ya, Kak. Pantau terus Traveloka Lifestyle Super App untuk penawaran spesial lainnya!",2023-02-25 01:30:16,3.72.0
iwan setiawan,memang Traveloka dari dulusampai sekarang ok,5,3.61.0,2023-02-25 01:18:22,"Halo Kak, terima kasih banyak atas ratingnya, semoga Kakak tetap nyaman dan selau setia menjadi pelanggan Traveloka. Yuk Kak pantengin terus Traveloka Lifestyle Super App karna kami selalu berikan promo-promo yg menarik loooh, jangan sampai ketinggalan ya :)",2023-02-25 01:30:18,3.61.0
ALIFA TOUR,"Limit saya sudah 10 juta, hanya karena baru sekali telat bayar beberapa hari saja limit langsung turun drastis, di kembalikan ke limit awal. Parahnya lg akun di non aktifkan. Padahal sudah bayar tagihan beserta denda nya termasuk menutup tagihan yg blm jatuh tempo. Beda sama aplikasi sebelah",2,,2023-02-25 01:08:21,"Hai, Kak Alifa. Mohon maaf atas ketidaknyananannya. Kalau kamu memiliki kendala terkait PayLater Traveloka, mohon hubungi kami melalui tautan ini https://www.traveloka.com/id-id/contactus untuk dibantu cek lebih lanjut ya. Terima kasih 🙏 -WR",2023-02-25 01:33:31,
agus sulistiyo,mantap,5,3.72.0,2023-02-25 00:30:34,"Hai Agus, makasih atas review kamu ya. Makasih juga sudah menjadikan Traveloka sebagai teman perjalanan kamu :) -MZ",2023-02-25 01:01:29,3.72.0
Smile,traveloka mantaps,5,3.72.0,2023-02-25 00:18:37,"Halo Kak, terima kasih banyak atas ratingnya, semoga Kakak tetap nyaman dan selau setia menjadi pelanggan Traveloka. Yuk Kak pantengin terus Traveloka Lifestyle Super App karna kami selalu berikan promo-promo yg menarik loooh, jangan sampai ketinggalan ya :)",2023-02-25 00:30:10,3.72.0
Sukma Pribadi,diskon kurang gede,4,3.72.0,2023-02-25 00:07:18,"Hai, Sukma. Kritik dan saran dari kamu sangat kami terima dengan baik. Kritik dan saran dari pelanggan Traveloka tentunya menjadi perhatian dan fokus utama dari pihak manajemen Traveloka, untuk ke depannya kami akan terus meningkatkan dalam memberikan pelayanan yang maksimal dan prima kepada pelanggan-pelanggan setia Traveloka. Terima kasih. -AM",2023-02-25 00:33:22,3.72.0
capt.daryono serenade,good,5,3.71.0,2023-02-24 23:54:05,"Hi, thank you very much for the positive review! Please feel free to contact us at https://www.traveloka.com/contactus we're more than happy to assist you and Stay tuned for more exciting offers on Traveloka Lifestyle Super App.",2023-02-25 00:00:13,3.71.0
Indonesia Maju,top,5,3.64.0,2023-02-24 23:38:44,"Hi, we are so grateful to get a lot of support from you. Hope you continue to enjoy our offers. If you have any feedback or suggestions, let us know on https://www.traveloka.com/contactus, our customer service would love to serve you in 24 hours. Thank you!",2023-02-25 00:00:16,3.64.0
Jesen Bagol,OK,5,,2023-02-24 22:36:01,"Hi, thank you very much for the positive review! Please feel free to contact us at https://www.traveloka.com/contactus we're more than happy to assist you and Stay tuned for more exciting offers on Traveloka Lifestyle Super App.",2023-02-24 23:00:10,
Indah Susanti,"Aplikasi yg selalu setia menemani aku menginap di hotel dan mencari tiket KA maupun Pesawat, pelayanan cepat, dan setiap pesanan selalu sesuai dgn yg aku pilih, pernah aku salah transfer kurang kode booking dan aku chat ke travelokanya fast respon banget, dan Alhamdulillah kamar yg aku pesan dapat tanpa aku membayar kekurangan transfer kode booking nya Terimakasih Traveloka, pertahankan dan tingkatkan terus pelayanan yg baik ini 😊",5,3.72.0,2023-02-24 22:14:14,"Halo Kak, terima kasih banyak atas ratingnya, semoga Kakak tetap nyaman dan selau setia menjadi pelanggan Traveloka. Yuk Kak pantengin terus Traveloka Lifestyle Super App karna kami selalu berikan promo-promo yg menarik loooh, jangan sampai ketinggalan ya :)",2023-02-24 22:30:13,3.72.0
Ali Akbar Nasution,simple dan mudah digunakan,5,3.72.0,2023-02-24 22:03:16,"Halo, Ali. Terima kasih banyak atas ratingnya, semoga Kakak tetap nyaman dan selau setia menjadi pelanggan Traveloka. Yuk Kak pantengin terus Traveloka Lifestyle Super App karna kami selalu berikan promo-promo yg menarik loooh, jangan sampai ketinggalan ya :) -IN",2023-02-24 22:33:55,3.72.0
endang lestari,terimakasih Traveloka..pesan hotel jadi mudah..dan banyak kupon nya,4,3.72.0,2023-02-24 16:36:26,"Halo Kak, terima kasih banyak atas ratingnya, semoga Kakak tetap nyaman dan selau setia menjadi pelanggan Traveloka. Yuk Kak pantengin terus Traveloka Lifestyle Super App karna kami selalu berikan promo-promo yg menarik loooh, jangan sampai ketinggalan ya :)",2023-02-24 17:00:41,3.72.0
Jujur Jujur,Akun sy di Bajak / di Hekker dr Pihak ke tiga. Mohon di Tindak tuk Oknum Hekkers.,5,3.72.0,2023-02-24 16:33:46,"Hai, Kak. Kami turut prihatin atas hal terjadi. Agar kami bisa bantu cek lebih lanjut, silakan menghubungi kami melalui https://www.traveloka.com/id-id/contactus. Makasih 🙏 -RZ",2023-02-24 17:03:01,3.72.0
Mairani Mairani,menolong sekali aplikasi ini,5,3.71.1,2023-02-24 15:51:12,"Halo Kak, terima kasih banyak atas ratingnya, semoga Kakak tetap nyaman dan selau setia menjadi pelanggan Traveloka. Yuk Kak pantengin terus Traveloka Lifestyle Super App karna kami selalu berikan promo-promo yg menarik loooh, jangan sampai ketinggalan ya :)",2023-02-24 16:00:20,3.71.1
Sundari Cute,Kenapa setelah d update kok tidak bisa d buka ya,2,3.72.0,2023-02-24 15:40:06,"Hai, Kak Sundari. Maaf banget atas kendalanya ya Kak. Mimin sarankan untuk mencoba secara berkala dan pastikan jaringan kamu dalam kondisi stabil. Semoga segara bisa digunakan kembali ya Kak 🙏 -RZ",2023-02-24 16:05:07,3.72.0
Nur Solikin,enak banget pakai travelokaaa,5,3.72.0,2023-02-24 15:20:16,"Halo Kak, terima kasih banyak atas ratingnya, semoga Kakak tetap nyaman dan selau setia menjadi pelanggan Traveloka. Yuk Kak pantengin terus Traveloka Lifestyle Super App karna kami selalu berikan promo-promo yg menarik loooh, jangan sampai ketinggalan ya :)",2023-02-24 15:30:10,3.72.0
Siska Yoswandi,sangat mudah & cepat utk bertransaksi.,5,3.72.0,2023-02-24 14:58:03,"Halo Kak, terima kasih banyak atas ratingnya, semoga Kakak tetap nyaman dan selau setia menjadi pelanggan Traveloka. Yuk Kak pantengin terus Traveloka Lifestyle Super App karna kami selalu berikan promo-promo yg menarik loooh, jangan sampai ketinggalan ya :)",2023-02-24 15:00:15,3.72.0
Muhamad Ramlan Setiawan,keren,5,3.72.0,2023-02-24 14:49:03,"Hi Kak, senang banget nih dapat rating bagus dari Kakak, terima kasih juga atas feedbacknya! Kenyamanan Kakak adalah prioritas Kami, jika ada pertanyaan lainnya jangan sungkan ya untuk infokan pada kami di https://www.traveloka.com/contactus . Jangan sampai ketinggalan penawaran menarik lainnya di Traveloka Lifestye Super Apps.",2023-02-24 15:00:18,3.72.0
Farid Evan,Eh gak ganggu deh soal nya sekerang sudah update,4,3.72.0,2023-02-24 14:43:41,"Hai, Farid. Maaf ya sudah membuatmu kecewa. Dipastikan untuk kenyamanan pengguna Traveloka, kami akan perbaiki & tingkatkan performa Traveloka. Jika memiliki kendala, informasikan kepada kami detail kendala yang Anda alami melalui pesan pada aplikasi Anda atau melalui email ke cs@traveloka.com agar kami dapat membantu Anda lebih lanjut. -NT",2022-12-16 06:34:41,3.72.0
Eka Novia,"Buka hotel aja sllu kembali lg k beranda, payah!!",1,,2023-02-24 14:37:32,"Halo, Eka. Mohon maaf atas ketidaknyamannya. Saat ini kami belum menemukan laporan Kakak ke tim CS kami. Agar kami bisa bantu lebih lanjut, mohon bantuannya untuk sampaikan kembali beserta screenshot via www.traveloka.com/id-id/contactus. Terima kasih 🙏 -RU",2023-02-24 15:06:10,
Eko Novianto,baguss,5,3.72.0,2023-02-24 14:05:28,"Halo Kak, terima kasih banyak atas ratingnya, semoga Kakak tetap nyaman dan selau setia menjadi pelanggan Traveloka. Yuk Kak pantengin terus Traveloka Lifestyle Super App karna kami selalu berikan promo-promo yg menarik loooh, jangan sampai ketinggalan ya :)",2023-02-24 14:30:16,3.72.0
chandra irawan,mantap,5,3.72.0,2023-02-24 14:05:11,"Hai, Chandra. Terima kasih atas penilaian dan feedback dari kamu, kami akan terus meningkatkan kepuasan para pengguna. Jika ada pertanyaan lainnya jangan sungkan ya untuk infokan pada kami di https://www.traveloka.com/contactus. Jangan sampai ketinggalan juga penawaran menarik lainnya di Traveloka Lifestye Super Apps. Terima kasih. -KK",2023-02-24 14:33:04,3.72.0
Gunadi Indunk,tidak no telpon yang dihubungi,1,3.72.0,2023-02-24 13:32:38,"Hai, Kak Gunadi. Mohon maaf jika kmau terkendala dalam menghubungi Call Center kami. Kamu bisa hubungi kami kembali di nomor 0804 1500 308 atau langsung sampaikan kendala kamu via www.traveloka.com/id-id/contactus. Terima kasih 🙏 -RU",2023-02-24 14:09:50,3.72.0
desky kalbar,good,5,3.72.0,2023-02-24 13:19:06,"Hi, thank you very much for the positive review! Please feel free to contact us at https://www.traveloka.com/contactus we're more than happy to assist you and Stay tuned for more exciting offers on Traveloka Lifestyle Super App.",2023-02-24 13:30:12,3.72.0
Ali Arifin,ok,5,3.72.0,2023-02-24 13:02:47,"Hi, we are so grateful to get a lot of support from you. Hope you continue to enjoy our offers. If you have any feedback or suggestions, let us know on https://www.traveloka.com/contactus, our customer service would love to serve you in 24 hours. Thank you!",2023-02-24 13:30:15,3.72.0
Ronald Sampe,mantap,5,3.72.0,2023-02-24 13:00:38,"Hai, Ronald. Terima kasih atas penilaian dan feedback dari kamu, kami akan terus meningkatkan kepuasan para pengguna. Jika ada pertanyaan lainnya jangan sungkan ya untuk infokan pada kami di https://www.traveloka.com/contactus. Jangan sampai ketinggalan juga penawaran menarik lainnya di Traveloka Lifestye Super Apps. Terima kasih. -KK",2023-02-24 13:31:47,3.72.0
Muhammad Irsyad,Aplikasi yang sangat bagus,5,3.72.0,2023-02-24 12:13:20,"Halo Kak, terima kasih banyak atas ratingnya, semoga Kakak tetap nyaman dan selau setia menjadi pelanggan Traveloka. Yuk Kak pantengin terus Traveloka Lifestyle Super App karna kami selalu berikan promo-promo yg menarik loooh, jangan sampai ketinggalan ya :)",2023-02-24 12:30:10,3.72.0
Kuro Shinigami,Banyak promo,5,3.72.0,2023-02-24 12:11:27,"Hi Kak, senang banget nih dapat rating bagus dari Kakak, terima kasih juga atas feedbacknya! Kenyamanan Kakak adalah prioritas Kami, jika ada pertanyaan lainnya jangan sungkan ya untuk infokan pada kami di https://www.traveloka.com/contactus . Jangan sampai ketinggalan penawaran menarik lainnya di Traveloka Lifestye Super Apps.",2023-02-24 12:30:13,3.72.0
ari suprayitno,oke,4,3.72.0,2023-02-24 11:50:10,"Hai Kak Ari. Terima kasih telah menggunakan Traveloka. Jika memiliki kendala, Anda dapat informasikan kepada kami detail kendala yang Anda alami melalui pesan pada aplikasi Anda atau melalui email ke cs@traveloka.com agar kami dapat membantu Anda lebih lanjut. Terima kasih. -KA",2023-02-24 12:35:01,3.72.0
abdul rachman fadly,"Rescedule bayarnya mahal, refund lama ampas ampass",1,3.72.0,2023-02-24 11:15:15,Hai Abdul. Dapat mimin infokan bahwa untuk reschdule dan juga refund sepenuhnya merupakan kebijakan dari pihak maskapai. Untuk reschedule dan refund setiap maskapai memiliki kebijakan yang berbeda-beda. Mungkin bisa infokan nomor pesanan kamu di https://www.traveloka.com/id-id/contactus supaya bisa mimin bantu cek ya. Makasih. -KK,2023-02-24 11:36:21,3.72.0
John Lennon,👍👍👍,5,3.71.1,2023-02-24 11:07:34,"Hai, John. Terima kasih atas penilaian dan feedback dari kamu, kami akan terus meningkatkan kepuasan para pengguna. Jika ada pertanyaan lainnya jangan sungkan ya untuk infokan pada kami di https://www.traveloka.com/contactus. Jangan sampai ketinggalan juga penawaran menarik lainnya di Traveloka Lifestye Super Apps. Terima kasih. -KK",2023-02-24 11:31:25,3.71.1
Abdul Rahman,"Beli tiket harga 12 jt, refund balik cm 100rb 😡",1,,2023-02-24 11:04:36,"Hai Abdul. Mohon maaf sekali atas ketidaknyamanan yang kamu alami. Terkait hal tersebut bergantung kebijakan maskapai serta alasan refund kamu. Kamu bisa hubungi kami via pesan di aplikasi Traveloka kamu atau via email di cs@traveloka.com, agar dapat kami bantu lebih lanjut. Terima kasih. -FR",2023-02-24 11:36:06,
Firman syah,mantap,5,3.72.0,2023-02-24 09:47:57,"Hai, Firman. Terima kasih atas penilaian dan feedback dari kamu, kami akan terus meningkatkan kepuasan para pengguna. Jika ada pertanyaan lainnya jangan sungkan ya untuk infokan pada kami di https://www.traveloka.com/contactus. Jangan sampai ketinggalan juga penawaran menarik lainnya di Traveloka Lifestye Super Apps. Terima kasih. -KK",2023-02-24 10:02:03,3.72.0
Ida Mardalena,efektif efisien,4,3.69.1,2023-02-24 09:37:45,"Halo Kak, terima kasih banyak atas ratingnya, semoga Kakak tetap nyaman dan selau setia menjadi pelanggan Traveloka. Yuk Kak pantengin terus Traveloka Lifestyle Super App karna kami selalu berikan promo-promo yg menarik loooh, jangan sampai ketinggalan ya :)",2023-02-24 10:00:10,3.69.1
Muhamad Asep Sutardi,good,5,3.72.0,2023-02-24 07:54:44,"Hi, thank you very much for the positive review! Please feel free to contact us at https://www.traveloka.com/contactus we're more than happy to assist you and Stay tuned for more exciting offers on Traveloka Lifestyle Super App.",2023-02-24 08:00:15,3.72.0
Retno Budiarti,hebat membantu,5,3.72.0,2023-02-24 07:49:03,"Hai, Kak Retno. Senang banget dapat bintang lima dari Kakak, terima kasih atas apresiasinya. Semoga selalu suka ya Kak sama Traveloka :) -RU",2023-02-24 08:02:36,3.72.0
Asep Rodiman,Ok,5,,2023-02-24 07:22:24,"Hi, thank you very much for the positive review! Please feel free to contact us at https://www.traveloka.com/contactus we're more than happy to assist you and Stay tuned for more exciting offers on Traveloka Lifestyle Super App.",2023-02-24 07:30:09,
kang Doel,"saya sangat MEREKOMENDASIKAN perjalanan pribadi via TRAVELOKA , karena apa ? karena sangat mudah, proses cepat ,refund cepat. mantap",5,3.27.0,2023-02-24 07:21:35,"Hi Kak, senang banget nih dapat rating bagus dari Kakak, terima kasih juga atas feedbacknya! Kenyamanan Kakak adalah prioritas Kami, jika ada pertanyaan lainnya jangan sungkan ya untuk infokan pada kami di https://www.traveloka.com/contactus . Jangan sampai ketinggalan penawaran menarik lainnya di Traveloka Lifestye Super Apps.",2023-02-24 07:30:12,3.27.0
Caluk Caluk23,Tidak sesuai 👎!!!!!,1,,2023-02-24 07:03:45,"Hai, Caluk. Untuk membantu kami memahami kendala yang dialami, mohon bantuannya untuk menginformasikan detail kendala dan nomor pesanan (jika ada) melalui https://www.traveloka.com/contactus agar kami dapat membantu lebih lanjut. Terima kasih. -KK",2023-02-24 07:37:10,
Hany Cong,Traveloka....memang mantap sangat bagus rekomen buat temen2 .masalah apapun cepet tanpa lama beres pokoke sangat ok tq travloka 🙏🤩,5,3.72.0,2023-02-24 06:46:27,"Halo Kak, terima kasih banyak atas ratingnya, semoga Kakak tetap nyaman dan selau setia menjadi pelanggan Traveloka. Yuk Kak pantengin terus Traveloka Lifestyle Super App karna kami selalu berikan promo-promo yg menarik loooh, jangan sampai ketinggalan ya :)",2023-02-24 07:00:28,3.72.0
ferdi constantine,recommend,5,3.72.0,2023-02-24 06:25:31,"Hi, thank you very much for the positive review! Please feel free to contact us at https://www.traveloka.com/contactus we're more than happy to assist you and Stay tuned for more exciting offers on Traveloka Lifestyle Super App.",2023-02-24 06:30:09,3.72.0
fransiska emiliana,"Kok gak bisa d akses ya, mana saldo masih ada😩 curang ihhh",1,3.72.0,2023-02-24 06:09:34,"Hai, Fransiska. Mohon maaf atas ketidaknyamanannya. Untuk membantu kami memahami kendala kamu, mohon bantuannya untuk menyampaikan kendala kamu melalui https://www.traveloka.com/id-id/contactus agar kami dapat bantu cek lebih lanjut. Terima kasih. -SY",2023-02-24 06:33:39,3.72.0
tri hartono,oke sip,5,,2023-02-24 06:02:02,"Hi Kak, senang banget nih dapat rating bagus dari Kakak, terima kasih juga atas feedbacknya! Kenyamanan Kakak adalah prioritas Kami, jika ada pertanyaan lainnya jangan sungkan ya untuk infokan pada kami di https://www.traveloka.com/contactus . Jangan sampai ketinggalan penawaran menarik lainnya di Traveloka Lifestye Super Apps.",2023-02-24 06:30:14,
Ulal Mu'alifah,"Memberikan informasi penerbangan yang tidak akurat tanpa tanggung jawab dari pihak traveloka, cs yang lama banget responnya.",1,3.72.0,2023-02-24 05:42:25,"Halo, Kak Ulal. Mohon maaf atas ketidaknyamanannya. Kami sudah terima semua pesan kamu & kami menyesal sudah bikin kamu menunggu lama. Terkait keluhan kamu akan kami lanjutkan via pesan aplikasi yang sebelumnya kamu kirim ke kami ya. Silahkan cek kembali pesan aplikasi kamu. Terima kasih. -OE",2023-02-24 06:05:20,3.72.0
Andi DS,mantap,5,3.72.0,2023-02-24 04:29:11,"Halo, Andi. Terima kasih atas penilaiannya dan telah memilih Traveloka sebagai partner perjalanan kamu. Terima kasih. -SC",2023-02-24 04:31:48,3.72.0
Akhmad Labib,sangat mudah dan praktis untuk pesan tiket perjalanan dan hotel...,5,3.72.0,2023-02-24 04:25:44,"Halo Kak, terima kasih banyak atas ratingnya, semoga Kakak tetap nyaman dan selau setia menjadi pelanggan Traveloka. Yuk Kak pantengin terus Traveloka Lifestyle Super App karna kami selalu berikan promo-promo yg menarik loooh, jangan sampai ketinggalan ya :)",2023-02-24 04:30:10,3.72.0
Metro Jaya,Sangat membantu. semoga point nya tidak pake hangus... 😒,5,3.72.0,2023-02-24 04:16:46,"Hi Kak, senang banget nih dapat rating bagus dari Kakak, terima kasih juga atas feedbacknya! Kenyamanan Kakak adalah prioritas Kami, jika ada pertanyaan lainnya jangan sungkan ya untuk infokan pada kami di https://www.traveloka.com/contactus . Jangan sampai ketinggalan penawaran menarik lainnya di Traveloka Lifestye Super Apps.",2023-02-24 04:30:13,3.72.0
Billy Zenawi,"Pengguna setia travolaka dari tahun 2017 limit sudah sampai 10jtan, pas pandemi 2020 tidak pakai dlu hapus aplikasi, pas mau pakai langsung suruh daftar lagi, lah sekarang malah ga di acc.",1,3.72.0,2023-02-24 04:08:47,"Hai, Billy. Maaf banget ya buat kamu kecewa. Pada dasarnya untuk hasil dari pendaftaran PayLater merupakan kebijakan penuh dari tim analis PayLater Traveloka ya. Apabila ada hal lain yang ingin kamu tanyakan, silakan klik link https://www.traveloka.com/contactus. Kami akan berusaha untuk membantu kendala kamu. Terima kasih. -RF",2023-02-24 04:35:56,3.72.0
Feyrisha Tangdilintin,"habis update malah gabisa pesen hotel, limit paylater tiba tiba turun.",1,,2023-02-24 03:52:41,"Hai, Feyrisha. Mohon maaf atas ketidaknyamanannya. Untuk membantu kami memahami kendala kamu, mohon bantuannya untuk menyampaikan kendala kamu melalui https://www.traveloka.com/id-id/contactus agar kami dapat bantu cek lebih lanjut. Terima kasih. -SY",2023-02-24 04:05:17,
Samsu Sam,bagus banget,5,3.71.0,2023-02-24 03:23:46,"Halo Kak, terima kasih banyak atas ratingnya, semoga Kakak tetap nyaman dan selau setia menjadi pelanggan Traveloka. Yuk Kak pantengin terus Traveloka Lifestyle Super App karna kami selalu berikan promo-promo yg menarik loooh, jangan sampai ketinggalan ya :)",2023-02-24 03:30:11,3.71.0
AICE PROJECT,Okk,5,3.54.1,2023-02-24 02:42:52,"Hi, Kak Aice. Terima kasih sudah mempercayai Traveloka sebagai mitra perjalanan kakak, ya. -MY",2021-12-22 02:02:39,3.54.1
Al Fauzan,bnyakin kupon plis,5,3.72.0,2023-02-24 02:17:31,"Halo, Fauzan. Terima kasih atas penilaiannya dan telah memilih Traveloka sebagai partner perjalanan kamu. Terima kasih. -SC",2023-02-24 02:34:31,3.72.0
Marianus Hengki roy,Sangat memuaskan Dan muda .. mendapatkan tiket,5,,2023-02-24 01:54:53,"Halo Kak, terima kasih banyak atas ratingnya, semoga Kakak tetap nyaman dan selau setia menjadi pelanggan Traveloka. Yuk Kak pantengin terus Traveloka Lifestyle Super App karna kami selalu berikan promo-promo yg menarik loooh, jangan sampai ketinggalan ya :)",2023-02-24 02:00:17,
yumi apriandy,Udh diupr palah ga bs dibuka🤨,1,3.72.0,2023-02-24 01:25:22,"Hai, Yumi. Mohon maaf atas ketidaknyamanannya. Untuk membantu kami memahami kendala kamu, mohon bantuannya untuk menyampaikan kendala kamu beserta nomor pesanan kamu melalui https://www.traveloka.com/id-id/contactus agar kami dapat bantu cek lebih lanjut. Terima kasih. -SY",2023-02-24 01:37:26,3.72.0
RDP D43,Iklan pop up nya kya t#i,3,,2023-02-24 01:21:36,Halo Kak. Mohon maaf atas ketidaknyamanan yang kamu alami. Masukan dari kamu akan menjadi bahan pertimbangan bagi kami. Terima kasih. -SC,2023-02-24 01:32:35,
Tri Sanjaya,masih kurang murah lagi harga tiketx,4,3.72.0,2023-02-24 00:55:16,"Hai Tri. Maaf buat kamu tidak nyaman. Untuk harga tiket penerbangan atau transportasi lainnya yang tersedia di Traveloka bersifat fluktuatif atau bisa berubah sewaktu-waktu mengikuti update maskapai atau supplier. Agar lebih hemat, yuk cek promo Traveloka di link https://www.traveloka.com/id-id/promotion. Terima kasih. -RM",2023-02-24 01:03:07,3.72.0
Khairunnisa Hamid,sangat memuaskan,5,3.69.0,2023-02-24 00:31:29,"Halo Kak, terima kasih banyak atas ratingnya, semoga Kakak tetap nyaman dan selau setia menjadi pelanggan Traveloka. Yuk Kak pantengin terus Traveloka Lifestyle Super App karna kami selalu berikan promo-promo yg menarik loooh, jangan sampai ketinggalan ya :)",2023-02-24 01:00:12,3.69.0
Sari 701,bagus,5,3.72.0,2023-02-24 00:23:55,"Halo Kak, terima kasih banyak atas ratingnya, semoga Kakak tetap nyaman dan selau setia menjadi pelanggan Traveloka. Yuk Kak pantengin terus Traveloka Lifestyle Super App karna kami selalu berikan promo-promo yg menarik loooh, jangan sampai ketinggalan ya :)",2023-02-24 00:30:13,3.72.0
Wisnu Ryan,Sistem pembayaran dibatasin untuk BNI jadi pagi² gini gabisa mau bayar lewat BNI hadehh,1,3.72.0,2023-02-23 23:19:25,"Hai Kak Wisnu, maaf banget kendala pembayaran yang kamu alami. Kalau terkendala pembayaran pesanannya silakan infokan detailnya melalui https://www.traveloka.com/id-id/contactus supaya mimin bisa bantu Kak. Mimin sarankan kamu bisa memilih metode pembayaran lain yang tersedia supaya tidak terkendala pembayaran pesanan kamu Kak. Terima kasih -DZ",2023-02-23 23:37:52,3.72.0
Verodita El Fauzia,mntap,5,3.72.0,2023-02-23 23:08:44,"Halo Kak, terima kasih banyak atas ratingnya, semoga Kakak tetap nyaman dan selau setia menjadi pelanggan Traveloka. Yuk Kak pantengin terus Traveloka Lifestyle Super App karna kami selalu berikan promo-promo yg menarik loooh, jangan sampai ketinggalan ya :)",2023-02-23 23:30:11,3.72.0
Zack Sugara,simple & murah,4,3.72.0,2023-02-23 22:54:32,"Halo Kak, terima kasih banyak atas ratingnya, semoga Kakak tetap nyaman dan selau setia menjadi pelanggan Traveloka. Yuk Kak pantengin terus Traveloka Lifestyle Super App karna kami selalu berikan promo-promo yg menarik loooh, jangan sampai ketinggalan ya :)",2023-02-23 23:00:13,3.72.0
Yatno no,Good,5,,2023-02-23 19:02:17,"Hi, thank you very much for the positive review! Please feel free to contact us at https://www.traveloka.com/contactus we're more than happy to assist you and Stay tuned for more exciting offers on Traveloka Lifestyle Super App.",2023-02-23 19:30:11,
Aliando Nongka,terbaik 👍👍👍,5,3.72.0,2023-02-23 18:28:38,Makasih ya Kak Aliando sudah setia bersama Traveloka :)) -DZ,2023-02-23 18:31:43,3.72.0
Deni Irianto Malute,Terbaik,5,3.72.0,2023-02-23 16:47:21,"Terima kasih untuk rating yang kamu berikan Kak Deni, jangan lupa pesan di Traveloka dan gunakan promo yang sedang berlangsung ya Kak. Terima kasih. -AK",2023-02-23 17:01:43,3.72.0
Ricky adi,paylater nya mantaappp,5,3.72.0,2023-02-23 15:06:33,"Hai, Kak Ricky. Makasih atas apresiasinya. Mimin tunggu pesanan kamu ya. Semoga sehat selalu 😊 -RZ",2023-02-23 15:34:24,3.72.0
Pria Tangguh (Si Tangguh),"Bug min bug, tolong di tinjau saat milih metode pembayaran untuk paylater nya. Saya balas ya kak, internet saya lancar kak. Saya pake buat buka aplikasi e wallet aja aman jaya kak",2,3.72.0,2023-02-23 15:02:58,"Hai Kak, maaf atas kendala yang kamu alami. Pastikan jaringan kamu dan keadaan stabil dan aplikasi sudah dalam versi terbaru. Jika kamu masih mengalami kendala silakan hubungi kami melalui https://www.traveloka.com/id-id/contactus ya. Terima kasih. -NA",2023-02-22 03:33:31,3.72.0
Inggit aji,niceee,5,3.72.0,2023-02-23 15:01:24,"Hi, we are so grateful to get a lot of support from you. Hope you continue to enjoy our offers. If you have any feedback or suggestions, let us know on https://www.traveloka.com/contactus, our customer service would love to serve you in 24 hours. Thank you!",2023-02-23 15:30:13,3.72.0
Muhammad Khoirur Roziqin,bermanfaat sekali,5,3.56.1,2023-02-23 14:58:43,"Halo Kak, terima kasih banyak atas ratingnya, semoga Kakak tetap nyaman dan selau setia menjadi pelanggan Traveloka. Yuk Kak pantengin terus Traveloka Lifestyle Super App karna kami selalu berikan promo-promo yg menarik loooh, jangan sampai ketinggalan ya :)",2023-02-23 15:00:13,3.56.1
IDN Gunners,"halo ini traveloka lg eror atau apa ya??? saya mau bayar tagihan paylater tp sama sekali ga bisa masuk ke menu paylater... nanti ketika sudah jatuh tempo customerlah yg dikejar kejar agar segera bayar, pdhl aplikasi kalian yg tidak konsisten. ketika saya klik menu paylater selalu direspon ""INSTALLATION STOPPED"". Maksudnya apa ya??? pdhl jelas jelas saya sudah download aplikasinya dari playstore. mohon solusinya jika ingin tagihan paylater saya bayar",2,,2023-02-23 14:34:56,"Hai Kak, untuk dapat kami bantu cek pada sistem kami Kakak bisa menghubungi kami di akun IG PayLater Traveloka https://www.instagram.com/travelokapaylater/ ya. Makasih. -AK
",2023-02-23 15:02:27,
yully satria darma,oke,4,3.72.0,2023-02-23 13:49:20,"Halo, Yully. Terima kasih banyak atas ratingnya, semoga Kakak tetap nyaman dan selau setia menjadi pelanggan Traveloka. Yuk Kak pantengin terus Traveloka Lifestyle Super App karna kami selalu berikan promo-promo yg menarik loooh, jangan sampai ketinggalan ya :) -IN",2023-02-23 14:02:02,3.72.0
Epigodel Sirait,bagusss,5,3.72.0,2023-02-23 13:46:00,"Halo Kak, terima kasih banyak atas ratingnya, semoga Kakak tetap nyaman dan selau setia menjadi pelanggan Traveloka. Yuk Kak pantengin terus Traveloka Lifestyle Super App karna kami selalu berikan promo-promo yg menarik loooh, jangan sampai ketinggalan ya :)",2023-02-23 14:00:18,3.72.0
Aulia Aulia,Awal th saya beli tiket palu palangka raya.. dengan nominal 7.4jt untuk 2 tiket... ada pembatalan dr pihak maskapai.. yg salah pihak maskapai.. dan tiket di refound.. pengembalian dana slama 3bln.. di informasi cs traveloka dana kembali 7.2jt.. dan baru td cm di kembalikan 4.6jt aja.. sisanya kemana... aplikasi banyak korupsi.. jangan pakai aplikasi ini.. penipu.. aplikasi penipu..,1,3.72.0,2023-02-23 13:34:35,"Halo, Aulia. Kami meminta maaf atas ketidaknyamanan yang terjadi. Untuk membantu proses penyelesaian keluhan kamu, mohon bantuannya untuk menyampaikan kembali kendala beserta nomor pesanan melalui https://www.traveloka.com/contactus. Semoga layanan serta solusi yang kami sampaikan dapat meningkatkan kepuasan kamu terhadap kami. Terima kasih 🙏 -RU",2023-02-23 14:03:02,3.72.0
Neko Genno,Ok,5,3.72.0,2023-02-23 13:12:51,"Hi, thank you very much for the positive review! Please feel free to contact us at https://www.traveloka.com/contactus we're more than happy to assist you and Stay tuned for more exciting offers on Traveloka Lifestyle Super App.",2023-02-23 13:30:11,3.72.0
bambang herman,sistemnya cepat dan bagus,5,3.72.0,2023-02-23 12:54:32,"Halo Kak, terima kasih banyak atas ratingnya, semoga Kakak tetap nyaman dan selau setia menjadi pelanggan Traveloka. Yuk Kak pantengin terus Traveloka Lifestyle Super App karna kami selalu berikan promo-promo yg menarik loooh, jangan sampai ketinggalan ya :)",2023-02-23 13:00:10,3.72.0
Ferdi Afrida,sangat baik,5,3.72.0,2023-02-23 12:43:34,"Hi Kak, senang banget nih dapat rating bagus dari Kakak, terima kasih juga atas feedbacknya! Kenyamanan Kakak adalah prioritas Kami, jika ada pertanyaan lainnya jangan sungkan ya untuk infokan pada kami di https://www.traveloka.com/contactus . Jangan sampai ketinggalan penawaran menarik lainnya di Traveloka Lifestye Super Apps.",2023-02-23 13:00:14,3.72.0
NELSON Vietas,"the best traveloka,mantap",5,3.72.0,2023-02-23 12:02:05,"Halo Kak, terima kasih banyak atas ratingnya, semoga Kakak tetap nyaman dan selau setia menjadi pelanggan Traveloka. Yuk Kak pantengin terus Traveloka Lifestyle Super App karna kami selalu berikan promo-promo yg menarik loooh, jangan sampai ketinggalan ya :)",2023-02-23 12:30:09,3.72.0
Deni Herdiana,mantap sekali traveloka,5,3.72.0,2023-02-23 10:58:16,"Halo Kak, terima kasih banyak atas ratingnya, semoga Kakak tetap nyaman dan selau setia menjadi pelanggan Traveloka. Yuk Kak pantengin terus Traveloka Lifestyle Super App karna kami selalu berikan promo-promo yg menarik loooh, jangan sampai ketinggalan ya :)",2023-02-23 11:00:27,3.72.0
aliansyah hidayat,Knp ga bisa kirim data saya padahal udh bnr,3,3.72.0,2023-02-23 10:55:52,"Halo, Aliansyah. Mohon maaf atas kendala yang dialami. Saat ini, kami belum menemukan laporan kamu. Mohon bantuannya untuk menyampaikan kembali kendala yang dimaksud melalui https://www.traveloka.com/contactus agar kami dapat membantu lebih lanjut. Semoga bantuan dan layanan kami bisa meningkatkan kepuasan kamu. Terima kasih 🙏 -RU",2023-02-23 11:03:16,3.72.0
Rifqi Amrullah,Di dalam apk masih tersedia kursi nya tapi pas mau bayar malah di bilang sudah ada yang memilih kursi tersebut. Tolong di perbaiki lagi untuk masalah hal tsb,3,3.72.0,2023-02-23 10:46:15,"Halo, Kak Rifqi. Mohon maaf atas ketidaknyamanannya, untuk ketersedian kursi yang tertera di aplikasi Traveloka kamu merupakan update langsung dari pihak penyedia ya. Jika kamu masih memiliki kendala, bisa infokan detail kendala kamu melalui https://www.traveloka.com/id-id/contactus ya. Terima kasih. -PA",2023-02-23 11:04:34,3.72.0
Harun Salim,mmg untung...luar biasa,5,3.72.0,2023-02-23 09:15:21,"Hai, Kak Harun. Senang banget dapat bintang lima dari Kakak, terima kasih atas apresiasinya. Semoga pengalaman Kakak bersama Traveloka selalu menyenangkan :) -RU",2023-02-23 09:32:31,3.72.0
Lailatul Mubarokah,baik,5,3.72.0,2023-02-23 09:03:36,"Halo Kak, terima kasih banyak atas ratingnya, semoga Kakak tetap nyaman dan selau setia menjadi pelanggan Traveloka. Yuk Kak pantengin terus Traveloka Lifestyle Super App karna kami selalu berikan promo-promo yg menarik loooh, jangan sampai ketinggalan ya :)",2023-02-23 09:30:21,3.72.0
Boas Tripasetio,Ga bagus gausah di download,1,,2023-02-23 08:45:25,"Halo Boas. Jika ada pertanyaan atau kendala pada pesanan kamu di Traveloka, silakan menghubungi kami melalui https://www.traveloka.com/id-id/contactus. Terima kasih. -MZ",2023-02-23 09:02:36,
Kasijanto Witono,Mantap,5,3.72.0,2023-02-23 08:16:44,"Halo, Kasijanto. Senangnya dapat bintang lima dari kamu. Terima kasih untuk apresiasinya ya, semoga kamu tetap nyaman dan selalu setia menjadi pelanggan Traveloka. -SM",2023-02-23 08:31:42,3.72.0
Nur Siti Masrofijah,"Kenapa saya tidak bisa cek in online tiket pesawat di traveloka, dulu bisa",5,3.72.0,2023-02-23 08:12:23,"Halo Nur. Perihal kebijakan check-in online mengikuti masing-masing maskapai. Untuk pengecekan lebih lanjut, silakan menghubungi kami kembali melalui tautan https://www.traveloka.com/id-id/contactus. Terima kasih. -SC",2023-02-23 08:32:26,3.72.0
si talun,Ok,5,3.72.0,2023-02-23 08:04:50,"Hi, thank you very much for the positive review! Please feel free to contact us at https://www.traveloka.com/contactus we're more than happy to assist you and Stay tuned for more exciting offers on Traveloka Lifestyle Super App.",2023-02-23 08:30:32,3.72.0
Andison Bangka,Sangat membantu,5,,2023-02-23 07:58:25,"Halo Kak, terima kasih banyak atas ratingnya, semoga Kakak tetap nyaman dan selau setia menjadi pelanggan Traveloka. Yuk Kak pantengin terus Traveloka Lifestyle Super App karna kami selalu berikan promo-promo yg menarik loooh, jangan sampai ketinggalan ya :)",2023-02-23 08:00:24,
Yudi Alfian,good,5,3.72.0,2023-02-23 06:43:15,"Hi, we are so grateful to get a lot of support from you. Hope you continue to enjoy our offers. If you have any feedback or suggestions, let us know on https://www.traveloka.com/contactus, our customer service would love to serve you in 24 hours. Thank you!",2023-02-23 07:00:22,3.72.0
Maulana Yusuf,"Saya baru pertama kali download apk Traveloka,tapi kenapa saya dapet telpon karna ada tagihan yang harus dibayar di traveloka? Tolong penjelasanya min",1,3.72.0,2023-02-23 06:33:29,"Hai, Maulana. Mohon maaf atas pengalaman yang kamu alami. Untuk lakukan pengecekan lebih lanjut, kamu bisa infokan data akun Traveloka kamu dengan cara menghubungi kami melalui https://www.traveloka.com/contactus. Terima kasih.-TK",2023-02-23 07:03:09,3.72.0
anrizha putri,"sangat membantu,belum dapat bonus dan diskon yang bagus",4,3.72.0,2023-02-23 06:27:49,"Halo Kak, terima kasih banyak atas ratingnya, semoga Kakak tetap nyaman dan selau setia menjadi pelanggan Traveloka. Yuk Kak pantengin terus Traveloka Lifestyle Super App karna kami selalu berikan promo-promo yg menarik loooh, jangan sampai ketinggalan ya :)",2023-02-23 06:30:07,3.72.0
Uncu,bagus,4,3.72.0,2023-02-23 06:18:05,"Halo Kak, terima kasih banyak atas ratingnya, semoga Kakak tetap nyaman dan selau setia menjadi pelanggan Traveloka. Yuk Kak pantengin terus Traveloka Lifestyle Super App karna kami selalu berikan promo-promo yg menarik loooh, jangan sampai ketinggalan ya :)",2023-02-23 06:30:17,3.72.0
ARJU Media,dibatalkan sepihak oleh pihak lion air. dikira mainmain,1,3.72.0,2023-02-23 06:15:30,"Hai Arju, maaf ya sudah membuatmu kecewa terkait pembatalan penerbangan kamu, dipastikan untuk kenyamanan pengguna Traveloka, kami akan perbaiki & tingkatkan performa Traveloka. Silakan sampaikan detail kendala kamu melalui tautan ini ya Kak https://www.traveloka.com/id-id/contactus. Terima kasih. -NT",2023-02-23 06:34:58,3.72.0
Tarif Siregar,Mantap,5,,2023-02-23 05:49:55,Halo Tarif. Terima kasih atas penilaiannya. Kami tunggu transaksi kamu berikutnya. Terima kasih. -SC,2023-02-23 06:04:36,
Avid Triyadi,gampang dan cepat,5,3.72.0,2023-02-23 05:38:44,"Hi Kak, senang banget nih dapat rating bagus dari Kakak, terima kasih juga atas feedbacknya! Kenyamanan Kakak adalah prioritas Kami, jika ada pertanyaan lainnya jangan sungkan ya untuk infokan pada kami di https://www.traveloka.com/contactus . Jangan sampai ketinggalan penawaran menarik lainnya di Traveloka Lifestye Super Apps.",2023-02-23 06:00:15,3.72.0
Minggus Illu,Sangat membantu,4,3.53.0,2023-02-23 04:46:15,"Halo Kak, terima kasih banyak atas ratingnya, semoga Kakak tetap nyaman dan selau setia menjadi pelanggan Traveloka. Yuk Kak pantengin terus Traveloka Lifestyle Super App karna kami selalu berikan promo-promo yg menarik loooh, jangan sampai ketinggalan ya :)",2023-02-23 05:00:09,3.53.0
Umar Faruq,mantap,5,3.72.0,2023-02-23 04:42:12,"Halo Umar. Terima kasih atas penilaian kamu, hal ini sangat berarti bagi kami. Terima kasih. -SC",2023-02-23 05:04:16,3.72.0
Sarwono Wono,bagus,5,3.71.1,2023-02-23 04:20:29,"Halo Kak, terima kasih banyak atas ratingnya, semoga Kakak tetap nyaman dan selau setia menjadi pelanggan Traveloka. Yuk Kak pantengin terus Traveloka Lifestyle Super App karna kami selalu berikan promo-promo yg menarik loooh, jangan sampai ketinggalan ya :)",2023-02-23 04:30:10,3.71.1
Ujang Afandi,subhanallah mantap treveloka mudah pesen bis,5,3.72.0,2023-02-23 03:55:58,"Halo Kak, terima kasih banyak atas ratingnya, semoga Kakak tetap nyaman dan selau setia menjadi pelanggan Traveloka. Yuk Kak pantengin terus Traveloka Lifestyle Super App karna kami selalu berikan promo-promo yg menarik loooh, jangan sampai ketinggalan ya :)",2023-02-23 04:00:12,3.72.0
Agus Putra,mantap,5,3.72.0,2023-02-23 03:43:56,"Hai Agus, terima kasih sudah menggunakan Traveloka dan rating yang kamu berikan. Jika ada pertanyaan atau kendala yang bisa kami bantu, silakan hubungi kami melalui https://www.traveloka.com/id-id/contactus ya. Terima kasih. -NA",2023-02-23 04:04:17,3.72.0
Kurniadi Syahputra,sangat membantu sekali dan prosesnya tidak sulit.mantap terima kasih.,5,3.72.0,2023-02-23 02:32:23,"Halo Kak, terima kasih banyak atas ratingnya, semoga Kakak tetap nyaman dan selau setia menjadi pelanggan Traveloka. Yuk Kak pantengin terus Traveloka Lifestyle Super App karna kami selalu berikan promo-promo yg menarik loooh, jangan sampai ketinggalan ya :)",2023-02-23 03:00:10,3.72.0
Dwi Yuliantino,"Iya,,,, 1, ak v",3,3.72.0,2023-02-23 02:10:57,"Hai, Dwi. Kalau kamu memiliki kendala atau pertanyaan seputar Traveloka, mohon hubungi kami melalui tautan ini https://www.traveloka.com/id-id/contactus untuk dibantu cek lebih lanjut ya. Terima kasih 🙏 -WR",2023-02-23 02:38:49,3.72.0
Rusman Sofian,Udh dafter ke paylter kesalah dalam mengunggah 10 Kali gw Coba Lagi Tetap bgtu gk jelas,1,3.72.0,2023-02-23 01:55:03,Halo Kak Rusman. Maaf banget atas ketidaknyamanan yang kamu alami. Silakan menghubungi kami melalui https://www.traveloka.com/id-id/contactus untuk pengecekan lebih lanjut. Terima kasih. -MZ,2023-02-23 02:06:02,3.72.0
Arang Aan,Sangat Membantu Konsumen ... Bravo Traveloka...,5,3.72.0,2023-02-23 00:32:00,"Hi Kak, senang banget nih dapat rating bagus dari Kakak, terima kasih juga atas feedbacknya! Kenyamanan Kakak adalah prioritas Kami, jika ada pertanyaan lainnya jangan sungkan ya untuk infokan pada kami di https://www.traveloka.com/contactus . Jangan sampai ketinggalan penawaran menarik lainnya di Traveloka Lifestye Super Apps.",2023-02-23 01:00:17,3.72.0
Robbyy Mr,selalu dibutuhkan,4,3.72.0,2023-02-22 23:31:06,"Halo Kak, terima kasih banyak atas ratingnya, semoga Kakak tetap nyaman dan selau setia menjadi pelanggan Traveloka. Yuk Kak pantengin terus Traveloka Lifestyle Super App karna kami selalu berikan promo-promo yg menarik loooh, jangan sampai ketinggalan ya :)",2023-02-23 00:00:29,3.72.0
mardann anto,mantap puasss.,5,3.72.0,2023-02-22 23:20:13,"Halo Kak, terima kasih banyak atas ratingnya, semoga Kakak tetap nyaman dan selau setia menjadi pelanggan Traveloka. Yuk Kak pantengin terus Traveloka Lifestyle Super App karna kami selalu berikan promo-promo yg menarik loooh, jangan sampai ketinggalan ya :)",2023-02-22 23:30:11,3.72.0
Heronimus Robert,Berpergian jadi lbih gampang cari ticket pesawat walaupun sedang di hutan yg penting ada jaringan internet,4,3.72.0,2023-02-22 23:19:38,"Hi Kak, senang banget nih dapat rating bagus dari Kakak, terima kasih juga atas feedbacknya! Kenyamanan Kakak adalah prioritas Kami, jika ada pertanyaan lainnya jangan sungkan ya untuk infokan pada kami di https://www.traveloka.com/contactus . Jangan sampai ketinggalan penawaran menarik lainnya di Traveloka Lifestye Super Apps.",2023-02-22 23:30:14,3.72.0
Tyan Sudarso,jj7jj jugalah;J km t m ! UN JJ juga! jjjjj,1,3.59.0,2023-02-22 20:52:29,"Hai, Kak Tyan. Apabila kamu ada pertanyaan/keluhan seputar produk Traveloka, silakan menghubungi kami melalui https://www.traveloka.com/id-id/contactus. Makasih. -RZ",2023-02-22 21:02:00,3.59.0
Aris Setiawan,Hebat,5,3.72.0,2023-02-22 20:45:36,"Hai, Kak Aris. Makasih atas apresiasinya. Mimin tunggu pesanan kamu ya. Semoga sehat selalu 😊 -RZ",2023-02-22 21:03:33,3.72.0
Rifky Zulfa Masida,Kenapaa paylater nya gagal di gunankan terus. Dan splitpaynya juga tidak bisa di gunakan,1,3.72.0,2023-02-22 20:02:33,"Halo Rifky, mohon maaf ketidaknyamanan ini ya. Supaya bisa kami cek lebih lanjut, mohon infokan email dan nomor ponselnya, serta respon gagal tidak bisanya melalui tautan ini ya https://www.traveloka.com/id-id/contactus. Terima kasih. -OR",2023-02-22 20:32:19,3.72.0
Tetsu Te,"Proses refundnya mudah, CS nya sangat inisiatif walaupun diluar jam operasional, bahkan membantu proses refund saya yang terkendala... Mantap",5,,2023-02-22 16:05:34,"Hi Kak, senang banget nih dapat rating bagus dari Kakak, terima kasih juga atas feedbacknya! Kenyamanan Kakak adalah prioritas Kami, jika ada pertanyaan lainnya jangan sungkan ya untuk infokan pada kami di https://www.traveloka.com/contactus . Jangan sampai ketinggalan penawaran menarik lainnya di Traveloka Lifestye Super Apps.",2023-02-22 16:30:23,
iwan tan,Update terbaru kok makin jelek ya? Sudah tidak bisa check in online?,1,3.72.0,2023-02-22 15:51:49,"Halo Iwan, mohon maaf atas kejadian ini ya. Supaya bisa kami cek lebih lanjut, infokan nomor pesanannya melalui tautan ini ya https://www.traveloka.com/id-id/contactus. Terima kasih. -OR",2023-02-22 16:02:29,3.72.0
Mardanus Bayureee,"mudah penggunaannya, mantap",5,3.72.0,2023-02-22 15:37:01,"Hai, Kak Mardanus. Makasih atas apresiasinya. Mimin tunggu pesanan kamu ya Kak. Semoga sehat selalu 😊 -RZ",2023-02-22 16:02:16,3.72.0
Ade Ayu Fitriany,good,5,3.72.0,2023-02-22 14:53:53,"Hi, thank you very much for the positive review! Please feel free to contact us at https://www.traveloka.com/contactus we're more than happy to assist you and Stay tuned for more exciting offers on Traveloka Lifestyle Super App.",2023-02-22 15:00:14,3.72.0
Servin1997 Laode,puas,5,3.71.0,2023-02-22 14:14:56,"Hai kak, senangnya mendapat bintang lima dari kamu, terima kasih atas apresiasinya, semoga kaka tetap nyaman dan selau setia menjadi pelanggan Traveloka, yuk ka pantengin terus traveloka karna kami selalu berikan promo promo yg menarik loooh, jangan sampai ketinggalan ya. -DA",2023-02-22 14:42:35,3.71.0
muhammad mukman,baik,5,3.69.0,2023-02-22 13:35:27,"Halo Kak, terima kasih banyak atas ratingnya, semoga Kakak tetap nyaman dan selau setia menjadi pelanggan Traveloka. Yuk Kak pantengin terus Traveloka Lifestyle Super App karna kami selalu berikan promo-promo yg menarik loooh, jangan sampai ketinggalan ya :)",2023-02-22 14:00:17,3.69.0
Wijanardi,mudah dlm pemesanan dan mengakomodir semua transportasi umum,5,3.53.0,2023-02-22 13:26:43,"Halo Kak, terima kasih banyak atas ratingnya, semoga Kakak tetap nyaman dan selau setia menjadi pelanggan Traveloka. Yuk Kak pantengin terus Traveloka Lifestyle Super App karna kami selalu berikan promo-promo yg menarik loooh, jangan sampai ketinggalan ya :)",2023-02-22 13:30:10,3.53.0
sutik jaya saktiawan,"Nyesel pake aplikasi ini, Pesen kamar hotel kita suruh bayar saat cek in. Tpi di aplikasi minta jaminan, begitu sudah dibayar jaminannya juga ga balik. Akhirnya malah bayar dobel. Hati2 yg pake traveloka.",1,3.72.0,2023-02-22 12:23:44,"Hai, Sutik. Mohon maaf sudah membuatmu tidak nyaman. Jika pemesanan kamu adalah berlabel Pay Upon Check-in, maka jaminan akan kembali 6 hari setelah check-out. Untuk membantu kendala kamu, mohon hubungi kami melalui tautan ini https://www.traveloka.com/contactus. Terima kasih. -SM",2023-02-22 12:35:01,3.72.0
jietto 90,mantap,5,3.72.0,2023-02-22 12:22:58,"Hai Kak, yuhuuuy senangnya mendapat bintang lima dari kamu, Kenyamananmu adalah prioritas Kami. Apabila ada pertanyaan, silakan dapat mengirimkan email ke kami di cs@traveloka.com atau pesan inbox di aplikasi Traveloka ya. Terima kasih. -CA",2023-02-22 12:34:53,3.72.0
aseng affandi,semoga selalu memberikan pelayanan terbaik,5,3.56.1,2023-02-22 11:38:34,"Hi Kak, senang banget nih dapat rating bagus dari Kakak, terima kasih juga atas feedbacknya! Kenyamanan Kakak adalah prioritas Kami, jika ada pertanyaan lainnya jangan sungkan ya untuk infokan pada kami di https://www.traveloka.com/contactus . Jangan sampai ketinggalan penawaran menarik lainnya di Traveloka Lifestye Super Apps.",2023-02-22 12:00:18,3.56.1
Yusri Fikry,mudah cepat dan ringkas,5,3.72.0,2023-02-22 11:36:58,"Hai Yusri, yuhuuuy senangnya mendapat bintang lima dari kamu, Kenyamananmu adalah prioritas Kami. Apabila ada pertanyaan, silakan dapat mengirimkan email ke kami di cs@traveloka.com atau pesan inbox di aplikasi Traveloka ya. Terima kasih. -CA",2023-02-22 12:02:45,3.72.0
ragil effendy,cepat dan mudah,5,3.72.0,2023-02-22 10:27:29,"Halo Kak, terima kasih banyak atas ratingnya, semoga Kakak tetap nyaman dan selau setia menjadi pelanggan Traveloka. Yuk Kak pantengin terus Traveloka Lifestyle Super App karna kami selalu berikan promo-promo yg menarik loooh, jangan sampai ketinggalan ya :)",2023-02-22 10:30:10,3.72.0
Bayu indrian kurniawan Kurniawan,good,5,3.72.0,2023-02-22 10:19:42,"Hi, we are so grateful to get a lot of support from you. Hope you continue to enjoy our offers. If you have any feedback or suggestions, let us know on https://www.traveloka.com/contactus, our customer service would love to serve you in 24 hours. Thank you!",2023-02-22 10:30:12,3.72.0
Aghon Uar,mantap,5,3.72.0,2023-02-22 10:17:02,"Hai, Aghon. Terima kasih untuk review dan bintang 5 yang kamu berikan ya, mimin senang banget deh lihatnya hehehe. Sehat dan sukses selalu buat kamu serta keluarga. Mimin tunggu pesanan kamu selanjutnya :) -AM",2023-02-22 10:32:10,3.72.0
wawan darmawan,the best for traveller,5,3.71.1,2023-02-22 09:34:13,"Hi, we are so grateful to get a lot of support from you. Hope you continue to enjoy our offers. If you have any feedback or suggestions, let us know on https://www.traveloka.com/contactus, our customer service would love to serve you in 24 hours. Thank you!",2023-02-22 10:00:21,3.71.1
Ida Ningsi,Domino higss island,5,,2023-02-22 09:26:25,"Hi, we are so grateful to get a lot of support from you. Hope you continue to enjoy our offers. If you have any feedback or suggestions, let us know on https://www.traveloka.com/contactus, our customer service would love to serve you in 24 hours. Thank you!",2023-02-22 09:30:12,
Budi Irwanto,Tidak bisa mengajukan refund pada penerbangan yang di batalkan pihak maskapai. Dengan notice sedang mengalami gangguan sementara.,1,3.72.0,2023-02-22 07:58:03,"Hai, Budi. Mohon maaf untuk kendala yang kamu alami. Untuk membantu kendala kamu terkait pengajuan refund, mohon hubungi kami melalui tautan ini https://www.traveloka.com/contactus. Terima kasih. -SM",2023-02-22 08:02:03,3.72.0
rhon kar,oke banget,5,3.72.0,2023-02-22 07:18:49,"Hi Kak, senang banget nih dapat rating bagus dari Kakak, terima kasih juga atas feedbacknya! Kenyamanan Kakak adalah prioritas Kami, jika ada pertanyaan lainnya jangan sungkan ya untuk infokan pada kami di https://www.traveloka.com/contactus . Jangan sampai ketinggalan penawaran menarik lainnya di Traveloka Lifestye Super Apps.",2023-02-22 07:30:17,3.72.0
muhammad al-baqy,mantap,5,3.72.0,2023-02-22 07:16:58,Hai Al-Baqy. Makasih buat rating yang kamu berikan! Mimin tunggu pesanan kamu selanjutnya di Traveloka :) -RM,2023-02-22 07:37:52,3.72.0
Muhammad Sholeh,terima kasih,5,3.72.0,2023-02-22 07:14:52,"Hi Kak, terima kasih atas feedbacknya, semoga Kakak tetap setia dengan Traveloka. Jika ada pertanyaan lain bisa langsung infokan pada kami di https://www.traveloka.com/contactus ya, Kak. Pantau terus Traveloka Lifestyle Super App untuk penawaran spesial lainnya!",2023-02-22 07:30:20,3.72.0
Jat Miko,Pelayanannya Mantap sekali,5,3.72.0,2023-02-22 06:43:11,"Halo Kak, terima kasih banyak atas ratingnya, semoga Kakak tetap nyaman dan selau setia menjadi pelanggan Traveloka. Yuk Kak pantengin terus Traveloka Lifestyle Super App karna kami selalu berikan promo-promo yg menarik loooh, jangan sampai ketinggalan ya :)",2023-02-22 07:00:11,3.72.0
Eko Candra Wijaya,the best,5,3.71.1,2023-02-22 06:21:56,"Hi, thank you very much for the positive review! Please feel free to contact us at https://www.traveloka.com/contactus we're more than happy to assist you and Stay tuned for more exciting offers on Traveloka Lifestyle Super App.",2023-02-22 06:30:09,3.71.1
Fandi Melano,bagus..memudahkan sekali,5,3.72.0,2023-02-22 06:15:13,"Hi Kak, senang banget nih dapat rating bagus dari Kakak, terima kasih juga atas feedbacknya! Kenyamanan Kakak adalah prioritas Kami, jika ada pertanyaan lainnya jangan sungkan ya untuk infokan pada kami di https://www.traveloka.com/contactus . Jangan sampai ketinggalan penawaran menarik lainnya di Traveloka Lifestye Super Apps.",2023-02-22 06:30:13,3.72.0
Rakrian Sindhu,Tiket dibatalkan maskapai giliran refundvatau rescheduling aplikasi error melulu,2,3.72.0,2023-02-22 06:12:33,"Halo Rakrian, kami meminta maaf atas ketidaknyamanan yang terjadi. Untuk membantu proses penyelesaian keluhan Anda, mohon bantuannya untuk menyampaikan kendala beserta nomor pesanan melalui https://www.traveloka.com/id-id/contactus . Terima kasih. -DA",2023-02-22 06:33:49,3.72.0
Siti Sawitri,bagus,5,3.72.0,2023-02-22 06:12:23,"Hi Kak, terima kasih atas feedbacknya, semoga Kakak tetap setia dengan Traveloka. Jika ada pertanyaan lain bisa langsung infokan pada kami di https://www.traveloka.com/contactus ya, Kak. Pantau terus Traveloka Lifestyle Super App untuk penawaran spesial lainnya!",2023-02-22 06:30:17,3.72.0
Bang Cocain,Cara gabung jadi mitra at driver di traveloka gimna caranya,5,3.72.0,2023-02-22 05:33:49,"Hi Kak, senang banget nih dapat rating bagus dari Kakak, terima kasih juga atas feedbacknya! Kenyamanan Kakak adalah prioritas Kami, jika ada pertanyaan lainnya jangan sungkan ya untuk infokan pada kami di https://www.traveloka.com/contactus . Jangan sampai ketinggalan penawaran menarik lainnya di Traveloka Lifestye Super Apps.",2023-02-22 06:30:22,3.72.0
Okha Dachie,oke,5,3.53.0,2023-02-22 05:28:59,"Hai Okha, terima kasih atas feedbacknya, semoga kamu tetap setia dengan Traveloka. Jika ada pertanyaan bisa langsung infokan pada kami di https://www.traveloka.com/contactus ya Kak. Pantau terus Traveloka Lifestyle Super App untuk penawaran spesial lainnya! -AH",2023-02-22 05:31:26,3.53.0
Yani Doel,Top,5,3.72.0,2023-02-22 04:38:29,"Hi, thank you very much for the positive review! Please feel free to contact us at https://www.traveloka.com/contactus we're more than happy to assist you and Stay tuned for more exciting offers on Traveloka Lifestyle Super App.",2023-02-22 05:00:14,3.72.0
rusmini bayrus,sangat efisien ...pertahankan dan tingkatkan layanan,5,3.72.0,2023-02-22 04:36:38,"Hi Kak, senang banget nih dapat rating bagus dari Kakak, terima kasih juga atas feedbacknya! Kenyamanan Kakak adalah prioritas Kami, jika ada pertanyaan lainnya jangan sungkan ya untuk infokan pada kami di https://www.traveloka.com/contactus . Jangan sampai ketinggalan penawaran menarik lainnya di Traveloka Lifestye Super Apps.",2023-02-22 05:00:20,3.72.0
herman mulyauwan,good,5,3.42.1,2023-02-22 04:25:15,"Hi, thank you very much for the positive review! Please feel free to contact us at https://www.traveloka.com/contactus we're more than happy to assist you and Stay tuned for more exciting offers on Traveloka Lifestyle Super App.",2023-02-22 04:30:10,3.42.1
Bambang Hardiansyah HRD,tingkatkan pelayanann murahkan harga tiket,4,3.72.0,2023-02-22 04:21:36,"Hai, Bambang. Saran dari kamu sangat kami terima dengan baik. Saran dari pelanggan Traveloka tentunya menjadi perhatian dan fokus utama dari pihak manajemen Traveloka. Untuk ke depannya kami akan terus meningkatkan dalam memberikan pelayanan yang maksimal dan prima kepada pelanggan-pelanggan setia Traveloka. Terima kasih. -AM",2023-02-22 04:33:05,3.72.0
dwi wahyuni,pemesanan tiket pesawat cepat diproses,5,3.72.0,2023-02-22 04:04:01,"Hi Kak, senang banget nih dapat rating bagus dari Kakak, terima kasih juga atas feedbacknya! Kenyamanan Kakak adalah prioritas Kami, jika ada pertanyaan lainnya jangan sungkan ya untuk infokan pada kami di https://www.traveloka.com/contactus . Jangan sampai ketinggalan penawaran menarik lainnya di Traveloka Lifestye Super Apps.",2023-02-22 04:30:14,3.72.0
Dodik Gwb,gambar di updated min,5,3.72.0,2023-02-22 03:43:27,"Hai Kak Dodik, terima kasih atas sarannya. Traveloka akan berusaha lebih baik lagi untuk kenyamanan pelanggan. Jika ada kendala atau pertanyaan bisa menghubungi kami melalui https://www.traveloka.com/id-id/contactus ya. Terima kasih. -NA",2023-02-22 04:03:22,3.72.0
ALDHY HURINT,ok,5,3.72.0,2023-02-22 02:45:45,"Hi, thank you very much for the positive review! Please feel free to contact us at https://www.traveloka.com/contactus we're more than happy to assist you and Stay tuned for more exciting offers on Traveloka Lifestyle Super App.",2023-02-22 03:00:10,3.72.0
Musa Santoso,cepat tepat tak merepotkan,5,3.72.0,2023-02-22 02:41:09,"Hi Kak, senang banget nih dapat rating bagus dari Kakak, terima kasih juga atas feedbacknya! Kenyamanan Kakak adalah prioritas Kami, jika ada pertanyaan lainnya jangan sungkan ya untuk infokan pada kami di https://www.traveloka.com/contactus . Jangan sampai ketinggalan penawaran menarik lainnya di Traveloka Lifestye Super Apps.",2023-02-22 03:00:14,3.72.0
Lambert Koban,Inovasi yang bagus 👍,5,3.69.0,2023-02-22 02:23:46,"Hi Kak, senang banget nih dapat rating bagus dari Kakak, terima kasih juga atas feedbacknya! Kenyamanan Kakak adalah prioritas Kami, jika ada pertanyaan lainnya jangan sungkan ya untuk infokan pada kami di https://www.traveloka.com/contactus . Jangan sampai ketinggalan penawaran menarik lainnya di Traveloka Lifestye Super Apps.",2023-02-22 02:30:11,3.69.0
Nurul Aini. AMKeb,good,5,3.72.0,2023-02-22 02:09:38,Thank you for leaving a good comment to us. Let us know if you have any suggestion for improvement through https://www.traveloka.com/contactus . Stay around for more interesting offers from Traveloka Lifestyle Super App!,2023-02-22 02:30:14,3.72.0
ArdiMC83 Kondang,Berry good,5,3.70.0,2023-02-22 01:57:16,"Hi, thank you very much for the positive review! Please feel free to contact us at https://www.traveloka.com/contactus we're more than happy to assist you and Stay tuned for more exciting offers on Traveloka Lifestyle Super App.",2023-02-22 02:00:16,3.70.0
Bahar,banyak pilihan harga,5,3.72.0,2023-02-22 01:41:12,Hai Bahar. Senang deh dapat bintang 5 dari kamu. Terima kasih sudah menjadikan Traveloka sebagai pilihan pemesanan tiket perjalanan kamu :) -RM,2023-02-22 02:04:59,3.72.0
azuar anas,good,5,3.72.0,2023-02-22 01:36:49,"Hi, we are so grateful to get a lot of support from you. Hope you continue to enjoy our offers. If you have any feedback or suggestions, let us know on https://www.traveloka.com/contactus, our customer service would love to serve you in 24 hours. Thank you!",2023-02-22 02:00:19,3.72.0
rafizal rafizal,simple,5,3.72.0,2023-02-22 01:29:47,"Hi, thank you very much for the positive review! Please feel free to contact us at https://www.traveloka.com/contactus we're more than happy to assist you and Stay tuned for more exciting offers on Traveloka Lifestyle Super App.",2023-02-22 01:30:10,3.72.0
Alvin Farhandhika,Sangat Praktis dan Efisien,5,3.69.0,2023-02-22 01:23:25,"Hi Kak, senang banget nih dapat rating bagus dari Kakak, terima kasih juga atas feedbacknya! Kenyamanan Kakak adalah prioritas Kami, jika ada pertanyaan lainnya jangan sungkan ya untuk infokan pada kami di https://www.traveloka.com/contactus . Jangan sampai ketinggalan penawaran menarik lainnya di Traveloka Lifestye Super Apps.",2023-02-22 01:30:13,3.69.0
Raka Siwi j,ok,5,3.72.0,2023-02-22 01:17:45,Thank you for leaving a good comment to us. Let us know if you have any suggestion for improvement through https://www.traveloka.com/contactus . Stay around for more interesting offers from Traveloka Lifestyle Super App!,2023-02-22 01:30:16,3.72.0
yohan sebastian,mantab,5,3.71.1,2023-02-22 00:27:10,"Halo Kak, terima kasih banyak atas ratingnya, semoga Kakak tetap nyaman dan selau setia menjadi pelanggan Traveloka. Yuk Kak pantengin terus Traveloka Lifestyle Super App karna kami selalu berikan promo-promo yg menarik loooh, jangan sampai ketinggalan ya :)",2023-02-22 00:30:11,3.71.1
Antonius Wintoro,Baik,5,,2023-02-21 22:46:45,"Halo Kak, terima kasih banyak atas ratingnya, semoga Kakak tetap nyaman dan selau setia menjadi pelanggan Traveloka. Yuk Kak pantengin terus Traveloka Lifestyle Super App karna kami selalu berikan promo-promo yg menarik loooh, jangan sampai ketinggalan ya :)",2023-02-21 23:00:09,
AndI Sukarman,The Best Aplikasi,5,3.72.0,2023-02-21 22:43:48,"Hi Kak, senang banget nih dapat rating bagus dari Kakak, terima kasih juga atas feedbacknya! Kenyamanan Kakak adalah prioritas Kami, jika ada pertanyaan lainnya jangan sungkan ya untuk infokan pada kami di https://www.traveloka.com/contactus . Jangan sampai ketinggalan penawaran menarik lainnya di Traveloka Lifestye Super Apps.",2023-02-21 23:00:13,3.72.0
Lufi Aceh,mantap,5,3.72.0,2023-02-21 20:49:47,"Hai, Kak Lufi. Senang banget dapat bintang lima dari Kakak, terima kasih atas apresiasinya. Semoga pengalaman Kakak bersama Traveloka selalu menyenangkan :) -RU",2023-02-21 21:04:38,3.72.0
Mario h Kasjmir,Gak naik naik nih 😔,4,,2023-02-21 20:37:37,"Halo, Kak Mario. Maaf sekali telah membuat Kakak kecewa, mohon infokan kembali kendala Kakak melalui https://www.traveloka.com/contactus. Kami sangat ingin membantu menyelesaikan permasalahan Kakak. Terima kasih -RU
🙏 -RU",2023-02-21 21:03:07,
TiaraNanda Ayuni,sampe kapan limit paylater saya di gembok. alasannya hanya karna pembatasan covid. skrg aja covid udah berkurang. dan bahkan ekonomi sudah membaik. tapi masih aja di gembok. dengan alasan adanya covid. kalo bgtu kenapa gak menyeluruh aja. padahal gakpernah nunggak. dan gakpernah lewat dari japo. tiba tiba di kunci .. kecewa !,3,,2023-02-21 18:21:34,"Halo, Tiara. Mohon maaf atas kendala yang dialami. Mimin mau banget bantu cek kendala kamu, tapi mimin butuh email dan nomor telepon yang terhubung di akun PayLater kamu. Yuk segera hubungi mimin melalui https://www.traveloka.com/contactus. Mimin tunggu ya, terima kasih. -IN",2023-02-21 18:38:02,
Faisal Syahputra,ok,5,3.72.0,2023-02-21 18:19:12,"Hi, thank you very much for the positive review! Please feel free to contact us at https://www.traveloka.com/contactus we're more than happy to assist you and Stay tuned for more exciting offers on Traveloka Lifestyle Super App.",2023-02-21 18:30:12,3.72.0
Sporer Black,mantab,5,,2023-02-21 15:50:18,"Halo Kak, terima kasih banyak atas ratingnya, semoga Kakak tetap nyaman dan selau setia menjadi pelanggan Traveloka. Yuk Kak pantengin terus Traveloka Lifestyle Super App karna kami selalu berikan promo-promo yg menarik loooh, jangan sampai ketinggalan ya :)",2023-02-21 16:00:14,
arief nazar,oke,5,3.72.0,2023-02-21 15:17:52,"Hai, Kak Arief. Makasih atas apresiasinya. Mimin tunggu pesanan kamu ya. Semoga sehat selalu 😊 -RZ",2023-02-21 15:31:58,3.72.0
"Istian Rembonan, S.Pd.","Mengapa saya selalu dipersulit ketika daftar akun PayLater. Awalnya yang dipermasalahkan berkaitan dengan KTP yang tidak jelas. Saya disuruh reupload NPWP/BPJS tapi setelah saya upload, tetap tidak bisa. Muncul lagi tulisan ""Anda telah pernah mendaftar Paylater. Sebagai informasi, Anda tidak dapat memiliki dua akun Paylater"". Kalau begitu, silakan nonaktifkan aku saya yang satunya. Saya pelanggan setia booking tiket diaplikasi Traveloka tapi sangat dipersulit. Kecewa.....",1,,2023-02-21 15:13:36,"Halo, Istian. Mohon maaf atas ketidaknyamanan yang dialami. Saat ini, kami belum menemukan laporan kamu. Mohon bantuannya untuk menyampaikan kembali kendala yang dimaksud beserta data yang digunakan untuk mendaftar akun PayLater melalui https://www.traveloka.com/contactus agar kami dapat membantu kamu. Terima kasih 🙏 -RU",2023-02-21 15:33:35,
Ujang Syamsudin,sangat baik,5,3.72.0,2023-02-21 15:00:36,"Halo Kak, terima kasih banyak atas ratingnya, semoga Kakak tetap nyaman dan selau setia menjadi pelanggan Traveloka. Yuk Kak pantengin terus Traveloka Lifestyle Super App karna kami selalu berikan promo-promo yg menarik loooh, jangan sampai ketinggalan ya :)",2023-02-21 15:30:11,3.72.0
anggun xie,"aplikasi nya bagus, memudahkan kita untuk cari tiket dan tempat penginapan yang worth it",5,3.69.0,2023-02-21 14:25:47,"Halo Kak, terima kasih banyak atas ratingnya, semoga Kakak tetap nyaman dan selau setia menjadi pelanggan Traveloka. Yuk Kak pantengin terus Traveloka Lifestyle Super App karna kami selalu berikan promo-promo yg menarik loooh, jangan sampai ketinggalan ya :)",2023-02-21 14:30:11,3.69.0
Tobi atan,cepat,5,3.72.0,2023-02-21 14:14:17,"Hi Kak, senang banget nih dapat rating bagus dari Kakak, terima kasih juga atas feedbacknya! Kenyamanan Kakak adalah prioritas Kami, jika ada pertanyaan lainnya jangan sungkan ya untuk infokan pada kami di https://www.traveloka.com/contactus . Jangan sampai ketinggalan penawaran menarik lainnya di Traveloka Lifestye Super Apps.",2023-02-21 14:30:14,3.72.0
Ubudiyah Budi (Budi),ok,5,3.72.0,2023-02-21 14:13:28,Thank you for leaving a good comment to us. Let us know if you have any suggestion for improvement through https://www.traveloka.com/contactus . Stay around for more interesting offers from Traveloka Lifestyle Super App!,2023-02-21 14:30:17,3.72.0
Bromocorah Tua,Setelah di update Login pakai email malah masuk akun baru gak bisa ke akun lama pesanan dan saldo uangku status nya gak jelas skrg saya aangat dirugikan..!!,1,3.72.0,2023-02-21 14:11:19,"Hai, Kak. Mohon maaf atas pengalaman yang kamu alami. Pada dasarnya untuk mengakses saldo UANGKU atau pemesanan lama, mohon pastikan kamu log-in dengan akun yang benar. Silakan kamu coab log-in dengan nomor telepon terdaftar dahulu ya. untuk pengecekan lebih lanjut, kamu bisa hubungi kami melalui https://www.traveloka.com/contactus. Terima kasih-TK",2023-02-21 14:38:12,3.72.0
Istiqomah baru1997,ok cepat dan akurat,5,3.71.1,2023-02-21 14:00:42,"Halo Kak, terima kasih banyak atas ratingnya, semoga Kakak tetap nyaman dan selau setia menjadi pelanggan Traveloka. Yuk Kak pantengin terus Traveloka Lifestyle Super App karna kami selalu berikan promo-promo yg menarik loooh, jangan sampai ketinggalan ya :)",2023-02-21 14:30:20,3.71.1
Muhammad Afifudin,bagus,4,3.72.0,2023-02-21 13:49:17,"Hi Kak, senang banget nih dapat rating bagus dari Kakak, terima kasih juga atas feedbacknya! Kenyamanan Kakak adalah prioritas Kami, jika ada pertanyaan lainnya jangan sungkan ya untuk infokan pada kami di https://www.traveloka.com/contactus . Jangan sampai ketinggalan penawaran menarik lainnya di Traveloka Lifestye Super Apps.",2023-02-21 14:00:17,3.72.0
Agus Fahmi,ok,5,3.72.0,2023-02-21 13:11:22,"Hi, thank you very much for the positive review! Please feel free to contact us at https://www.traveloka.com/contactus we're more than happy to assist you and Stay tuned for more exciting offers on Traveloka Lifestyle Super App.",2023-02-21 13:30:10,3.72.0
Miftachul Jannah,oke,5,3.72.0,2023-02-21 13:10:18,"Terima kasih untuk rating yang kamu berikan Kak Miftachul, mimin tunggu pemesanan kamu di Traveloka dan nikmati juga promo yang sedang berlangsung di landing page promo Traveloka ya Kak. Terima kasih. -AK",2023-02-21 15:41:22,3.72.0
Elisa Fitri,cepat pelayanan,5,3.71.1,2023-02-21 12:57:37,"Halo Kak, terima kasih banyak atas ratingnya, semoga Kakak tetap nyaman dan selau setia menjadi pelanggan Traveloka. Yuk Kak pantengin terus Traveloka Lifestyle Super App karna kami selalu berikan promo-promo yg menarik loooh, jangan sampai ketinggalan ya :)",2023-02-21 13:00:17,3.71.1
Cici Ultari,"Pakai traveloka spaylater mudah, telat 1 hari doang limit nggak bisa dipake lagi, padahal limitny naik terus. Huhu jd males transaksi!",3,,2023-02-21 12:40:22,"Hai Cici. Maaf atas ketidaknyamanan yang kamu alami. Biar mimin bisa bantu cek, boleh infokan alamat email kamu yang terdaftar PayLater melalui pesan aplikasi Traveloka atau email ke cs@traveloka.com agar dapat kami cek lebih lanjut. Ditunggu, terima kasih. -KA",2023-02-21 13:03:33,
Hendri Supriatna,susah mengaktifkan virtual number,3,3.72.0,2023-02-21 12:27:53,"Hai, Hendri. Terima kasih atas penilaian kamu ya. Jika kamu memiliki pertanyaan lebih lanjut, silakan menghubungi kami melalui https://www.traveloka.com/contactus. Terima kasih.-TK",2023-02-21 12:32:23,3.72.0
Rades madinah,sepertinya ini bagus...lg verifikasi,5,3.72.0,2023-02-21 11:41:56,"Halo Kak, terima kasih banyak atas ratingnya, semoga Kakak tetap nyaman dan selau setia menjadi pelanggan Traveloka. Yuk Kak pantengin terus Traveloka Lifestyle Super App karna kami selalu berikan promo-promo yg menarik loooh, jangan sampai ketinggalan ya :)",2023-02-21 12:00:13,3.72.0
totoro gibli,"Berdasarkan saran dari ortu katanya coba pakai Traveloka, ternyata memang membantu bgt buat aku yang pengen pulkam pas libur kuliah, apalagi pernah pas dpt kejadian pembatalan maskapai, semuanya bener2 dimudahkan. The Best mah Traveloka, semoga tetap menjadi aplikasi travel terpercaya (⁠✯⁠ᴗ⁠✯⁠)",5,3.71.1,2023-02-21 11:24:46,"Halo Kak, terima kasih banyak atas ratingnya, semoga Kakak tetap nyaman dan selau setia menjadi pelanggan Traveloka. Yuk Kak pantengin terus Traveloka Lifestyle Super App karna kami selalu berikan promo-promo yg menarik loooh, jangan sampai ketinggalan ya :)",2023-02-21 11:30:15,3.71.1
Sulfadli,mantap traveloka.. semoga jaya selalu,5,3.72.0,2023-02-21 11:21:07,"Hi Kak, senang banget nih dapat rating bagus dari Kakak, terima kasih juga atas feedbacknya! Kenyamanan Kakak adalah prioritas Kami, jika ada pertanyaan lainnya jangan sungkan ya untuk infokan pada kami di https://www.traveloka.com/contactus . Jangan sampai ketinggalan penawaran menarik lainnya di Traveloka Lifestye Super Apps.",2023-02-21 11:30:18,3.72.0
agung pradana (RalinkaTourTravel),nice,5,3.72.0,2023-02-21 10:30:22,"Hi, thank you very much for the positive review! Please feel free to contact us at https://www.traveloka.com/contactus we're more than happy to assist you and Stay tuned for more exciting offers on Traveloka Lifestyle Super App.",2023-02-21 11:00:12,3.72.0
Raja Huta Hasibuan,"Aplikasi bukan nya mempermudah malah mempersulit, di booking jauh2 hari pass tiba di lokasi malah full, aku mau wisuda besok nya orang tua udh di jalan pula kirain pass org tua nyampe langsung istrahat gitu dari pejalnan jauh, ini malah di bikin ribet sama aplikasinya",1,3.72.0,2023-02-21 10:02:26,Hai Raja. Sebelumnya mohon maaf atas kendala yang kamu alami ya Kak. Supaya kami bisa mengetahui dan menangani kendala kamu. Mohon bantu infokan nomor pesanan Traveloka kamu di https://www.traveloka.com/id-id/contactus ya Kak. Terima kasih. -KK,2023-02-21 10:32:37,3.72.0
Andre Mahesya Y,semoga sukses,5,3.72.0,2023-02-21 09:42:28,"Halo Kak, terima kasih banyak atas ratingnya, semoga Kakak tetap nyaman dan selau setia menjadi pelanggan Traveloka. Yuk Kak pantengin terus Traveloka Lifestyle Super App karna kami selalu berikan promo-promo yg menarik loooh, jangan sampai ketinggalan ya :)",2023-02-21 10:00:13,3.72.0
Irfan Efendi,Aaa,2,3.67.0,2023-02-21 09:27:00,"Hai, Irfan. Mohon atas pengalaman yang kamu alami. Jika saat ini kamu ada kendala atas pemesanan atau penggunaan aplikasi Traveloka, kamu bisa menghubungi kami melalui https://www.traveloka.com/contactus. Terima kasih.-TK",2023-02-21 09:32:53,3.67.0
Forestio Asri,"Gk bisa bicara dengan costumer service secara langsung, semua via bot, jelek pelayanan bot lambat, telpon CS jg yang jawab bot, sampah, ngabisin pulsa aja, auto ganti ke aplikasi lain yang bisa ngomong langsung sama CS",1,3.71.1,2023-02-21 07:55:27,"Hai Forestio. Maaf sudah buat kamu tidak nyaman. Untuk dapat memahami kendala kamu, mohon dapat menghubungi kami melalui link https://www.traveloka.com/id-id/contactus. Terima kasih. -RM",2023-02-21 08:05:30,3.71.1
Merytes Floja,PX trveloka bagus .lncar pmbyrn jg .Poko e bagus,4,3.72.0,2023-02-21 07:45:13,"Halo Kak, terima kasih banyak atas ratingnya, semoga Kakak tetap nyaman dan selau setia menjadi pelanggan Traveloka. Yuk Kak pantengin terus Traveloka Lifestyle Super App karna kami selalu berikan promo-promo yg menarik loooh, jangan sampai ketinggalan ya :)",2023-02-21 08:00:15,3.72.0
Santo Bachtiar,"Kenapa ya habis update kok virtual number di traveloka payleter malah ga bisa di pake,,padahal kan saya baru naek limit sudah di level 3...masa malah ga bisa dipake sii",3,3.72.0,2023-02-21 07:29:33,"Hai Santo, maaf ya atas kendalanya. Untuk penggunaan Limit Virtual Number diberikan waktu 15 menit ya, pastikan kamu tidak melebihi batas waktu penggunaannya. Apabila ada pertanyaan lain, kamu bisa hubungi kami di pesan inbox aplikasi Traveloka ataupun email dan Instagram Traveloka PayLater di https://www.instagram.com/travelokapaylater/ ya. -CA",2023-02-21 07:35:02,3.72.0
Hendrikus Lating,Mantap,5,3.35.0,2023-02-21 06:38:11,"Hai kak, senangnya mendapat bintang lima dari kamu, terima kasih atas apresiasinya, semoga kaka tetap nyaman dan selau setia menjadi pelanggan Traveloka, yuk ka pantengin terus traveloka karna kami selalu berikan promo promo yg menarik loooh, jangan sampai ketinggalan ya. -DA",2023-02-21 07:04:49,3.35.0
Chandra On,mantap,5,3.72.0,2023-02-21 06:20:31,"Hai kak, senangnya mendapat bintang lima dari kamu, terima kasih atas apresiasinya, semoga kaka tetap nyaman dan selau setia menjadi pelanggan Traveloka, yuk ka pantengin terus traveloka karna kami selalu berikan promo promo yg menarik loooh, jangan sampai ketinggalan ya. -DA",2023-02-21 06:31:16,3.72.0
Josanda 13,"Perbaiki sistem pemilihan tempat dulu... Sebelum bayar saya pilih tempat duduk yang masih kosong setelah pilih pas mau bayar dari sistemnya bilang ""maaf ada kursi anda yang sudah diisi penumpang lain"" Saya coba sampai 4x pilih kursi yang masih kosong tetap kayak gini juga.... TOLONG atur ulang sistem otomatis yang menunjukkan kursi kursi yang sudah dipilih sama yang belum dipilih",1,3.72.0,2023-02-21 05:27:50,"Halo Josanda. Mohon maaf atas ketidaknyamanan yang kamu alami. Untuk pengecekan lebih lanjut terkait kendala kamu, silakan menghubungi kami melalui https://www.traveloka.com/id-id/contactus. Terima kasih. -MZ",2023-02-21 05:34:40,3.72.0
Dyman Maros,Knp sekarang traveloka gak bisa check in pesawat...,1,3.69.0,2023-02-21 05:01:27,"Halo Dyman. Terkait kendala kamu, silakan menghubungi kami melalui https://www.traveloka.com/id-id/contactus untuk pengecekan lebih lanjut ya. Terima kasih. -MZ",2023-02-21 05:32:04,3.69.0
Nunit Tok,suka pakai traveloka,5,3.72.0,2023-02-21 05:00:24,"Halo Kak, terima kasih banyak atas ratingnya, semoga Kakak tetap nyaman dan selau setia menjadi pelanggan Traveloka. Yuk Kak pantengin terus Traveloka Lifestyle Super App karna kami selalu berikan promo-promo yg menarik loooh, jangan sampai ketinggalan ya :)",2023-02-21 05:30:11,3.72.0
Sinar Terang,sejak dulu saya sudah pakai Traveloka... pokoknya best lah...,5,3.72.0,2023-02-21 04:48:48,"Halo Kak, terima kasih banyak atas ratingnya, semoga Kakak tetap nyaman dan selau setia menjadi pelanggan Traveloka. Yuk Kak pantengin terus Traveloka Lifestyle Super App karna kami selalu berikan promo-promo yg menarik loooh, jangan sampai ketinggalan ya :)",2023-02-21 05:00:10,3.72.0
Shofiya azizatul Falah,kwren,1,3.59.0,2023-02-21 04:17:41,"Halo Shofiya, jika ada pertanyaan atau kendala pada pesanan akmu di Traveloka, silakan menghubungi kami melalui https://www.traveloka.com/id-id/contactus. Terima kasih. -MZ",2023-02-21 04:34:36,3.59.0
Agoes Siswadi,sangat mudah menggunakan aplikasi ini,5,3.72.0,2023-02-21 04:04:17,"Halo Kak, terima kasih banyak atas ratingnya, semoga Kakak tetap nyaman dan selau setia menjadi pelanggan Traveloka. Yuk Kak pantengin terus Traveloka Lifestyle Super App karna kami selalu berikan promo-promo yg menarik loooh, jangan sampai ketinggalan ya :)",2023-02-21 04:30:11,3.72.0
Zaki Mubarok,Baik,4,3.72.0,2023-02-21 03:35:05,"Halo Kak, terima kasih banyak atas ratingnya, semoga Kakak tetap nyaman dan selau setia menjadi pelanggan Traveloka. Yuk Kak pantengin terus Traveloka Lifestyle Super App karna kami selalu berikan promo-promo yg menarik loooh, jangan sampai ketinggalan ya :)",2023-02-21 04:00:10,3.72.0
Ramadhan Zebua,"Admin Traveloka, tolong dong tiket saya jangan reschedule terus ini sudah 2 kali reschedule saya harus berangkat sesuai tiket yg sudah ada. Mohon solusinya 🙏",3,3.72.0,2023-02-21 03:26:19,"Hai Ramadhan, pada dasarnya untuk perubahan dan pembatalan jadwal penerbangan merupakan otoritas penuh dari pihak maskapai yang kamu gunakan, untuk dapat kami bantu cek mohon informasikan nomor pesanan kamu melalui email kami di cs@traveloka.com Terima kasih. -AK",2023-02-20 13:32:43,3.72.0
Gatot Kaca,Update mulu,4,3.71.1,2023-02-21 01:51:07,"Halo Kak. Mohon maaf buat kamu tidak nyaman. Terkait update aplikasi Traveloka berguna untuk meningkatkan kualitas dan layanan Traveloka ya. Jika ada pertanyaan lebih lanjut, silakan menghubungi kami melalui https://www.traveloka.com/id-id/contactus. Terima kasih. -MZ",2023-02-21 02:05:23,3.71.1
Irfan prasetyo,bagus,5,3.72.0,2023-02-21 01:31:56,"Halo Kak, terima kasih banyak atas ratingnya, semoga Kakak tetap nyaman dan selau setia menjadi pelanggan Traveloka. Yuk Kak pantengin terus Traveloka Lifestyle Super App karna kami selalu berikan promo-promo yg menarik loooh, jangan sampai ketinggalan ya :)",2023-02-21 02:00:26,3.72.0
Farel Alsamdra26,"Seharusnya pihak traveloka mensurvei tempat/hotel yang dicurigai hotel fiktif/penipuan,saya boking d aplikasi traveloka dan ditipu oleh penginapan...padahal penginapan tersebut tidak ada...kembalikan uang saya",1,,2023-02-21 01:08:47,"Halo Farel. Maaf banget buat kamu gak nyaman. Terkait kendala kamu, silakan menghubungi kami melalui https://www.traveloka.com/id-id/contactus. Terima kasih. -MZ",2023-02-21 01:32:55,
Wiji Anto,terimakasih traveloka,5,3.56.1,2023-02-21 01:02:00,"Hi Kak, senang banget nih dapat rating bagus dari Kakak, terima kasih juga atas feedbacknya! Kenyamanan Kakak adalah prioritas Kami, jika ada pertanyaan lainnya jangan sungkan ya untuk infokan pada kami di https://www.traveloka.com/contactus . Jangan sampai ketinggalan penawaran menarik lainnya di Traveloka Lifestye Super Apps.",2023-02-21 01:30:13,3.56.1
Budi Marzuki,okey banget,5,3.72.0,2023-02-21 00:36:08,Hai Budi. Makasih buat rating yang kamu berikan ya! Mimin tunggu pesanan kamu selanjutnya di Traveloka :) -RM,2023-02-21 01:02:03,3.72.0
cMauL Lana,mending info boking penginapan gk jelas di hapus... merugikan,1,3.71.1,2023-02-20 23:41:45,"Hai, Maul. Maaf banget ya udah buat kamu kecewa. Boleh dibantu infoin detail kendala kamu yang terjadi tersebut terkait penginapan hotel melalui link https://www.traveloka.com/contactus ya. Kami akan berusaha untuk membantu kendala kamu. Terima kasih. -RF",2023-02-21 00:05:28,3.71.1
Muhammad Churcil,Josss,5,3.71.1,2023-02-20 23:25:12,"Halo, Churcil. Terima kasih banyak atas ratingnya, semoga Kakak tetap nyaman dan selau setia menjadi pelanggan Traveloka. Yuk Kak pantengin terus Traveloka Lifestyle Super App karna kami selalu berikan promo-promo yg menarik loooh, jangan sampai ketinggalan ya :) -IN",2023-02-20 23:34:25,3.71.1
Tri Astuti,good,5,3.72.0,2023-02-20 23:10:37,"Hi, thank you very much for the positive review! Please feel free to contact us at https://www.traveloka.com/contactus we're more than happy to assist you and Stay tuned for more exciting offers on Traveloka Lifestyle Super App.",2023-02-20 23:30:10,3.72.0
Mode Upgrade,Aplikasi tidak update mengenai hotel yg sudah tidak bekerjasama lagi,1,3.71.1,2023-02-20 20:41:48,"Hai Kak, maaf sudah membuat kamu tidak nyaman. Terkait kendala yang kamu alami mohon infokan nomor pesanan kamu melalui link https://www.traveloka.com/id-id/contactus untuk pengecekan lebih lanjut Kak. Terima kasih. -AH",2023-02-20 21:03:58,3.71.1
Rudi Riawan,sangat membantu sekali,5,3.52.0,2023-02-20 19:49:14,"Halo Kak, terima kasih banyak atas ratingnya, semoga Kakak tetap nyaman dan selau setia menjadi pelanggan Traveloka. Yuk Kak pantengin terus Traveloka Lifestyle Super App karna kami selalu berikan promo-promo yg menarik loooh, jangan sampai ketinggalan ya :)",2023-02-20 20:00:23,3.52.0
Andry Jusny,"bertahun tahun menggunakan aplikasi ini,intensitas berpergian cukup tinggi, anda salah dalam pemesanan nama fatal akibatnya dan diarahkan ke refund ,refund juga potongan nya juga seenaknya saja, semua yg di janji aplikasi nya bohong belaka,berpikir kembali lah jika menggunakan aplikasi ini.",1,3.72.0,2023-02-20 16:39:50,"Hai, Andry. Mohon maaf atas ketidaknyamanannya. Apabila kamu mengalami kendala refund pesanan, mohon diinfokan nomor pesanan Traveloka kamu melalui email di cs@traveloka.com. Nantinya kami akan lakukan pengecekan lebih lanjut. Terima kasih. -IN",2023-02-20 17:03:54,3.72.0
Nurasan Asan,mantap,5,3.71.1,2023-02-20 16:39:35,"Hai Nurasan, terima kasih atas feedbacknya, semoga kamu tetap setia dengan Traveloka. Jika ada pertanyaan bisa langsung infokan pada kami di https://www.traveloka.com/contactus ya Kak. Pantau terus Traveloka Lifestyle Super App untuk penawaran spesial lainnya! -AH",2023-02-20 17:08:27,3.71.1
Inawati Suprapto,mudah cepat terpercaya,5,3.72.0,2023-02-20 16:04:47,"Halo Kak, terima kasih banyak atas ratingnya, semoga Kakak tetap nyaman dan selau setia menjadi pelanggan Traveloka. Yuk Kak pantengin terus Traveloka Lifestyle Super App karna kami selalu berikan promo-promo yg menarik loooh, jangan sampai ketinggalan ya :)",2023-02-20 16:30:10,3.72.0
Nurdiyanto ST,proses cepat,5,3.71.0,2023-02-20 15:22:24,"Halo Kak, terima kasih banyak atas ratingnya, semoga Kakak tetap nyaman dan selau setia menjadi pelanggan Traveloka. Yuk Kak pantengin terus Traveloka Lifestyle Super App karna kami selalu berikan promo-promo yg menarik loooh, jangan sampai ketinggalan ya :)",2023-02-20 15:30:08,3.71.0
dyah purnasari,ok,5,3.72.0,2023-02-20 15:10:21,"Hi, we are so grateful to get a lot of support from you. Hope you continue to enjoy our offers. If you have any feedback or suggestions, let us know on https://www.traveloka.com/contactus, our customer service would love to serve you in 24 hours. Thank you!",2023-02-20 15:30:11,3.72.0
Fahrur Rosi,ok sipp memuaskan,3,3.69.0,2023-02-20 15:02:26,"Halo, Fahrur. Terima kasih banyak atas ratingnya, semoga Kakak tetap nyaman dan selau setia menjadi pelanggan Traveloka. Yuk Kak pantengin terus Traveloka Lifestyle Super App karna kami selalu berikan promo-promo yg menarik loooh, jangan sampai ketinggalan ya :) -IN",2023-02-20 15:31:43,3.69.0
Angga Ra,bagus,5,3.72.0,2023-02-20 14:43:50,"Hi Kak, senang banget nih dapat rating bagus dari Kakak, terima kasih juga atas feedbacknya! Kenyamanan Kakak adalah prioritas Kami, jika ada pertanyaan lainnya jangan sungkan ya untuk infokan pada kami di https://www.traveloka.com/contactus . Jangan sampai ketinggalan penawaran menarik lainnya di Traveloka Lifestye Super Apps.",2023-02-20 15:00:12,3.72.0
Yulianti Hendarto,cepat terpercaya,5,3.72.0,2023-02-20 14:08:48,"Hi Kak, senang banget nih dapat rating bagus dari Kakak, terima kasih juga atas feedbacknya! Kenyamanan Kakak adalah prioritas Kami, jika ada pertanyaan lainnya jangan sungkan ya untuk infokan pada kami di https://www.traveloka.com/contactus . Jangan sampai ketinggalan penawaran menarik lainnya di Traveloka Lifestye Super Apps.",2023-02-20 14:30:16,3.72.0
Abdul Rahman H,"sy telah menggunakan traveloka lebih dari 10 tahun... sangat baik. pernah batal berangkat... langsung refund. proses tdk rumit... malah dapat bonus voecher hotel. traveloka memang hebat... playanan juga ok... tiada duanya,,,,",5,3.72.0,2023-02-20 13:50:54,"Halo Kak, terima kasih banyak atas ratingnya, semoga Kakak tetap nyaman dan selau setia menjadi pelanggan Traveloka. Yuk Kak pantengin terus Traveloka Lifestyle Super App karna kami selalu berikan promo-promo yg menarik loooh, jangan sampai ketinggalan ya :)",2023-02-20 14:00:15,3.72.0
archan iman,suka,5,3.72.0,2023-02-20 13:47:47,"Hai kak, senangnya mendapat bintang lima dari kamu, terima kasih atas apresiasinya, semoga kaka tetap nyaman dan selau setia menjadi pelanggan Traveloka, yuk ka pantengin terus traveloka karna kami selalu berikan promo promo yg menarik loooh, jangan sampai ketinggalan ya. -DA",2023-02-20 14:02:16,3.72.0
hefi haniefan,mantap,5,3.72.0,2023-02-20 13:40:41,"Hai kak, senangnya mendapat bintang lima dari kamu, terima kasih atas apresiasinya, semoga kaka tetap nyaman dan selau setia menjadi pelanggan Traveloka, yuk ka pantengin terus traveloka karna kami selalu berikan promo promo yg menarik loooh, jangan sampai ketinggalan ya. -DA",2023-02-20 14:01:09,3.72.0
saiful bahri,mantap transaksinya cepat,5,3.72.0,2023-02-20 13:12:55,"Halo Kak, terima kasih banyak atas ratingnya, semoga Kakak tetap nyaman dan selau setia menjadi pelanggan Traveloka. Yuk Kak pantengin terus Traveloka Lifestyle Super App karna kami selalu berikan promo-promo yg menarik loooh, jangan sampai ketinggalan ya :)",2023-02-20 13:30:08,3.72.0
Luqman Hanif,"Saya mengajukan refund pesanan hotel 17 Februari 2023 sudah di proses, dan mendapat tindak lanjut, costumer service ramah, membantu proses refund yg gagal tercatat. Baik sekali",5,3.72.0,2023-02-20 12:30:56,"Hai, Kak. Mohon maaf atas ketidaknyamanan yang kamu alami. Untuk membantu kami memahami kendala kamu, mohon infokan nomor pemesanan Traveloka kamu via link ini https://www.traveloka.com/id-id/contactus ya. Terima kasih. -PA",2023-02-16 08:34:14,3.72.0
Farry,Mantap memudahkan kehidupan,5,3.69.1,2023-02-20 12:01:31,Makasih ya Kak Farry sudah setia bersama Traveloka :)),2023-02-20 12:36:13,3.69.1
Nuratika Nuratika,baik,5,3.72.0,2023-02-20 11:45:48,"Halo Kak, terima kasih banyak atas ratingnya, semoga Kakak tetap nyaman dan selau setia menjadi pelanggan Traveloka. Yuk Kak pantengin terus Traveloka Lifestyle Super App karna kami selalu berikan promo-promo yg menarik loooh, jangan sampai ketinggalan ya :)",2023-02-20 12:00:10,3.72.0
ezan megry,terbaik,5,3.72.0,2023-02-20 10:42:03,"Hai Ezan. Terima kasih banyak atas ratingnya, semoga kamu tetap nyaman dan selalu setia menjadi pelanggan Traveloka. Yuk Kak pantengin terus Traveloka Lifestyle Super App karna kami selalu berikan promo-promo yang menarik. Jangan sampai ketinggalan ya. -KA",2023-02-20 11:02:40,3.72.0
Tatang Suherman,Kami sudah punya aplikasinya tolong bantu kami karna ada dari Gugel home yang di peralat untuk membobol akun kami,5,,2023-02-20 10:12:58,"Hai, Tatang. Mohon maaf atas pengalaman yang kamu alami. Untuk lakukan pengecekan lebih lanjut, mohon infokan detail kendala kamu dengan mneghubungi kami melalui https://www.traveloka.com/contactus. Terima kasih.-TK",2023-02-20 10:33:13,
Jay pratama,keren,5,3.72.0,2023-02-20 10:11:43,"Halo Kak, terima kasih banyak atas ratingnya, semoga Kakak tetap nyaman dan selau setia menjadi pelanggan Traveloka. Yuk Kak pantengin terus Traveloka Lifestyle Super App karna kami selalu berikan promo-promo yg menarik loooh, jangan sampai ketinggalan ya :)",2023-02-20 10:30:17,3.72.0
Rizqi Aldiano,mantab cepat aman,5,3.71.1,2023-02-20 09:57:01,"Hi Kak, senang banget nih dapat rating bagus dari Kakak, terima kasih juga atas feedbacknya! Kenyamanan Kakak adalah prioritas Kami, jika ada pertanyaan lainnya jangan sungkan ya untuk infokan pada kami di https://www.traveloka.com/contactus . Jangan sampai ketinggalan penawaran menarik lainnya di Traveloka Lifestye Super Apps.",2023-02-20 10:00:12,3.71.1
Agung Setiawan,"Bagus , cuman kenapa paytraveloka saya masih dinonaktifkan/diblokir ?",3,3.27.0,2023-02-20 09:46:13,"Hai Kak Agung. Mohon maaf sebelumnya, Akun PayLater kamu dinonaktifkan karena beberapa alasan tentunya, untuk informasi detail terkait akun PayLater kamu, silakan hubungi kami melalui email di cs@traveloka.com atau melalui pesan di aplikasi Traveloka kamu. Terima kasih atas pengertiannya. -FR",2023-02-20 10:02:16,3.27.0
Vuji Pranata,"Ada ket jaminan uang kembali 100% pemesanan kereta api, ttp aja gabisa refund, bisa pun harus lewat apk kai/tlp pihak kai itupun susah sesuai prosedir KAInya, lah ini traveloka ga ada kontribusinya untuk bantu refund nya!",1,3.72.0,2023-02-20 09:34:46,"Hai, Vuji. Mohon maaf atas ketidaknyamanannya. Pada dasarnya biaya pembatalan sebesar 25% dari harga tiket yang dikenakan, bisa kamu klaim ke pihak asuransi via email cs@qoala.id. Supaya kami bisa membantu kendala kamu lebih lanjut, mohon hubungi kami melalui tautan ini https://www.traveloka.com/contactus. Terima kasih. -SM",2023-02-20 10:05:02,3.72.0
Andy Garciano,"trima kasih Traveloka sudah mempermudah banget,,",5,3.67.0,2023-02-20 09:00:47,"Halo Kak, terima kasih banyak atas ratingnya, semoga Kakak tetap nyaman dan selau setia menjadi pelanggan Traveloka. Yuk Kak pantengin terus Traveloka Lifestyle Super App karna kami selalu berikan promo-promo yg menarik loooh, jangan sampai ketinggalan ya :)",2023-02-20 09:30:11,3.67.0
David Albert,bagus,5,3.72.0,2023-02-20 08:48:59,"Halo Kak, terima kasih banyak atas ratingnya, semoga Kakak tetap nyaman dan selau setia menjadi pelanggan Traveloka. Yuk Kak pantengin terus Traveloka Lifestyle Super App karna kami selalu berikan promo-promo yg menarik loooh, jangan sampai ketinggalan ya :)",2023-02-20 09:00:14,3.72.0
Ibrahim Nato,Good,5,3.72.0,2023-02-20 07:42:03,Thank you for leaving a good comment to us. Let us know if you have any suggestion for improvement through https://www.traveloka.com/contactus . Stay around for more interesting offers from Traveloka Lifestyle Super App!,2023-02-20 08:00:18,3.72.0
Muhammad Lutfi wahidan,mantap gan,5,3.71.1,2023-02-20 06:40:09,"Hi Kak, terima kasih atas feedbacknya, semoga Kakak tetap setia dengan Traveloka. Jika ada pertanyaan lain bisa langsung infokan pada kami di https://www.traveloka.com/contactus ya, Kak. Pantau terus Traveloka Lifestyle Super App untuk penawaran spesial lainnya!",2023-02-20 07:00:22,3.71.1
Yohanis Septinus,Baik,4,,2023-02-20 06:03:02,"Hi Kak, senang banget nih dapat rating bagus dari Kakak, terima kasih juga atas feedbacknya! Kenyamanan Kakak adalah prioritas Kami, jika ada pertanyaan lainnya jangan sungkan ya untuk infokan pada kami di https://www.traveloka.com/contactus . Jangan sampai ketinggalan penawaran menarik lainnya di Traveloka Lifestye Super Apps.",2023-02-20 06:30:22,
Dewi Sartika,Sangat puas dengan pelayanan Traveloka...semua lancar,5,3.71.0,2023-02-20 04:58:21,"Halo Kak, terima kasih banyak atas ratingnya, semoga Kakak tetap nyaman dan selau setia menjadi pelanggan Traveloka. Yuk Kak pantengin terus Traveloka Lifestyle Super App karna kami selalu berikan promo-promo yg menarik loooh, jangan sampai ketinggalan ya :)",2023-02-20 05:00:10,3.71.0
Rusdin Ab,mantap,5,3.69.1,2023-02-20 04:54:23,"Halo, Rusdin. Terima kasih atas feedback kamu, jangan sungkan untuk hubungi kami ya jika mempunyai pertanyaan. Kakak bisa hubungi kami melalui https://www.traveloka.com/id-id/contactus ya. Terima kasih. -PA",2023-02-20 05:03:39,3.69.1
Herlina Asri,fitur paylater tiba tiba hilang dan tertulis daftar pdahal limit masih ada dan masih ada tanggungan,2,3.1.1,2023-02-20 04:38:51,"Hai, Herlina. Mohon maaf atas ketidaknyamanannya. Pastikan kamu log-in dengan email atau nomor telepon yang terdaftar pada PayLater ya. Untuk melanjutkan membantu kendala kamu, silakan membalas pesan dari tim Payment Specialist kami via pesan di aplikasi Traveloka pada nomor laporan 31XXXX70. Terima kasih. -SM",2023-02-20 05:05:28,3.1.1
Broody Bachrudin,Sangat memudahkan,5,3.72.0,2023-02-20 04:03:51,"Hi Kak, senang banget nih dapat rating bagus dari Kakak, terima kasih juga atas feedbacknya! Kenyamanan Kakak adalah prioritas Kami, jika ada pertanyaan lainnya jangan sungkan ya untuk infokan pada kami di https://www.traveloka.com/contactus . Jangan sampai ketinggalan penawaran menarik lainnya di Traveloka Lifestye Super Apps.",2023-02-20 04:30:15,3.72.0
darsan boy82,Aplkasih yg bagus,4,3.72.0,2023-02-20 03:15:40,"Halo Kak, terima kasih banyak atas ratingnya, semoga Kakak tetap nyaman dan selau setia menjadi pelanggan Traveloka. Yuk Kak pantengin terus Traveloka Lifestyle Super App karna kami selalu berikan promo-promo yg menarik loooh, jangan sampai ketinggalan ya :)",2023-02-20 03:30:09,3.72.0
Rahmadewi Siboro,sngt sangat membantu,5,3.72.0,2023-02-20 03:12:27,"Hai Rahmadewi, terima kasih sudah menggunakan Traveloka dan rating yang kamu berikan. Jika ada pertanyaan atau kendala yang bisa kami bantu, silakan hubungi kami melalui https://www.traveloka.com/id-id/contactus ya. Terima kasih. -NA",2023-02-20 03:32:39,3.72.0
Yulian Dwi Hartono,bagus,5,3.72.0,2023-02-20 02:58:11,"Halo Kak, terima kasih banyak atas ratingnya, semoga Kakak tetap nyaman dan selau setia menjadi pelanggan Traveloka. Yuk Kak pantengin terus Traveloka Lifestyle Super App karna kami selalu berikan promo-promo yg menarik loooh, jangan sampai ketinggalan ya :)",2023-02-20 03:00:12,3.72.0
lawak trool,"Parah banget , pihak traveloka terkwsan melemparkan masalah yang kita hadapi ke maskapai , dan jika kita melapor ke traveloka tidak akan di acc , dahlah malas traveloka belum siap jadi pihak ke 3 hanya mementingkan uang kita , tapi pelayanan Bintang 0",1,,2023-02-20 02:41:58,"Hai, Kak. Mohon maaf sebelumnya. Untuk membantu kami memahami kendala kamu, mohon bantuannya untuk menyampaikan detail kendala dan nomor pesanan kamu melalui https://www.traveloka.com/contactus agar kami dapat bantu cek lebih lanjut. Terima kasih. -VK",2023-02-20 03:04:00,
Mohammad Syahlani,mantap,5,3.72.0,2023-02-20 02:37:20,"Makasih atas review kamu ya Syahlani. Jika ada pertanyaan atau kendala pada pesanan kamu di Traveloka, silakan menghubungi kami melalui https://www.traveloka.com/id-id/contactus :) -MZ",2023-02-20 03:02:01,3.72.0
Lia212 Prutelek,ok lancar cepat dan aman,5,3.71.1,2023-02-20 02:22:44,"Hai, Lia. Senangnya mendapat bintang lima dari kamu, terima kasih atas apresiasinya, semoga kamu tetap nyaman dan selalu setia menjadi pelanggan Traveloka. Yuk pantengin terus Traveloka karena kami selalu berikan promo-promo yang menarik loooh, jangan sampai ketinggalan ya :) -RF",2023-02-20 02:33:11,3.71.1
bryan pixz,"Sumpah, ini aplikasi terbaik untuk pemesanan tiket pesawat dan Hotel. Sudah lama saya pakai aplikasi ini dan hari ini terharu karena proses pengembalian dana tiket yg dibatalkan maskapai benar² difasilitasi dengan baik oleh traveloka. Banyak terima kasih untuk team traveloka, sukses selalu dan pertahankan kebaikannya ya..",5,3.72.0,2023-02-20 02:22:26,"Hi Kak, senang banget nih dapat rating bagus dari Kakak, terima kasih juga atas feedbacknya! Kenyamanan Kakak adalah prioritas Kami, jika ada pertanyaan lainnya jangan sungkan ya untuk infokan pada kami di https://www.traveloka.com/contactus . Jangan sampai ketinggalan penawaran menarik lainnya di Traveloka Lifestye Super Apps.",2023-02-20 02:30:13,3.72.0
Imron Ginting,oke,5,3.63.1,2023-02-20 02:10:38,Hai Imron. Makasih atas review kamu ya. Makasih juga sudah menjadikan Traveloka sebagai teman perjalanan kamu :) -MZ,2023-02-20 02:33:18,3.63.1
okki anggoro,"Tiba2 dturunin level,dugaan telat pembayaran atau penggunaan dadakan,pdhl telat jg gak prnh dadakan jg gak makin aneh aja tau2 dturunin level 👎 padahal sblmnya nyaman banget krn sgala kemudahan dn prosesnya di traveloka",2,3.72.0,2023-02-20 01:55:46,"Halo Okki. Mohon maaf buat kamu gak nyaman. Untuk pengecekan lebih lanjut terkait PayLater kamu, silakan menghubungi kami melalui https://www.traveloka.com/id-id/contactus. Terima kasih. -MZ",2023-02-20 02:04:39,3.72.0
N IRFAN,toppp bgtt,5,3.72.0,2023-02-20 01:40:09,"Hai, Irfan. Senangnya mendapat bintang lima dari kamu, terima kasih atas apresiasinya, semoga kamu tetap nyaman dan selalu setia menjadi pelanggan Traveloka. Yuk pantengin terus Traveloka karena kami selalu berikan promo-promo yang menarik loooh, jangan sampai ketinggalan ya :) -RF",2023-02-20 02:02:37,3.72.0
Samsungcore,Kenapa suka keluar sendiri dari aplikasi saat sy mau cari hotel. Sy ini pelanggan setia. Sekarang kecewa 😒 Di update malah erorr. seharusnya semakin bagus dan lancar. Ini malah sebaliknya 😒. 3 dlu bintangnya nnti klu sudh lancar aku ksi 5 🌟,3,3.72.0,2023-02-20 01:39:48,"Hai, Kak. Mohon maaf atas ketidaknyamanannya. Untuk membantu kami memahami kendala kamu, mohon bantuannya untuk menginfokan kendala kamu (contoh: tipe handphone) melalui https://www.traveloka.com/id-id/contactus agar kami dapat bantu cek lebih lanjut. Terima kasih. -SY",2023-02-20 02:08:02,3.72.0
Kamila Zahra,ok,1,3.72.0,2023-02-20 00:42:14,"Hi Kamila, thank you very much for your support. If you have any feedback or suggestions, please write to us at https://www.traveloka.com/contactus. Thank you. -NA",2023-02-20 01:02:15,3.72.0
Rapi Rapingun,bagus,1,3.72.0,2023-02-20 00:21:17,"Hai Rapi, terima kasih sudah menggunakan Traveloka. Jika ada pertanyaan atau kendala yang bisa kami bantu, silakan hubungi kami melalui https://www.traveloka.com/id-id/contactus ya. Terima kasih. -NA",2023-02-20 00:31:09,3.72.0
Cynthia Elvira,Akun saya sdh lama dan tergabung dgn Facebook..saya jg sdh terdftar paylater.namun tiba tiba akun srg error' saat mau digunakan.ketika di logout dan akan log in TDK bs masuk krn fitur Facebook sdh TDK tersedia.bagaimana ini Traveloka?,1,3.72.0,2023-02-19 23:18:02,"Hai, Kak Cynthia. Maaf atas ketidaknyamanannya. Mengenai permasalahan pada akun kamu, silakan menghubungi kami melalui https://www.traveloka.com/id-id/contactus untuk pergantian email/nomor telepon kamu sebelumnya, agar bisa kami bantu lebih lanjut. Makasih. -RZ",2023-02-19 23:34:48,3.72.0
Diana Sustra,Mantap,5,3.72.0,2023-02-19 23:01:35,"Hai, Diana. Senangnya dapat bintang lima dari kamu. Terima kasih untuk apresiasinya dan feedbacknya. Dipastikan untuk kenyamanan pengguna Traveloka, kami akan perbaiki & tingkatkan performa Traveloka. Kalau ada yang ingin ditanyakan, mohon hubungi kami melalui tautan ini https://www.traveloka.com/contactus ya. Terima kasih. -VK",2023-02-19 23:31:49,3.72.0
Zaenul Mustakim,sangat membantu,5,3.72.0,2023-02-19 22:59:28,"Halo Kak, terima kasih banyak atas ratingnya, semoga Kakak tetap nyaman dan selau setia menjadi pelanggan Traveloka. Yuk Kak pantengin terus Traveloka Lifestyle Super App karna kami selalu berikan promo-promo yg menarik loooh, jangan sampai ketinggalan ya :)",2023-02-19 23:00:23,3.72.0
Rosita Damayanti,Kok gak bisa di update. Dan kalau buka menggunakan wifi tidak bisa... Mohon penjelasannya,1,,2023-02-19 22:57:28,"Hai, Kak Rosita. Mohon maaf atas kendala yang kamu alami. Mohon pastikan jaringan kamu dalam kondisi stabil dan pastikan juga ruang penyimpanan pada device kamu masih mencukupi ya Kak. Makasih. -RZ",2023-02-19 23:05:45,
Emmanuel Natalius,Aplikasi mengandung virus bobol data nasabah,2,,2023-02-19 19:17:37,"Hai Emmanuel, mohon maaf atas ketidaknyamanannya. Untuk membantu kami memahami kendala kamu, mohon bantuannya untuk menginformasikan detail kendala yang dimaksud beserta nomor pesanan kamu (jika ada) melalui pesan pada aplikasi kamu atau melalui email ke cs@traveloka.com. Agar kami bantu lebih cek lebih lanjut. Terima kasih. -CA",2023-02-19 19:33:17,
Wawan Sentiong,"Pesan untuk perjalanan apapun, Traveloka dulu !.",5,3.71.1,2023-02-19 17:16:41,"Hi Kak, senang banget nih dapat rating bagus dari Kakak, terima kasih juga atas feedbacknya! Kenyamanan Kakak adalah prioritas Kami, jika ada pertanyaan lainnya jangan sungkan ya untuk infokan pada kami di https://www.traveloka.com/contactus . Jangan sampai ketinggalan penawaran menarik lainnya di Traveloka Lifestye Super Apps.",2023-02-19 17:30:11,3.71.1
Syarli Amalia Siregar,Dikasih limit paylater tp gabsa digunakan Alasan keamanan katanya Dikomplain gada solusi,1,3.72.0,2023-02-19 17:02:44,"Halo Amalia, mohon maaf atas kendala yang dialami. Mimin mau banget bantu cek kendala kamu, tapi mimin butuh email dan nomor telepon yang terhubung di akun PayLater kamu. Yuk segera hubungi mimin melalui https://www.traveloka.com/contactus. Mimin tunggu ya, terima kasih. -NT",2023-02-19 17:34:23,3.72.0
Noor Rahmansyah,Gak bisa nyimpan alamat. Bug,1,3.72.0,2023-02-19 16:50:35,"Hai Rahmansyah. Maaf banget bikin kamu kecewa. Untuk kritik dan saran kamu mengenai bug akan mimin sampaikan ke pihak terkait. Saran dan kritik dari kamu tentunya menjadi perhatian dan fokus utama dari pihak manajemen Traveloka, untuk kedepannya kami akan terus meningkatkan dalam memberikan pelayanan yang maksimal dan prima. Terima kasih -NT",2023-02-19 17:03:06,3.72.0
Abd Kasim,capat dan mudah pesan tiket di aplikasi ini..tidak banyak bingung,5,3.72.0,2023-02-19 15:21:50,"Hi Kak, senang banget nih dapat rating bagus dari Kakak, terima kasih juga atas feedbacknya! Kenyamanan Kakak adalah prioritas Kami, jika ada pertanyaan lainnya jangan sungkan ya untuk infokan pada kami di https://www.traveloka.com/contactus . Jangan sampai ketinggalan penawaran menarik lainnya di Traveloka Lifestye Super Apps.",2023-02-19 15:30:13,3.72.0
Uthien Tongani,cepat & tepat,5,3.72.0,2023-02-19 15:04:26,"Hi Kak, terima kasih atas feedbacknya, semoga Kakak tetap setia dengan Traveloka. Jika ada pertanyaan lain bisa langsung infokan pada kami di https://www.traveloka.com/contactus ya, Kak. Pantau terus Traveloka Lifestyle Super App untuk penawaran spesial lainnya!",2023-02-19 15:30:16,3.72.0
Agung Pribadi Manurung,Saya sudah refund tiket menggunakan paylater dan sudah ditransfer balik ke akun paylater saya tapi kenapa saya tetap di tagih untuk bayar padahal saya tidak menggunakan paylater tersebut.. Tolong min diverifikasi ulang,1,3.72.0,2023-02-19 14:36:33,"Hai, Kak Agung, Maaf sudah buat kamu nggak nyaman. Pada saat kamu mengajukan refund, maka dana yang dikembalikan ke limit PayLater kamu adalah harga dasar dari pemesanan kamu (tidak termasuk bunga pinjaman dan refund fee dari provider dan Traveloka). Maka mohon melakukan pembayaran untuk tagihan cicilan yang masih tertagih. Terima kasih 🙏 -RZ",2023-02-19 15:08:55,3.72.0
Masbe 13,"Di traveloka saya tidak bisa refun ,apa bisa di bantu",1,3.72.0,2023-02-19 14:21:47,Hai Kak Masbe. Setiap kebijakan pemesanan berbeda-beda bergantung kebijakan dari pihak penyedia jasa. Kamu bisa hubungi customer service kami melalui email di cs@traveloka.com atau melalui pesan di aplikasi Traveloka kamu agar dapat dibantu lebih lanjut ya. Terima kasih. -FR,2023-02-19 14:32:08,3.72.0
alwin zukhairi,mudah dan lancar,5,3.72.0,2023-02-19 13:46:15,"Hai Alwin, terima kasih atas feedbacknya, semoga kamu tetap setia dengan Traveloka. Jika ada pertanyaan bisa langsung infokan pada kami di https://www.traveloka.com/contactus ya Kak. Pantau terus Traveloka Lifestyle Super App untuk penawaran spesial lainnya! -AH",2023-02-19 14:04:26,3.72.0
Chilla Alesha,"Buruk. Ajuin paylater awal suruh perbarui data. Setelahnya ditolak karena ojk. Padahal paylater merah, biru, ijo, dapet limit tinggi semua.",1,3.72.0,2023-02-19 13:23:38,"Hai, Chilla. Mohon maaf atas ketidaknyamanannya. Hal tersebut sepenuhnya kebijakan dari tim analis kami. Supaya bisa bantu cek lebih lanjut kendala kamu, silakan hubungi kami melalui tautan ini https://www.traveloka.com/contactus. Terima kasih. -SM",2023-02-19 13:32:18,3.72.0
Agung Pratama,Mudah di gunakan,5,3.72.0,2023-02-19 13:19:50,"Halo Kak, terima kasih banyak atas ratingnya, semoga Kakak tetap nyaman dan selau setia menjadi pelanggan Traveloka. Yuk Kak pantengin terus Traveloka Lifestyle Super App karna kami selalu berikan promo-promo yg menarik loooh, jangan sampai ketinggalan ya :)",2023-02-19 13:30:10,3.72.0
Edi Subroto,Luar Biasa,5,3.72.0,2023-02-19 12:52:01,"Halo, Edi. Senangnya dapat bintang lima dari kamu. Terima kasih untuk apresiasinya ya, semoga kamu tetap nyaman dan selalu setia menjadi pelanggan Traveloka. -SM",2023-02-19 13:01:34,3.72.0
Agung Prasetyo,mantab,5,3.72.0,2023-02-19 12:46:29,"Halo Kak, terima kasih banyak atas ratingnya, semoga Kakak tetap nyaman dan selau setia menjadi pelanggan Traveloka. Yuk Kak pantengin terus Traveloka Lifestyle Super App karna kami selalu berikan promo-promo yg menarik loooh, jangan sampai ketinggalan ya :)",2023-02-19 13:00:09,3.72.0
Risha Rahel,terbaik,5,3.71.0,2023-02-19 12:29:47,"Hai Risha, terima kasih atas feedbacknya, semoga kamu tetap setia dengan Traveloka. Jika ada pertanyaan bisa langsung infokan pada kami di https://www.traveloka.com/contactus ya Kak. Pantau terus Traveloka Lifestyle Super App untuk penawaran spesial lainnya! -AH",2023-02-19 12:31:54,3.71.0
Akhmad Sapril Hadi,baik,5,3.71.0,2023-02-19 12:26:36,"Halo Kak, terima kasih banyak atas ratingnya, semoga Kakak tetap nyaman dan selau setia menjadi pelanggan Traveloka. Yuk Kak pantengin terus Traveloka Lifestyle Super App karna kami selalu berikan promo-promo yg menarik loooh, jangan sampai ketinggalan ya :)",2023-02-19 12:30:12,3.71.0
andri fauziantoro,ok,5,3.70.0,2023-02-19 11:53:10,"Hi, thank you very much for the positive review! Please feel free to contact us at https://www.traveloka.com/contactus we're more than happy to assist you and Stay tuned for more exciting offers on Traveloka Lifestyle Super App.",2023-02-19 12:00:17,3.70.0
Achmad Rozikin,terima kasih Traveloka,5,3.72.0,2023-02-19 11:41:55,"Hi Kak, senang banget nih dapat rating bagus dari Kakak, terima kasih juga atas feedbacknya! Kenyamanan Kakak adalah prioritas Kami, jika ada pertanyaan lainnya jangan sungkan ya untuk infokan pada kami di https://www.traveloka.com/contactus . Jangan sampai ketinggalan penawaran menarik lainnya di Traveloka Lifestye Super Apps.",2023-02-19 12:00:20,3.72.0
Aisyah Misriyah,baik,5,3.72.0,2023-02-19 10:45:51,"Halo Kak, terima kasih banyak atas ratingnya, semoga Kakak tetap nyaman dan selau setia menjadi pelanggan Traveloka. Yuk Kak pantengin terus Traveloka Lifestyle Super App karna kami selalu berikan promo-promo yg menarik loooh, jangan sampai ketinggalan ya :)",2023-02-19 11:00:14,3.72.0
Mohamad Jumhari,proses cepat,5,3.72.0,2023-02-19 10:16:07,"Halo Kak, terima kasih banyak atas ratingnya, semoga Kakak tetap nyaman dan selau setia menjadi pelanggan Traveloka. Yuk Kak pantengin terus Traveloka Lifestyle Super App karna kami selalu berikan promo-promo yg menarik loooh, jangan sampai ketinggalan ya :)",2023-02-19 10:30:09,3.72.0
Syaza Azhara,Traveloka eatnya aktifkan kembali,5,,2023-02-19 09:19:16,"Halo Kak, terima kasih banyak atas ratingnya, semoga Kakak tetap nyaman dan selau setia menjadi pelanggan Traveloka. Yuk Kak pantengin terus Traveloka Lifestyle Super App karna kami selalu berikan promo-promo yg menarik loooh, jangan sampai ketinggalan ya :)",2023-02-19 09:30:14,
Moh Nawawi,Assalamualaikum Assalamualaikum,3,3.72.0,2023-02-19 09:05:39,"Hai, Nawawi. Untuk membantu kami memahami pertanyaan atau kendala yang dialami, mohon bantuannya untuk menginformasikan detail pertanyaan atau kendala kamu melalui https://www.traveloka.com/contactus agar kami dapat membantu lebih lanjut ya. Terima kasih. -KK",2023-02-19 09:33:54,3.72.0
Hijau Muda,"sangat bagus, terpercaya dan cepat",5,3.71.1,2023-02-19 08:48:03,"Hi Kak, senang banget nih dapat rating bagus dari Kakak, terima kasih juga atas feedbacknya! Kenyamanan Kakak adalah prioritas Kami, jika ada pertanyaan lainnya jangan sungkan ya untuk infokan pada kami di https://www.traveloka.com/contactus . Jangan sampai ketinggalan penawaran menarik lainnya di Traveloka Lifestye Super Apps.",2023-02-19 09:00:13,3.71.1
Agus Naini Siregar,🅑🅘🅚🅘🅝 🅛🅞🅡🅓 🅦🅘🅝🅓🅐🅗 kaget🤬,1,3.70.0,2023-02-19 08:28:44,"Hai, Agus. Untuk membantu kami memahami kendala yang dialami, mohon bantuannya untuk menginformasikan detail kendala dan nomor pesanan (Jika ada) melalui https://www.traveloka.com/contactus agar kami dapat membantu lebih lanjut. Terima kasih. -SM",2023-02-19 08:32:39,3.70.0
andie WD,bagus,5,3.67.0,2023-02-19 08:22:42,"Halo Kak, terima kasih banyak atas ratingnya, semoga Kakak tetap nyaman dan selau setia menjadi pelanggan Traveloka. Yuk Kak pantengin terus Traveloka Lifestyle Super App karna kami selalu berikan promo-promo yg menarik loooh, jangan sampai ketinggalan ya :)",2023-02-19 08:30:14,3.67.0
Desembrita Suraini,senang sekali pake travelloka,5,3.72.0,2023-02-19 07:58:43,"Halo Kak, terima kasih banyak atas ratingnya, semoga Kakak tetap nyaman dan selau setia menjadi pelanggan Traveloka. Yuk Kak pantengin terus Traveloka Lifestyle Super App karna kami selalu berikan promo-promo yg menarik loooh, jangan sampai ketinggalan ya :)",2023-02-19 08:00:14,3.72.0
elisa laisa,good,5,,2023-02-19 07:08:44,Thank you for leaving a good comment to us. Let us know if you have any suggestion for improvement through https://www.traveloka.com/contactus . Stay around for more interesting offers from Traveloka Lifestyle Super App!,2023-02-19 07:30:17,
Wke Unsi,Ok sangat membantu,5,3.72.0,2023-02-19 06:50:33,"Hi Kak, senang banget nih dapat rating bagus dari Kakak, terima kasih juga atas feedbacknya! Kenyamanan Kakak adalah prioritas Kami, jika ada pertanyaan lainnya jangan sungkan ya untuk infokan pada kami di https://www.traveloka.com/contactus . Jangan sampai ketinggalan penawaran menarik lainnya di Traveloka Lifestye Super Apps.",2023-02-19 07:00:11,3.72.0
Nur Hayati,mantap mudah dan terjamin,5,3.72.0,2023-02-19 06:43:35,"Halo Kak, terima kasih banyak atas ratingnya, semoga Kakak tetap nyaman dan selau setia menjadi pelanggan Traveloka. Yuk Kak pantengin terus Traveloka Lifestyle Super App karna kami selalu berikan promo-promo yg menarik loooh, jangan sampai ketinggalan ya :)",2023-02-19 07:00:16,3.72.0
uray amir,Transaksi Lancar,5,3.72.0,2023-02-19 06:30:20,"Halo Kak, terima kasih banyak atas ratingnya, semoga Kakak tetap nyaman dan selau setia menjadi pelanggan Traveloka. Yuk Kak pantengin terus Traveloka Lifestyle Super App karna kami selalu berikan promo-promo yg menarik loooh, jangan sampai ketinggalan ya :)",2023-02-19 07:00:25,3.72.0
Wizz Berutu,Aplikasi mengganjing.. sangat tidak direkomrndasikan.,1,,2023-02-19 05:00:00,"Hai, Kak Wizz. Mimin sedih banget baca review dari kamu. Mimin mau tau dong kenapa kamu gak merekomendasikan Traveloka. Kalau kamu ada kendala pesanan di Traveloka, yuk hubungi mimin melalui layanan pengaduan Traveloka di laman https://www.traveloka.com/contactus. Mimin tunggu ya. Terima kasih. -AM",2023-02-19 05:33:02,
Ikhmas. SP,mantap lh gk pake ribet,5,3.72.0,2023-02-19 04:35:05,"Halo Kak, terima kasih banyak atas ratingnya, semoga Kakak tetap nyaman dan selau setia menjadi pelanggan Traveloka. Yuk Kak pantengin terus Traveloka Lifestyle Super App karna kami selalu berikan promo-promo yg menarik loooh, jangan sampai ketinggalan ya :)",2023-02-19 05:00:32,3.72.0
Ivan Palevi,Ga ada pilihan buat pesen makanan,1,,2023-02-19 04:20:47,Halo Ivan. Per bulan Oktober 2022 kami menghentikan layanan Eats sebagai salah satu strategi dan prioritas bisnis kami. Terima kasih atas kepercayaannya. -SC,2023-02-19 04:38:52,
Ardi Yoga,mantap,5,3.72.0,2023-02-19 04:07:00,"Halo, Ardi. Terima kasih atas penilaiannya dan telah memilih Traveloka sebagai partner perjalanan kamu. Terima kasih. -SC",2023-02-19 04:36:03,3.72.0
Kelvin dandy Alvaro,"Masa Payleter sudah ada limit nya tidk boleh di gunakan 50%-75% , kalau tidak boleh di gunakan tidak usah ada Payleter nya",1,3.72.0,2023-02-19 03:22:04,Halo Kelvin. Sebelumnya kamu sudah memiliki laporan dengan tim kami melalui nomor laporan 31012127. Silakan cek info dari tim kami. Terima kasih. -SC,2023-02-19 03:38:24,3.72.0
THENONGGA,Terima kasih traveloka saya suka beli tiket pesawat di aplikasi traveloka 🙏,5,,2023-02-19 02:39:26,"Halo Kak, terima kasih banyak atas ratingnya, semoga Kakak tetap nyaman dan selau setia menjadi pelanggan Traveloka. Yuk Kak pantengin terus Traveloka Lifestyle Super App karna kami selalu berikan promo-promo yg menarik loooh, jangan sampai ketinggalan ya :)",2023-02-19 03:00:09,
Gilang Bumblebee,good,5,3.63.1,2023-02-19 01:54:55,"Hi, thank you very much for the positive review! Please feel free to contact us at https://www.traveloka.com/contactus we're more than happy to assist you and Stay tuned for more exciting offers on Traveloka Lifestyle Super App.",2023-02-19 02:00:15,3.63.1
Maiza'h world,"Alhamdulillah,,semua lebih mudah dengan Traveloka,,,👌💪💪",5,3.72.0,2023-02-19 01:05:47,"Halo Kak, terima kasih banyak atas ratingnya, semoga Kakak tetap nyaman dan selau setia menjadi pelanggan Traveloka. Yuk Kak pantengin terus Traveloka Lifestyle Super App karna kami selalu berikan promo-promo yg menarik loooh, jangan sampai ketinggalan ya :)",2023-02-19 01:30:09,3.72.0
Marimox Gaming,"Persoalan refund saja sampai 90 hari, trus orang kecil mau beli tiket lagi pake uang apa ?",1,3.72.0,2023-02-18 23:54:17,"Hai, Kak. Mohon maaf atas ketidaknyamanannya. Untuk proses refund sudah menjadi kebijakan dari masing-masing pihak maskapai ya. Mohon hubungi kami melalui tautan ini https://www.traveloka.com/id-id/contactus untuk dibantu cek lebih lanjut dari kendala pemesanan yang terjadi. Terima kasih 🙏 -WR",2023-02-19 00:04:26,3.72.0
Gland Chelse Athalia Putri 17,"Kenapa sekarang check in online susah banget di Traveloka, biasanya H-2 sebelum keberangkatan bisa. Ini sudah nunggu H-12 jam tetap gak bisa check in online.",3,3.47.0,2023-02-18 23:13:29,"Hai, Gland. Mohon maaf atas ketidaknyamanannya. Terkait check-in online bergantung kebijakan dari masing-masing pihak maskapai ya. Kalau kamu memiliki kendala atau pertanyaan seputar pesanan di Traveloka, mohon hubungi kami melalui tautan ini https://www.traveloka.com/id-id/contactus untuk dibantu cek lebih lanjut. Terima kasih. -WR",2023-02-18 23:35:16,3.47.0
Kurniawan Danu,easy to use and fast,5,3.72.0,2023-02-18 22:50:12,"Hi, thank you very much for the positive review! Please feel free to contact us at https://www.traveloka.com/contactus we're more than happy to assist you and Stay tuned for more exciting offers on Traveloka Lifestyle Super App.",2023-02-18 23:00:10,3.72.0
Muhammad Fahmi,Ee. L',1,3.69.0,2023-02-18 18:46:18,"Hai, Fahmi. Mohon maaf atas ketidaknyamanan yang Kamu alami. Untuk membantu kami memahami kendala kamu, mohon bantuannya untuk menginformasikan detail kendala yang dimaksud beserta nomor pesanan kamu (jika ada) melalui pesan pada aplikasi kamu atau melalui email ke cs@traveloka.com. Agar kami bantu lebih cek lebih lanjut. Terima kasih. -CA",2023-02-18 19:01:39,3.69.0
Asmiati Tasik,sangat puas,5,3.72.0,2023-02-18 18:13:39,"Hi Kak, senang banget nih dapat rating bagus dari Kakak, terima kasih juga atas feedbacknya! Kenyamanan Kakak adalah prioritas Kami, jika ada pertanyaan lainnya jangan sungkan ya untuk infokan pada kami di https://www.traveloka.com/contactus . Jangan sampai ketinggalan penawaran menarik lainnya di Traveloka Lifestye Super Apps.",2023-02-18 18:30:15,3.72.0
Bintang,proses cepat,5,3.55.1,2023-02-18 16:57:31,"Hi Kak, senang banget nih dapat rating bagus dari Kakak, terima kasih juga atas feedbacknya! Kenyamanan Kakak adalah prioritas Kami, jika ada pertanyaan lainnya jangan sungkan ya untuk infokan pada kami di https://www.traveloka.com/contactus . Jangan sampai ketinggalan penawaran menarik lainnya di Traveloka Lifestye Super Apps.",2023-02-18 17:00:13,3.55.1
Ruslan IV,bgus,5,3.69.0,2023-02-18 16:20:52,"Hai Ruslan, yuhuuuy senangnya mendapat bintang lima dari kamu, Kenyamananmu adalah prioritas Kami. Apabila ada pertanyaan, silakan dapat mengirimkan email ke kami di cs@traveloka.com atau pesan inbox di aplikasi Traveloka ya. Terima kasih. -CA",2023-02-18 16:31:35,3.69.0
rahmad fkd73,"Ok,membantu cek harga",3,3.72.0,2023-02-18 16:18:57,"Hai Kak Rahmad. Terima kasih telah menggunakan Traveloka. Jika memiliki kendala, Anda dapat informasikan kepada kami detail kendala yang Anda alami melalui pesan pada aplikasi Anda atau melalui email ke cs@traveloka.com agar kami dapat membantu Anda lebih lanjut. Terima kasih. -NT",2023-02-18 16:33:44,3.72.0
Ardi Kusuma,Bagus,5,3.72.0,2023-02-18 15:23:08,"Halo Kak, terima kasih banyak atas ratingnya, semoga Kakak tetap nyaman dan selau setia menjadi pelanggan Traveloka. Yuk Kak pantengin terus Traveloka Lifestyle Super App karna kami selalu berikan promo-promo yg menarik loooh, jangan sampai ketinggalan ya :)",2023-02-18 15:30:09,3.72.0
WAK DAENG,"Aplikasi nya jelek, sebenarnya udah lama make, tapi makin kesini makin kesana, perubahan jadwal hotel aja bisa dikenakan biaya nginap semalam, padahal katanya Gratis, emg ngak jelas aplikasinya, bagus uninstall aja",1,,2023-02-18 14:45:39,"Hai Kak Daeng. Mohon maaf sekali ya kak, kami akan berusaha semaksimal mungkin untuk memberikan pelayanan terbaik kami kak. Terkait laporan kamu, pada dasarnya kamu bisa hubungi kami di https://trv.lk/contactus, agar bisa kami bantu lebih lanjut. Terima kasih -NT",2023-02-18 15:04:15,
Santo 11,Mohondengat sangat kepada selper2 dimanapun berada saya mohon dengan sangat sangat jangan ada pemgbajakan no hp kepada hp orang lain maupun akun orang lain disadap kepada orang lain maupun kebocoran merugikan orang lain tau tau koutanya habis tidak dipakai mohon dgn sangat tehnologi yang canggih IT yg lebih maju,5,3.72.0,2023-02-18 14:38:42,,,3.72.0
Rengga Purwito,sangat membantu,5,3.72.0,2023-02-18 14:24:40,"Halo Kak, terima kasih banyak atas ratingnya, semoga Kakak tetap nyaman dan selau setia menjadi pelanggan Traveloka. Yuk Kak pantengin terus Traveloka Lifestyle Super App karna kami selalu berikan promo-promo yg menarik loooh, jangan sampai ketinggalan ya :)",2023-02-18 14:30:20,3.72.0
Mr Paidjan,sangat membantu,5,3.71.1,2023-02-18 14:00:04,"Hi Kak, terima kasih atas feedbacknya, semoga Kakak tetap setia dengan Traveloka. Jika ada pertanyaan lain bisa langsung infokan pada kami di https://www.traveloka.com/contactus ya, Kak. Pantau terus Traveloka Lifestyle Super App untuk penawaran spesial lainnya!",2023-02-18 14:30:25,3.71.1
Anggota Baru,Baru aja instal apk ini. Tapi kode verifikasi tidak dikirim² 🕺🕺🕺🕺kecewa pulll sudah kirim berulang² masih aja belum ada masuk.. gimana nih min,3,,2023-02-18 13:51:41,"Hai, Kak. Mohon maaf atas kendalanya. Terkait kendala kamu mohon pastikan dahulu nomor handphone memiliki pulsa yang cukup atau inbox/kotak masuk email tidak penuh, dan jaringan internet kuat. Jika masih mengalami kendala, mohon sampaikan melalui https://www.traveloka.com/contactus. Terima kasih 🙏 -RU",2023-02-18 14:06:14,
Encep Sutisna,Oke banget,5,3.72.0,2023-02-18 13:06:41,"Halo Kak, terima kasih banyak atas ratingnya, semoga Kakak tetap nyaman dan selau setia menjadi pelanggan Traveloka. Yuk Kak pantengin terus Traveloka Lifestyle Super App karna kami selalu berikan promo-promo yg menarik loooh, jangan sampai ketinggalan ya :)",2023-02-18 13:30:19,3.72.0
Imam Cahyadi,Parah masa mau pilih tanggal penerbangan selalu error keluar keluar terus aplikasi nya parah,1,,2023-02-18 12:24:02,"Halo, Kak Imam. Mohon maaf atas ketidaknyamanannya, mimin sarankan untuk update ke versi paling baru ya aplikasi Traveloka kamu. Jika masih kendala, boleh hubungi mimin via https://www.traveloka.com/id-id/contactus. Terima kasih. -PA",2023-02-18 12:33:34,
chua nainggolan,"jujur, terpercaya dan menanggapi keluhan ketika jadwal tercancel",5,3.71.1,2023-02-18 12:15:53,"Hi Kak, terima kasih atas feedbacknya, semoga Kakak tetap setia dengan Traveloka. Jika ada pertanyaan lain bisa langsung infokan pada kami di https://www.traveloka.com/contactus ya, Kak. Pantau terus Traveloka Lifestyle Super App untuk penawaran spesial lainnya!",2023-02-18 12:30:15,3.71.1
Irfan Ippang,mantap,5,3.72.0,2023-02-18 10:52:03,"Hai, Irfan. Terima kasih atas penilaian dan feedback dari kamu, kami akan terus meningkatkan kepuasan para pengguna. Jika ada pertanyaan lainnya jangan sungkan ya untuk infokan pada kami di https://www.traveloka.com/contactus. Jangan sampai ketinggalan juga penawaran menarik lainnya di Traveloka Lifestye Super Apps. Terima kasih. -KK",2023-02-18 11:02:21,3.72.0
SILAHUDIN mmm,"Mudah, Murah, bisa bayar di tempat, bisa refund, bisa reschedule...",5,,2023-02-18 10:30:11,"Halo Kak, terima kasih banyak atas ratingnya, semoga Kakak tetap nyaman dan selau setia menjadi pelanggan Traveloka. Yuk Kak pantengin terus Traveloka Lifestyle Super App karna kami selalu berikan promo-promo yg menarik loooh, jangan sampai ketinggalan ya :)",2023-02-18 11:00:11,
Diki wahyudi,terimaksih traveloka,5,3.72.0,2023-02-18 10:24:32,"Halo Kak, terima kasih banyak atas ratingnya, semoga Kakak tetap nyaman dan selau setia menjadi pelanggan Traveloka. Yuk Kak pantengin terus Traveloka Lifestyle Super App karna kami selalu berikan promo-promo yg menarik loooh, jangan sampai ketinggalan ya :)",2023-02-18 10:30:09,3.72.0
Anto zx,Ok,2,3.52.0,2023-02-18 09:13:25,"Halo Anto, terima kasih telah menggunakan Traveloka. Jika kamu memiliki pertanyaan, silakan hubungi kami melalui https://www.traveloka.com/id-id/contactus. Terima kasih. -OE",2023-02-18 09:35:35,3.52.0
Suwar So,"Sangat kcewa skli...versi bru ini ga bisa loding,,,,,",1,3.72.0,2023-02-18 08:22:17,"Hai, Kak Suwarso. Mohon maaf atas ketidaknyamanannya. Silakan kamu bisa coba tutup atau keluar dari aplikasi kamu dahulu. Pastikan kamu terhubung dengan jaringan internet yang kuat dan stabil. Lalu buka kembali aplikasi kamu. Jika masih mengalami kendala yang sama, mohon menginformasikan melalui https://www.traveloka.com/contactus. Terima kasih 🙏",2023-02-18 08:34:00,3.72.0
Yohanes Junfung,Mantab,3,3.70.0,2023-02-18 08:07:49,"Hai, Yohanes. Terima kasih atas penilaian dan feedback dari kamu, kami akan terus meningkatkan kepuasan para pengguna. Jika ada pertanyaan lainnya jangan sungkan ya untuk infokan pada kami di https://www.traveloka.com/contactus. Jangan sampai ketinggalan juga penawaran menarik lainnya di Traveloka Lifestye Super Apps. Terima kasih. -KK",2023-02-18 08:32:13,3.70.0
Dinan Saoma,Good,5,3.67.0,2023-02-18 07:59:55,"Hi, thank you very much for the positive review! Please feel free to contact us at https://www.traveloka.com/contactus we're more than happy to assist you and Stay tuned for more exciting offers on Traveloka Lifestyle Super App.",2023-02-18 08:00:11,3.67.0
Ai Suci Faridah,ga masuk akal setiap pilih kursi pdhl awalnya kosong jadi tiba2 terisi,1,,2023-02-18 07:58:46,"Hai Suci, maaf banget sudah membuat kamu tidak nyaman. Pada dasarnya untuk ketersediaan kursi mengikuti update langsung dari pihak penyedia. Untuk dapat kami bantu cek lebih lanjut kendala kamu, mohon menginformasikan screenshot kendala kamu melalui link https://www.traveloka.com/id-id/contactus Kak. Terima kasih. -AH",2023-02-18 08:03:19,
hasyibi rafi'i,"Pesan hotel berapa kali dapat harga lebih murah daripada nelpon langsung ke hotel nya. saran aja semoga nanti bisa dimuat jua pembayaran melalui e-money seperti gopay, shopeepay, dana, dll",5,3.72.0,2023-02-18 07:54:34,"Hi Kak, senang banget nih dapat rating bagus dari Kakak, terima kasih juga atas feedbacknya! Kenyamanan Kakak adalah prioritas Kami, jika ada pertanyaan lainnya jangan sungkan ya untuk infokan pada kami di https://www.traveloka.com/contactus . Jangan sampai ketinggalan penawaran menarik lainnya di Traveloka Lifestye Super Apps.",2023-02-18 08:00:15,3.72.0
Imam Mahmudi,Untuk penginapan/hotelnya banyak yg udh tutup tapi gk di hps sama traveloka,1,3.72.0,2023-02-18 07:48:53,"Hai, Kak Imam. Mohon maaf atas ketidaknyamanannya. Sebelumnya untuk konfirmasi dari kendala kamu sudah kami berikan melalui Email dengan nomor laporan 30xxxx36. Kapanpun Kakak membutuhkan bantuan silakan menghubungi kami kembali melalui https://www.traveloka.com/contactus. Terima kasih 🙏 -RU",2023-02-18 08:06:40,3.72.0
Gemini Bintang,ok,5,3.72.0,2023-02-18 07:30:56,"Hi, thank you very much for the positive review! Please feel free to contact us at https://www.traveloka.com/contactus we're more than happy to assist you and Stay tuned for more exciting offers on Traveloka Lifestyle Super App.",2023-02-18 08:00:21,3.72.0
Jumaida simanjuntak,Ok,5,3.71.1,2023-02-18 07:16:22,"Hi, thank you very much for the positive review! Please feel free to contact us at https://www.traveloka.com/contactus we're more than happy to assist you and Stay tuned for more exciting offers on Traveloka Lifestyle Super App.",2023-02-18 07:30:11,3.71.1
Edi Yulia Ramdan,sangat membantu,5,3.72.0,2023-02-18 06:49:45,"Halo Kak, terima kasih banyak atas ratingnya, semoga Kakak tetap nyaman dan selau setia menjadi pelanggan Traveloka. Yuk Kak pantengin terus Traveloka Lifestyle Super App karna kami selalu berikan promo-promo yg menarik loooh, jangan sampai ketinggalan ya :)",2023-02-18 07:00:15,3.72.0
Romone Fadhil,"Promonya banyak PHP,setelah di klik selalu promo terbatas & habis Gimana nich travel langgananku?",4,3.68.0,2023-02-18 05:52:13,"Halo Kak Fadhil, maaf sudah buat kamu ga nyaman ya. Perihal kode promo masing-masing memiliki kuota dan kebijakannya. Kamu bisa cek promo yang tersedia pada halaman promo di aplikasi. Jika ada kendala atau pertanyaan yang bisa kami bantu, silakan hubungi kami melalui https://www.traveloka.com/id-id/contactus ya. Terima kasih. -NA",2023-02-18 06:03:39,3.68.0
Rika Adelita,t o p (top) jempol ok,5,3.72.0,2023-02-18 05:34:46,"Hi Kak, senang banget nih dapat rating bagus dari Kakak, terima kasih juga atas feedbacknya! Kenyamanan Kakak adalah prioritas Kami, jika ada pertanyaan lainnya jangan sungkan ya untuk infokan pada kami di https://www.traveloka.com/contactus . Jangan sampai ketinggalan penawaran menarik lainnya di Traveloka Lifestye Super Apps.",2023-02-18 06:00:22,3.72.0
Kirun Krisna,gasss...Lancar,5,3.71.1,2023-02-18 05:08:44,"Halo Kak, terima kasih banyak atas ratingnya, semoga Kakak tetap nyaman dan selau setia menjadi pelanggan Traveloka. Yuk Kak pantengin terus Traveloka Lifestyle Super App karna kami selalu berikan promo-promo yg menarik loooh, jangan sampai ketinggalan ya :)",2023-02-18 05:30:09,3.71.1
Denny Ballo,sangat membantu,5,3.72.0,2023-02-18 04:50:59,"Halo Kak, terima kasih banyak atas ratingnya, semoga Kakak tetap nyaman dan selau setia menjadi pelanggan Traveloka. Yuk Kak pantengin terus Traveloka Lifestyle Super App karna kami selalu berikan promo-promo yg menarik loooh, jangan sampai ketinggalan ya :)",2023-02-18 05:00:17,3.72.0
Mahesa Dirga,baguss,5,3.36.1,2023-02-18 03:56:06,"Halo Kak, terima kasih banyak atas ratingnya, semoga Kakak tetap nyaman dan selau setia menjadi pelanggan Traveloka. Yuk Kak pantengin terus Traveloka Lifestyle Super App karna kami selalu berikan promo-promo yg menarik loooh, jangan sampai ketinggalan ya :)",2023-02-18 04:00:11,3.36.1
"Deny Eko Widyantoro, SH","TERIMAKASIH, Sanged terbantu",5,3.72.0,2023-02-18 02:26:36,"Hai, Deny. Terima kasih atas penilaiannya, kami akan terus berkembang untuk kenyamanan pengguna yang lebih baik ke depannya. Terima kasih. -SC",2023-02-18 02:31:18,3.72.0
JR City 91,Siap bozz,5,,2023-02-18 01:33:11,"Halo Kak, terima kasih banyak atas ratingnya, semoga Kakak tetap nyaman dan selau setia menjadi pelanggan Traveloka. Yuk Kak pantengin terus Traveloka Lifestyle Super App karna kami selalu berikan promo-promo yg menarik loooh, jangan sampai ketinggalan ya :)",2023-02-18 02:00:23,
alfian alfian_abdulrabbi@yahoo.co.id,fast respon,5,3.72.0,2023-02-18 01:31:42,"Hi, we are so grateful to get a lot of support from you. Hope you continue to enjoy our offers. If you have any feedback or suggestions, let us know on https://www.traveloka.com/contactus, our customer service would love to serve you in 24 hours. Thank you!",2023-02-18 02:00:26,3.72.0
Ernita Simatupang,sangat membantu,5,3.71.0,2023-02-18 01:27:48,"Halo Kak, terima kasih banyak atas ratingnya, semoga Kakak tetap nyaman dan selau setia menjadi pelanggan Traveloka. Yuk Kak pantengin terus Traveloka Lifestyle Super App karna kami selalu berikan promo-promo yg menarik loooh, jangan sampai ketinggalan ya :)",2023-02-18 01:30:09,3.71.0
Drama Chinese,cepat dan bagus dan tdk pernah ada masalah,5,3.72.0,2023-02-18 01:09:32,"Hi Kak, senang banget nih dapat rating bagus dari Kakak, terima kasih juga atas feedbacknya! Kenyamanan Kakak adalah prioritas Kami, jika ada pertanyaan lainnya jangan sungkan ya untuk infokan pada kami di https://www.traveloka.com/contactus . Jangan sampai ketinggalan penawaran menarik lainnya di Traveloka Lifestye Super Apps.",2023-02-18 01:30:12,3.72.0
FITRI NIA,Setelah di Upgrade sekarang harga2 nya malah semakin tinggi . Gatau kenapa .. Pilihan hotel justru jelek2,2,3.72.0,2023-02-18 00:05:04,"Hai, Kak Fitri. Mohon maaf atas ketidaknyamanannya. Mengenai harga yang tertera di aplikasi Traveloka bersifat fluktuatif atau dapat berubah mengikuti update langsung dari pihak Hotel. Supaya pesanan kamu bisa lebih hemat, silakan cek promo yang lagi berlangsung disini https://www.traveloka.com/id-id/promotion. Terima kasih. -WR",2023-02-18 00:37:13,3.72.0
Ahmad fiki Nurul hidayah,Semoga kedepannya traveloka memperbaiki pelayanan soalnya dulu sempat kecewa dari pembayaran payletter...dan yang terpenting kalau ada promo syaratnya itu jangan berlebihan dan harus bisa di gunakan ini malah gak bisa digunakan... Niat promo apa cuman nyari mangsa baru,3,3.72.0,2023-02-17 23:37:10,"Hai, Ahmad. Mohon maaf atas ketidaknyamanannya. Dipastikan untuk kenyamanan pengguna Traveloka, kami akan perbaiki dan tingkatkan performa Traveloka. Kalau kamu memiliki kendala atau pertanyaan seputar Traveloka, mohon hubungi kami melalui tautan ini https://www.traveloka.com/id-id/contactus. Terima kasih. -WR",2023-02-18 00:02:41,3.72.0
Bail Pratama,Murah cepat,5,3.71.1,2023-02-17 23:31:26,"Halo Kak, terima kasih banyak atas ratingnya, semoga Kakak tetap nyaman dan selau setia menjadi pelanggan Traveloka. Yuk Kak pantengin terus Traveloka Lifestyle Super App karna kami selalu berikan promo-promo yg menarik loooh, jangan sampai ketinggalan ya :)",2023-02-18 00:00:16,3.71.1
Nia Herawati,Terimakasih Traveloka sangat membantu dalam Travelling,5,3.72.0,2023-02-17 22:27:52,"Halo Kak, terima kasih banyak atas ratingnya, semoga Kakak tetap nyaman dan selau setia menjadi pelanggan Traveloka. Yuk Kak pantengin terus Traveloka Lifestyle Super App karna kami selalu berikan promo-promo yg menarik loooh, jangan sampai ketinggalan ya :)",2023-02-17 22:30:10,3.72.0
Deni Haryono,ok,5,3.72.0,2023-02-17 22:20:33,"Hi, we are so grateful to get a lot of support from you. Hope you continue to enjoy our offers. If you have any feedback or suggestions, let us know on https://www.traveloka.com/contactus, our customer service would love to serve you in 24 hours. Thank you!",2023-02-17 22:30:12,3.72.0
saihut henryanto manahan,Muantap,5,3.71.1,2023-02-17 20:59:03,"Halo Kak, terima kasih banyak atas ratingnya, semoga Kakak tetap nyaman dan selau setia menjadi pelanggan Traveloka. Yuk Kak pantengin terus Traveloka Lifestyle Super App karna kami selalu berikan promo-promo yg menarik loooh, jangan sampai ketinggalan ya :)",2023-02-17 21:00:15,3.71.1
Salim Lim,Tidak suka lagi dgm semua ini Katrna tetlalu berneliy belit,5,3.71.1,2023-02-17 20:40:06,"Hai Kak Salim, maaf banget kalau ada yang membuat kamu tidak nyaman. Silakan sampaikan detail kendalanya melalui https://www.traveloka.com/id-id/contactus supaya mimin bisa bantu. Terima kasih -DZ",2023-02-17 21:03:19,3.71.1
TBE Ra,good,5,3.72.0,2023-02-17 18:42:18,Thank you for leaving a good comment to us. Let us know if you have any suggestion for improvement through https://www.traveloka.com/contactus . Stay around for more interesting offers from Traveloka Lifestyle Super App!,2023-02-17 19:00:19,3.72.0
Muksin Albawah,ok,5,3.71.0,2023-02-17 15:15:36,"Hi, thank you very much for the positive review! Please feel free to contact us at https://www.traveloka.com/contactus we're more than happy to assist you and Stay tuned for more exciting offers on Traveloka Lifestyle Super App.",2023-02-17 15:30:10,3.71.0
amir palu,mnfo,5,3.71.0,2023-02-17 14:50:31,"Hi, thank you very much for the positive review! Please feel free to contact us at https://www.traveloka.com/contactus we're more than happy to assist you and Stay tuned for more exciting offers on Traveloka Lifestyle Super App.",2023-02-17 15:00:09,3.71.0
Choirul Umaroh,cepat dan mudah,5,3.71.1,2023-02-17 14:43:54,"Hi Kak, senang banget nih dapat rating bagus dari Kakak, terima kasih juga atas feedbacknya! Kenyamanan Kakak adalah prioritas Kami, jika ada pertanyaan lainnya jangan sungkan ya untuk infokan pada kami di https://www.traveloka.com/contactus . Jangan sampai ketinggalan penawaran menarik lainnya di Traveloka Lifestye Super Apps.",2023-02-17 15:00:12,3.71.1
masril inyiak,ok,5,3.71.1,2023-02-17 14:21:09,"Hi, thank you very much for the positive review! Please feel free to contact us at https://www.traveloka.com/contactus we're more than happy to assist you and Stay tuned for more exciting offers on Traveloka Lifestyle Super App.",2023-02-17 14:30:10,3.71.1
Muhammad Ihsan Jamaluddin,"aplikasi ok sudah, tinggal di improve secara periodik",5,,2023-02-17 14:19:08,"Hi Kak, senang banget nih dapat rating bagus dari Kakak, terima kasih juga atas feedbacknya! Kenyamanan Kakak adalah prioritas Kami, jika ada pertanyaan lainnya jangan sungkan ya untuk infokan pada kami di https://www.traveloka.com/contactus . Jangan sampai ketinggalan penawaran menarik lainnya di Traveloka Lifestye Super Apps.",2023-02-17 14:30:13,
Rahman Prayoga,Good,3,3.72.0,2023-02-17 14:14:25,"Hi, Rahman. So happy to get three stars from you, thank you for the appreciation. We look forward for your next order. -CA",2023-02-17 14:31:38,3.72.0
Supri adi,respon cepat,5,3.72.0,2023-02-17 14:09:45,"Hi Kak, terima kasih atas feedbacknya, semoga Kakak tetap setia dengan Traveloka. Jika ada pertanyaan lain bisa langsung infokan pada kami di https://www.traveloka.com/contactus ya, Kak. Pantau terus Traveloka Lifestyle Super App untuk penawaran spesial lainnya!",2023-02-17 14:30:16,3.72.0
Mas Ruri,oke sip.. 👍,5,3.72.0,2023-02-17 13:42:12,"Halo Kak, terima kasih banyak atas ratingnya, semoga Kakak tetap nyaman dan selau setia menjadi pelanggan Traveloka. Yuk Kak pantengin terus Traveloka Lifestyle Super App karna kami selalu berikan promo-promo yg menarik loooh, jangan sampai ketinggalan ya :)",2023-02-17 14:00:11,3.72.0
Fany Tanggarery,"terbaikkk sepanjang massa , sangat memudahkan kami dalam pemesanan tiket dll",5,3.72.0,2023-02-17 13:38:54,"Hai Fany, yuhuuuy senangnya mendapat bintang lima dari kamu, Kenyamananmu adalah prioritas Kami. Apabila ada pertanyaan, silakan dapat mengirimkan email ke kami di cs@traveloka.com atau pesan inbox di aplikasi Traveloka ya. Terima kasih. -CA",2023-02-17 14:01:59,3.72.0
Erik Gunawan,"Saya pengguna setia traveloka, tapi saat ini paylater saya tidak aktif lagi semenjak covid sampai sekarang, mohon kiranya do aktifkan kembali, terima kasih",5,3.72.0,2023-02-17 13:29:14,"Hai, Erik. Mohon maaf atas ketidaknyamanannya. Untuk hal tersebut penilaian sepenuhnya dari tim analis PayLater Traveloka. Maka dari itu, supaya bisa dibantu pengecekan lebih lanjut, kamu bisa infokan nama lengkap dan alamat email melalui email di cs@traveloka.com ya. Terima kasih. -IN",2023-02-17 13:34:03,3.72.0
Wiwin WidanengsihSD,"traveloka kereenn dan mempermudah segala perjalanan kita,,terima kasih traveloka sudah bantu saya dalam mempermudah urusan saya",5,3.72.0,2023-02-17 13:05:06,"Hi Kak, senang banget nih dapat rating bagus dari Kakak, terima kasih juga atas feedbacknya! Kenyamanan Kakak adalah prioritas Kami, jika ada pertanyaan lainnya jangan sungkan ya untuk infokan pada kami di https://www.traveloka.com/contactus . Jangan sampai ketinggalan penawaran menarik lainnya di Traveloka Lifestye Super Apps.",2023-02-17 13:30:18,3.72.0
Vicky Coy,sangat membantu kami,5,3.71.1,2023-02-17 12:36:55,"Halo Kak, terima kasih banyak atas ratingnya, semoga Kakak tetap nyaman dan selau setia menjadi pelanggan Traveloka. Yuk Kak pantengin terus Traveloka Lifestyle Super App karna kami selalu berikan promo-promo yg menarik loooh, jangan sampai ketinggalan ya :)",2023-02-17 13:00:18,3.71.1
Mateus Basuki,"Sudah waktunya beralih ke aplikasi yg lbh baik, cepat, mudah akurat, terpecaya, dan singkat waktu refundnya.",1,3.72.0,2023-02-17 12:08:35,"Hai Mateus. Mohon maaf atas ketidaknyamanan kamu. Pada dasarnya lamanya proses refund bergantung lamanya proses dari pihak penyedia jasa ya Kak. Jika ada kendala terkait refund kamu, kamu bisa infokan kepada kami melalui pesan di aplikasi Traveloka kamu atau melalui e-mail di cs@traveloka.com ya. Terima kasih atas pengertiannya. -FR",2023-02-17 12:37:42,3.72.0
Muhammad Vitra,mantap,5,3.72.0,2023-02-17 10:38:49,"Hai, Vitra. Terima kasih atas penilaian dan feedback dari kamu, kami akan terus meningkatkan kepuasan para pengguna. Jika ada pertanyaan lainnya jangan sungkan ya untuk infokan pada kami di https://www.traveloka.com/contactus. Jangan sampai ketinggalan juga penawaran menarik lainnya di Traveloka Lifestye Super Apps. Terima kasih. -KK",2023-02-17 11:02:40,3.72.0
Nengah Surya,sangat membantu,5,3.72.0,2023-02-17 10:34:06,"Halo Kak, terima kasih banyak atas ratingnya, semoga Kakak tetap nyaman dan selau setia menjadi pelanggan Traveloka. Yuk Kak pantengin terus Traveloka Lifestyle Super App karna kami selalu berikan promo-promo yg menarik loooh, jangan sampai ketinggalan ya :)",2023-02-17 11:00:11,3.72.0
bayu samudra,Good...,5,3.66.0,2023-02-17 09:39:00,"Hi, thank you very much for the positive review! Please feel free to contact us at https://www.traveloka.com/contactus we're more than happy to assist you and Stay tuned for more exciting offers on Traveloka Lifestyle Super App.",2023-02-17 10:00:24,3.66.0
febb,sangat memuaskan,5,3.72.0,2023-02-17 09:37:12,"Hi Kak, senang banget nih dapat rating bagus dari Kakak, terima kasih juga atas feedbacknya! Kenyamanan Kakak adalah prioritas Kami, jika ada pertanyaan lainnya jangan sungkan ya untuk infokan pada kami di https://www.traveloka.com/contactus . Jangan sampai ketinggalan penawaran menarik lainnya di Traveloka Lifestye Super Apps.",2023-02-17 10:00:27,3.72.0
Ruli Mgs Muhammad,nice,5,3.71.1,2023-02-17 09:33:05,Thank you for leaving a good comment to us. Let us know if you have any suggestion for improvement through https://www.traveloka.com/contactus . Stay around for more interesting offers from Traveloka Lifestyle Super App!,2023-02-17 10:00:30,3.71.1
SMAN 1 Bulagi,Sangat baik3,5,,2023-02-17 08:38:09,"Halo Kak, terima kasih banyak atas ratingnya, semoga Kakak tetap nyaman dan selau setia menjadi pelanggan Traveloka. Yuk Kak pantengin terus Traveloka Lifestyle Super App karna kami selalu berikan promo-promo yg menarik loooh, jangan sampai ketinggalan ya :)",2023-02-17 09:00:23,
khade jhulia,bagus,5,3.72.0,2023-02-17 08:30:45,"Hi Kak, senang banget nih dapat rating bagus dari Kakak, terima kasih juga atas feedbacknya! Kenyamanan Kakak adalah prioritas Kami, jika ada pertanyaan lainnya jangan sungkan ya untuk infokan pada kami di https://www.traveloka.com/contactus . Jangan sampai ketinggalan penawaran menarik lainnya di Traveloka Lifestye Super Apps.",2023-02-17 09:00:26,3.72.0
ama dony,"anggota baru,,jadi coba dulu..klo ok baru kasi bintang 5",1,3.72.0,2023-02-17 08:21:53,"Makasih atas review kamu ya. Jika nantinya ada pertanyaan atau kendala pada pesanan kamu di Traveloka, silakan menghubungi kami melalui https://www.traveloka.com/id-id/contactus. -MZ",2023-02-17 08:34:37,3.72.0
nurwadi,bgus,5,3.72.0,2023-02-17 08:05:51,"Hai Nurwadi. Terima kasih banyak atas ratingnya, semoga kamu tetap nyaman dan selalu setia menjadi pelanggan Traveloka. Yuk Kak pantengin terus Traveloka Lifestyle Super App karna kami selalu berikan promo-promo yang menarik. Jangan sampai ketinggalan ya. :) -NT",2023-02-17 08:31:26,3.72.0
Dedy Revaldy,Bnyak iklannn di aplikasi lain setannn jgan bnyk iklan di hp setannnn,1,3.50.0,2023-02-17 07:55:45,"Hai, Dedy. Mohon maaf atas pengalaman yang kamu alami. Terkait dengan kendala yang kamu alami dan untuk lakukan pengecekan lebih lanjut, kamu bisa hubungi kami melalui https://www.traveloka.com/contactus. Terima kasih.-TK",2023-02-17 08:04:36,3.50.0
Rania zuhari,Lelet,1,,2023-02-17 07:37:58,Hai Kak Rania. Mohon maaf atas ketidaknyamanan yang kamu alami. Mohon pastikan jaringan internet kamu dalam keadaan stabil ya Kak. Tentunya hal ini menjadi perhatian khusus bagi kami dan tim internal untuk melakukan evaluasi kembali agar tetap bisa memberikan pelayanan prima kepada pelanggan setia Traveloka. Terima kasih. -NT,2023-02-17 08:02:54,
Donny Suryadi,simple mudah banyak promo,5,3.72.0,2023-02-17 07:30:05,"Halo Kak, terima kasih banyak atas ratingnya, semoga Kakak tetap nyaman dan selau setia menjadi pelanggan Traveloka. Yuk Kak pantengin terus Traveloka Lifestyle Super App karna kami selalu berikan promo-promo yg menarik loooh, jangan sampai ketinggalan ya :)",2023-02-17 08:00:12,3.72.0
Slamet Winarno,terimakasih jadi mudah beli tiket,5,3.22.1,2023-02-17 06:53:47,"Halo Kak, terima kasih banyak atas ratingnya, semoga Kakak tetap nyaman dan selau setia menjadi pelanggan Traveloka. Yuk Kak pantengin terus Traveloka Lifestyle Super App karna kami selalu berikan promo-promo yg menarik loooh, jangan sampai ketinggalan ya :)",2023-02-17 07:00:10,3.22.1
Hardy Hasil,ok,4,3.71.1,2023-02-17 06:35:33,"Hi, we are so grateful to get a lot of support from you. Hope you continue to enjoy our offers. If you have any feedback or suggestions, let us know on https://www.traveloka.com/contactus, our customer service would love to serve you in 24 hours. Thank you!",2023-02-17 07:00:13,3.71.1
Sean Masakke,terbaik,5,3.72.0,2023-02-17 06:30:31,"Hai Sean. Terima kasih banyak atas ratingnya, semoga kamu tetap nyaman dan selalu setia menjadi pelanggan Traveloka. Yuk Kak pantengin terus Traveloka Lifestyle Super App karna kami selalu berikan promo-promo yang menarik. Jangan sampai ketinggalan ya. :) -NT",2023-02-17 07:02:01,3.72.0
Yusuf Karunia,"Tolong traveloka Gimana ini? Voucer dari apps 1 hari Tapi hotel 6 jam? Di pikir saya mau booking cewek?saya mau tidur...lebih dari 6jam? Kok malah di persulit... Uda kasih jalan tengah refund aja malah riweh Cs juga di telf lgs matikan telf Tolong perhatikan ya Apa perlu saya ss semua?dari voucer apps 1 hari,hotel cm 6 jam Perlu di catat Konsumen sblm trf kan liat voucer Voucer tertulis 1 hari Kalau apps menyalakan konsumen berarti apps ada miskomunikasi dengan hotel?sehingga perlu evaluasi",1,,2023-02-17 06:13:42,"Halo Yusuf. Sesuai dengan info yang disampaikan oleh tim kami melalui nomor laporan 30xxx925, kamu memilih dengan tipe kamar ""Kamar Transit pemakaian 6 Jam"". Sehingga durasi masa inap pada pesanan kamu selama 6 jam sesuai dengan produk yang dipilih. Terima kasih. -SC",2023-02-17 06:04:28,
Monandar Bagos,Sangat membantu,5,,2023-02-17 05:52:38,"Halo Kak, terima kasih banyak atas ratingnya, semoga Kakak tetap nyaman dan selau setia menjadi pelanggan Traveloka. Yuk Kak pantengin terus Traveloka Lifestyle Super App karna kami selalu berikan promo-promo yg menarik loooh, jangan sampai ketinggalan ya :)",2023-02-17 06:00:10,
Bobi Serma,Good,5,3.71.1,2023-02-17 05:03:57,"Hi, thank you very much for the positive review! Please feel free to contact us at https://www.traveloka.com/contactus we're more than happy to assist you and Stay tuned for more exciting offers on Traveloka Lifestyle Super App.",2023-02-17 05:30:10,3.71.1
Jonison Raban,oke,5,3.69.0,2023-02-17 04:49:29,Hai Jonison. Makasih atas review kamu ya. Makasih juga sudah menjadikan Traveloka sebagai teman perjalanan kamu :) -MZ,2023-02-17 05:02:27,3.69.0
Najemi Yasmin,mantabbb,5,3.71.0,2023-02-17 04:27:04,"Hi, we are so grateful to get a lot of support from you. Hope you continue to enjoy our offers. If you have any feedback or suggestions, let us know on https://www.traveloka.com/contactus, our customer service would love to serve you in 24 hours. Thank you!",2023-02-17 04:30:13,3.71.0
Awy Masamba,Baru mau download tapi setelah baca komentar terbaru ternyata para mengeluh soal pelayanannya,3,,2023-02-17 04:25:57,"Halo Kak Awy, maaf ya sudah membuatmu tidak nyaman. Tingkat kepuasan pelanggan adalah hal terpenting bagi kami. Kamu tidak perlu khawatir, kami akan terus berusaha yang terbaik untuk seluruh pelanggan setia Traveloka. Terima kasih. -OE",2023-02-17 04:35:15,
Bandang Raharjo,ok mantqp,5,3.71.1,2023-02-17 04:20:20,"Thân chào, cảm ơn bạn rất nhiều về việc đánh giá tốt dịch vụ! Vui lòng chia sẽ đến chúng tôi về những góp ý của bạn nhằm nâng cao chất lượng dịch vụ tại https://www.traveloka.com/contactus . Đừng quên theo dõi để biết thêm nhiều ưu đãi hấp dẫn trên Traveloka Lifestyle Super App.",2023-02-17 04:30:17,3.71.1
rosmida ali,baik,5,3.72.0,2023-02-17 04:19:36,"Halo Kak, terima kasih banyak atas ratingnya, semoga Kakak tetap nyaman dan selau setia menjadi pelanggan Traveloka. Yuk Kak pantengin terus Traveloka Lifestyle Super App karna kami selalu berikan promo-promo yg menarik loooh, jangan sampai ketinggalan ya :)",2023-02-17 04:30:21,3.72.0
Novyanthi Christofer,Bagus untuk perjalanan,4,3.71.1,2023-02-17 03:50:58,"Halo Kak, terima kasih banyak atas ratingnya, semoga Kakak tetap nyaman dan selau setia menjadi pelanggan Traveloka. Yuk Kak pantengin terus Traveloka Lifestyle Super App karna kami selalu berikan promo-promo yg menarik loooh, jangan sampai ketinggalan ya :)",2023-02-17 04:00:10,3.71.1
cicha sipduech,nice 👍🏻,5,3.72.0,2023-02-17 03:36:53,"Hi, we are so grateful to get a lot of support from you. Hope you continue to enjoy our offers. If you have any feedback or suggestions, let us know on https://www.traveloka.com/contactus, our customer service would love to serve you in 24 hours. Thank you!",2023-02-17 04:00:13,3.72.0
comel motorvlog,bagus... promo diperbanyak lagi.,5,3.72.0,2023-02-17 03:35:05,"Hi Kak, terima kasih atas feedbacknya, semoga Kakak tetap setia dengan Traveloka. Jika ada pertanyaan lain bisa langsung infokan pada kami di https://www.traveloka.com/contactus ya, Kak. Pantau terus Traveloka Lifestyle Super App untuk penawaran spesial lainnya!",2023-02-17 04:00:16,3.72.0
Agus Saputra,mudah dan praktis,5,3.72.0,2023-02-17 01:47:07,"Halo Kak, terima kasih banyak atas ratingnya, semoga Kakak tetap nyaman dan selau setia menjadi pelanggan Traveloka. Yuk Kak pantengin terus Traveloka Lifestyle Super App karna kami selalu berikan promo-promo yg menarik loooh, jangan sampai ketinggalan ya :)",2023-02-17 02:00:10,3.72.0
Subair Bair,sangat membantu,3,3.72.0,2023-02-17 01:26:11,"Hai, Subair. Terima kasih atas review yang kamu berikan dan terima kasih telah menggunakan Traveloka sebagai partner perjalanan kamu. -SY",2023-02-17 01:33:05,3.72.0
Alesha Dimawaty,baik,4,,2023-02-17 01:11:04,"Halo Kak, terima kasih banyak atas ratingnya, semoga Kakak tetap nyaman dan selau setia menjadi pelanggan Traveloka. Yuk Kak pantengin terus Traveloka Lifestyle Super App karna kami selalu berikan promo-promo yg menarik loooh, jangan sampai ketinggalan ya :)",2023-02-17 01:30:12,
Gar Agustian,"Sejauh ini saya selalu puas make aplikasi ini dari dulu, mau rescheduled tiket pun cukup mudah dan cepat ga perlu nunggu berjam-jam.",5,3.72.0,2023-02-17 00:52:56,"Halo Kak, terima kasih banyak atas ratingnya, semoga Kakak tetap nyaman dan selau setia menjadi pelanggan Traveloka. Yuk Kak pantengin terus Traveloka Lifestyle Super App karna kami selalu berikan promo-promo yg menarik loooh, jangan sampai ketinggalan ya :)",2023-02-17 01:00:18,3.72.0
Stg Alpha,bagus,4,3.71.1,2023-02-17 00:33:34,"Hi Kak, senang banget nih dapat rating bagus dari Kakak, terima kasih juga atas feedbacknya! Kenyamanan Kakak adalah prioritas Kami, jika ada pertanyaan lainnya jangan sungkan ya untuk infokan pada kami di https://www.traveloka.com/contactus . Jangan sampai ketinggalan penawaran menarik lainnya di Traveloka Lifestye Super Apps.",2023-02-17 01:00:20,3.71.1
Angga Permana,keren bgd Traveloka .. sangat membantu 👍👍👍,5,3.72.0,2023-02-17 00:16:15,"Halo Kak, terima kasih banyak atas ratingnya, semoga Kakak tetap nyaman dan selau setia menjadi pelanggan Traveloka. Yuk Kak pantengin terus Traveloka Lifestyle Super App karna kami selalu berikan promo-promo yg menarik loooh, jangan sampai ketinggalan ya :)",2023-02-17 00:30:08,3.72.0
Rachmika Dian Pratiwi,"my app doesn't work, i dont know why. No respon, no result. Bye",1,3.72.0,2023-02-16 23:40:29,"Hi, Rachmika. Sorry for the inconvenience you encountered. To help us understand the problem you are experiencing, please kindly help to contact Traveloka via https://www.traveloka.com/en-en/contactus. Thank you. -SY",2023-02-17 00:04:07,3.72.0
Dhidik Apriyanto,sip mantap,5,3.72.0,2023-02-16 23:36:32,"Halo Kak, terima kasih banyak atas ratingnya, semoga Kakak tetap nyaman dan selau setia menjadi pelanggan Traveloka. Yuk Kak pantengin terus Traveloka Lifestyle Super App karna kami selalu berikan promo-promo yg menarik loooh, jangan sampai ketinggalan ya :)",2023-02-17 00:00:14,3.72.0
Andre Saputra,bagus,5,3.71.1,2023-02-16 23:18:35,"Halo Kak, terima kasih banyak atas ratingnya, semoga Kakak tetap nyaman dan selau setia menjadi pelanggan Traveloka. Yuk Kak pantengin terus Traveloka Lifestyle Super App karna kami selalu berikan promo-promo yg menarik loooh, jangan sampai ketinggalan ya :)",2023-02-16 23:30:10,3.71.1
Wiwi Win,sangat membantu skali smoga pelayanannya semakin bagus,5,3.72.0,2023-02-16 22:47:35,"Halo Kak, terima kasih banyak atas ratingnya, semoga Kakak tetap nyaman dan selau setia menjadi pelanggan Traveloka. Yuk Kak pantengin terus Traveloka Lifestyle Super App karna kami selalu berikan promo-promo yg menarik loooh, jangan sampai ketinggalan ya :)",2023-02-16 23:00:13,3.72.0
Aziz jazuli,"Rekomended, makasih traveloka",5,3.72.0,2023-02-16 22:30:38,"Hi Kak, senang banget nih dapat rating bagus dari Kakak, terima kasih juga atas feedbacknya! Kenyamanan Kakak adalah prioritas Kami, jika ada pertanyaan lainnya jangan sungkan ya untuk infokan pada kami di https://www.traveloka.com/contactus . Jangan sampai ketinggalan penawaran menarik lainnya di Traveloka Lifestye Super Apps.",2023-02-16 23:00:16,3.72.0
Abdul Rahman,sangat bagus good job,3,3.72.0,2023-02-16 22:10:57,"Hi Kak, senang banget nih dapat rating bagus dari Kakak, terima kasih juga atas feedbacknya! Kenyamanan Kakak adalah prioritas Kami, jika ada pertanyaan lainnya jangan sungkan ya untuk infokan pada kami di https://www.traveloka.com/contactus . Jangan sampai ketinggalan penawaran menarik lainnya di Traveloka Lifestye Super Apps.",2022-02-01 09:00:25,3.72.0
Guntur Nurdin,sangat membantu,5,3.72.0,2023-02-16 20:34:05,"Halo Kak, terima kasih banyak atas ratingnya, semoga Kakak tetap nyaman dan selau setia menjadi pelanggan Traveloka. Yuk Kak pantengin terus Traveloka Lifestyle Super App karna kami selalu berikan promo-promo yg menarik loooh, jangan sampai ketinggalan ya :)",2023-02-16 21:00:11,3.72.0
wawan Junaidi,Rekomen lancar,5,3.71.1,2023-02-16 16:49:53,"Hai, Kak Wawan. Mohon maaf sebelumnya. Terkait refund kamu sudah ditangani oleh tim internal kami di nomor laporan 30xxxx10. Mohon menunggu informasi selanjutnya melalui fitur ""Inbox"" pada aplikasi Traveloka kamu. Terima kasih. -VK",2023-02-12 02:37:02,3.71.1
Fitri Amalia,"Most traumatic experience is using traveloka. I was billed for a paylater debt that I didn't even use. The customer services just answering by template and not solving for a weeks. Meanwhile, their dept collector keep calling me for more than 50 times a day (using different number). Such a nightmare and traumatic experience. I then end up paying the dept (with hard feeling cause I DIDN'T USED IT). I decide to close my Traveloka account but it also turned out to be very complicated process.",1,3.71.1,2023-02-16 16:17:18,"Hi, Fitri. We do apologize for this inconvenience. Your problem is under investigate with our Specialist Team on 30xxxx10. Any update of your case will be informed on email and App message. Please kindly check it repeatedly. Thank you. -OR",2023-02-16 16:36:01,3.71.1
Ghurunda Sadewadewa,Tingkatkan,2,3.71.1,2023-02-16 14:51:36,"Hai Sadewa, terima kasih atas masukan kamu Kak. Jika nantinya kamu mempunyai pertanyaan kamu bisa hubungi kami melalui https://www.traveloka.com/id-id/ Kak. Makasih. -AH",2023-02-16 15:02:03,3.71.1
HAINST NST,ok,5,3.71.1,2023-02-16 14:47:14,"Hi, thank you very much for the positive review! Please feel free to contact us at https://www.traveloka.com/contactus we're more than happy to assist you and Stay tuned for more exciting offers on Traveloka Lifestyle Super App.",2023-02-16 15:00:10,3.71.1
Penghibur Tube,sangat membamtu,5,3.72.0,2023-02-16 14:32:52,"Hi Kak, senang banget nih dapat rating bagus dari Kakak, terima kasih juga atas feedbacknya! Kenyamanan Kakak adalah prioritas Kami, jika ada pertanyaan lainnya jangan sungkan ya untuk infokan pada kami di https://www.traveloka.com/contactus . Jangan sampai ketinggalan penawaran menarik lainnya di Traveloka Lifestye Super Apps.",2023-02-16 15:00:12,3.72.0
Kris Muraharjo,"Saya sssuai nama say diatas,saya uninstal aplikasinya karena tambah kartu debit tidak bisa dan pengajuan paylater saya ditolah,dan tolong halus data2 saya sekalian jangan sampai disalah gunakan.semua diluar tanggung jawab saya ingat itu.",1,,2023-02-16 13:48:27,"Hai, Kris. Mohon maaf atas pengalaman yang kamu alami. Terkait dengan pendaftaran PayLater, penilaian dilakukan langsung oleh tim analis PayLater dan sesuai dengan kriteria yang dibutuhkan. Kamu juga bisa hubungi langsung ke akun IG PayLater Traveloka di https://www.instagram.com/travelokapaylater/ jika ada kendala atau pertanyaan. Terima kasih.-TK",2023-02-16 14:05:03,
Ilvan arsam nurgas,Mantaplah,5,3.11.0,2023-02-16 13:32:21,"Hai kak, senangnya mendapat bintang lima dari kamu, terima kasih atas apresiasinya, semoga kaka tetap nyaman dan selau setia menjadi pelanggan Traveloka, yuk ka pantengin terus traveloka karna kami selalu berikan promo promo yg menarik loooh, jangan sampai ketinggalan ya. -DA",2023-02-16 14:01:35,3.11.0
Kang Adam,cepat dan mudah dalam melakukan transaksi,5,3.72.0,2023-02-16 12:36:33,"Halo Kak, terima kasih banyak atas ratingnya, semoga Kakak tetap nyaman dan selau setia menjadi pelanggan Traveloka. Yuk Kak pantengin terus Traveloka Lifestyle Super App karna kami selalu berikan promo-promo yg menarik loooh, jangan sampai ketinggalan ya :)",2023-02-16 13:00:12,3.72.0
Richy Sejahtra,baik,5,3.72.0,2023-02-16 11:33:25,"Halo Kak, terima kasih banyak atas ratingnya, semoga Kakak tetap nyaman dan selau setia menjadi pelanggan Traveloka. Yuk Kak pantengin terus Traveloka Lifestyle Super App karna kami selalu berikan promo-promo yg menarik loooh, jangan sampai ketinggalan ya :)",2023-02-16 12:00:16,3.72.0
tya tya cannel,quick service,5,3.72.0,2023-02-16 11:05:40,"Hi, thank you very much for the positive review! Please feel free to contact us at https://www.traveloka.com/contactus we're more than happy to assist you and Stay tuned for more exciting offers on Traveloka Lifestyle Super App.",2023-02-16 11:30:08,3.72.0
Randy suardy,Traveloka mantap,5,3.72.0,2023-02-16 10:47:50,"Halo Kak, terima kasih banyak atas ratingnya, semoga Kakak tetap nyaman dan selau setia menjadi pelanggan Traveloka. Yuk Kak pantengin terus Traveloka Lifestyle Super App karna kami selalu berikan promo-promo yg menarik loooh, jangan sampai ketinggalan ya :)",2023-02-16 11:00:10,3.72.0
Data Donga,ok,5,3.72.0,2023-02-16 10:05:15,"Hi, we are so grateful to get a lot of support from you. Hope you continue to enjoy our offers. If you have any feedback or suggestions, let us know on https://www.traveloka.com/contactus, our customer service would love to serve you in 24 hours. Thank you!",2023-02-16 10:30:18,3.72.0
ali firmansyah,biasa aja,5,3.71.1,2023-02-16 09:18:37,"Hai, Kak. Terima kasih telah menjadikan Traveloka sebagai mitra perjalanan Anda. Kami tunggu pesanan selanjutnya. Terima kasih. -EP",2023-02-16 09:33:17,3.71.1
Liva Nirvana,"Kenapa sih pembayaran paylater cuma bisa pakai bca mandiri, kn gk punya itu bank, pdhal dah bagus bgt loh apk nya, cuma metode bayarnya di era jaman yg memudahkan pembayaran kenapa traveloka cuma pakai 2 bank itu😭, tolong dong di tambah lagi metode bayarnya bisa pakai bni bsi dll",2,3.71.1,2023-02-16 08:54:36,"Hai Liva, maaf ya atas ketidaknyamanannya dan terima kasih atas masukan yang diberikan agar pelayanan kami lebih baik kedepannya. Apabila ada pertanyaan lain, kamu bisa hubungi kami di link ini https://www.traveloka.com/id-id/contactus. Terima kasih. -CA",2023-02-16 09:02:21,3.71.1
Dya Review,Mengecewakan,3,3.72.0,2023-02-16 08:52:30,"Hai, Dya. Mohon maaf atas pengalaman yang kamu alami. Jika saat ini kamu ada kendala terkait dengan pemesanan, kamu bisa hubungi kami melalui https://www.traveloka.com/contactus. Terima kasih.-TK",2023-02-16 09:02:53,3.72.0
Badar fayadh Badar fayadh,Alhmdllh bagus banget buat bantu perjalanan keluarga,5,,2023-02-16 08:01:03,"Halo Kak, terima kasih banyak atas ratingnya, semoga Kakak tetap nyaman dan selau setia menjadi pelanggan Traveloka. Yuk Kak pantengin terus Traveloka Lifestyle Super App karna kami selalu berikan promo-promo yg menarik loooh, jangan sampai ketinggalan ya :)",2023-02-16 08:30:20,
Mola Laundry,memuaskan layanannya,5,3.71.1,2023-02-16 07:52:11,"Halo Kak, terima kasih banyak atas ratingnya, semoga Kakak tetap nyaman dan selau setia menjadi pelanggan Traveloka. Yuk Kak pantengin terus Traveloka Lifestyle Super App karna kami selalu berikan promo-promo yg menarik loooh, jangan sampai ketinggalan ya :)",2023-02-16 08:00:28,3.71.1
Andi Saogo,oke,4,3.71.1,2023-02-16 07:39:28,"Hai, Andi. Terima kasih atas feedbacknya, semoga Kakak tetap setia dengan Traveloka. Jika ada pertanyaan lain bisa langsung infokan pada kami di https://www.traveloka.com/contactus ya, Kak. Pantau terus Traveloka Lifestyle Super App untuk penawaran spesial lainnya! -CA",2023-02-16 08:03:32,3.71.1
Mirwan Maulana,"Gak rekomendasi pakai traveloka, refund sudah lama dan gak sesuai estimasi yg di informasikan sebelumnya. Saya terima refund cuma 33%. Sadissss",1,3.72.0,2023-02-16 07:33:56,"Hai Mirwan, maaf sudah buat kamu ga nyaman. Saat ini kendala kamu sedang ditangani oleh tim Customer Service kami pada nomor laporan 30xxxx83. Mohon menunggu konfirmasi selanjutnya ya Kak. Terima kasih. -NA
",2023-02-16 08:04:08,3.72.0
Dwi Retno Np,ok,5,3.71.1,2023-02-16 07:07:38,"Hi, we are so grateful to get a lot of support from you. Hope you continue to enjoy our offers. If you have any feedback or suggestions, let us know on https://www.traveloka.com/contactus, our customer service would love to serve you in 24 hours. Thank you!",2023-02-16 07:30:11,3.71.1
reza jkt,saya nyaman pake aplikasi ini...,5,3.71.1,2023-02-16 06:59:46,"Halo Kak, terima kasih banyak atas ratingnya, semoga Kakak tetap nyaman dan selau setia menjadi pelanggan Traveloka. Yuk Kak pantengin terus Traveloka Lifestyle Super App karna kami selalu berikan promo-promo yg menarik loooh, jangan sampai ketinggalan ya :)",2023-02-16 07:00:16,3.71.1
eko bersyukur,"terbaik, pemberitahuan cancel cepat dr yg lain,",5,3.71.1,2023-02-16 06:52:18,"Hi Kak, senang banget nih dapat rating bagus dari Kakak, terima kasih juga atas feedbacknya! Kenyamanan Kakak adalah prioritas Kami, jika ada pertanyaan lainnya jangan sungkan ya untuk infokan pada kami di https://www.traveloka.com/contactus . Jangan sampai ketinggalan penawaran menarik lainnya di Traveloka Lifestye Super Apps.",2023-02-16 07:00:19,3.71.1
Haji Pendi,sekarang jarang ada diskon,4,,2023-02-16 06:35:37,"Halo, Haji Pendi. Untuk promo-promo yang tertera akan di-update secara berkala. Kamu bisa cek untuk promo-promonya di aplikasi Traveloka kamu atau di sini https://www.traveloka.com/id-id/promotion ya. Terima kasih. -SY",2023-02-16 07:06:21,
Kus Miran,"Terima kasih traveloka, saya jadi lebih mudah bertransaksi pembelian tiket",5,3.71.1,2023-02-16 05:26:13,"Halo Kak, terima kasih banyak atas ratingnya, semoga Kakak tetap nyaman dan selau setia menjadi pelanggan Traveloka. Yuk Kak pantengin terus Traveloka Lifestyle Super App karna kami selalu berikan promo-promo yg menarik loooh, jangan sampai ketinggalan ya :)",2023-02-16 05:30:10,3.71.1
widya asnawi,Mempermudah proses perjalanan,5,,2023-02-16 05:12:58,"Hi Kak, senang banget nih dapat rating bagus dari Kakak, terima kasih juga atas feedbacknya! Kenyamanan Kakak adalah prioritas Kami, jika ada pertanyaan lainnya jangan sungkan ya untuk infokan pada kami di https://www.traveloka.com/contactus . Jangan sampai ketinggalan penawaran menarik lainnya di Traveloka Lifestye Super Apps.",2023-02-16 05:30:12,
Ali Husain Alatas,terimakasih,5,3.70.1,2023-02-16 05:00:30,"Hi Kak, terima kasih atas feedbacknya, semoga Kakak tetap setia dengan Traveloka. Jika ada pertanyaan lain bisa langsung infokan pada kami di https://www.traveloka.com/contactus ya, Kak. Pantau terus Traveloka Lifestyle Super App untuk penawaran spesial lainnya!",2023-02-16 05:30:14,3.70.1
"Eko Susanto, SP.",ok,5,3.71.1,2023-02-16 04:57:31,"Hi, thank you very much for the positive review! Please feel free to contact us at https://www.traveloka.com/contactus we're more than happy to assist you and Stay tuned for more exciting offers on Traveloka Lifestyle Super App.",2023-02-16 05:00:10,3.71.1
Afwan,bgus,1,3.71.1,2023-02-16 04:50:32,"Hai Afwan, terima kasih sudah menggunakan Traveloka. Jika ada pertanyaan atau kendala yang bisa kami bantu, silakan hubungi kami melalui https://www.traveloka.com/id-id/contactus ya. Terima kasih. -NA",2023-02-16 05:02:46,3.71.1
wahyu kuncoro,👍,5,3.71.1,2023-02-16 04:34:29,"Hai, Wahyu. Terima kasih untuk review dan bintang 5 yang kamu berikan ya, mimin senang banget deh lihatnya hehehe. Sehat dan sukses selalu buat kamu serta keluarga. Mimin tunggu pesanan kamu selanjutnya :) -AM",2023-02-16 05:01:55,3.71.1
Don JOE,ok,5,3.71.1,2023-02-16 04:01:57,"Hi, thank you very much for the positive review! Please feel free to contact us at https://www.traveloka.com/contactus we're more than happy to assist you and Stay tuned for more exciting offers on Traveloka Lifestyle Super App.",2023-02-16 04:30:10,3.71.1
Nasir Kingnder,nice,5,3.71.1,2023-02-16 03:45:36,"Hi, thank you very much for the positive review! Please feel free to contact us at https://www.traveloka.com/contactus we're more than happy to assist you and Stay tuned for more exciting offers on Traveloka Lifestyle Super App.",2023-02-16 04:00:10,3.71.1
wagi ono,Sayangnya wilayah penjaringan tidak ada bus terdekat seperti muara angke penjaringan gedong panjang dan juga muara baru jadi gak bisa mesen tiket di sana deh 🥲 uninstall lagi aja semoga bakal ada bus rute keberangkatan terdekat 🙏,4,3.72.0,2023-02-16 02:28:37,"Halo Kak. Untuk titik keberangkatan maupun ketibaan ditentukan oleh pihak PO Bus. Semoga kedepannya PO Bus bisa menjangkau lebih banyak titik penjemputan ya. Jika ada pertanyaan lebih lanjut, kamu bisa menghubungi kami melalui https://www.traveloka.com/id-id/contactus. Terima kasih. -MZ",2023-02-16 02:33:13,3.72.0
Maryudika Gea,lebih murah,5,3.71.1,2023-02-16 02:21:49,"Halo Kak, terima kasih banyak atas ratingnya, semoga Kakak tetap nyaman dan selau setia menjadi pelanggan Traveloka. Yuk Kak pantengin terus Traveloka Lifestyle Super App karna kami selalu berikan promo-promo yg menarik loooh, jangan sampai ketinggalan ya :)",2023-02-16 02:30:11,3.71.1
Waddighofranhana Rambe,sangat bermanfaat,5,3.71.1,2023-02-16 02:17:20,"Hi Kak, senang banget nih dapat rating bagus dari Kakak, terima kasih juga atas feedbacknya! Kenyamanan Kakak adalah prioritas Kami, jika ada pertanyaan lainnya jangan sungkan ya untuk infokan pada kami di https://www.traveloka.com/contactus . Jangan sampai ketinggalan penawaran menarik lainnya di Traveloka Lifestye Super Apps.",2023-02-16 02:30:15,3.71.1
Firman Popaye,sangat puas,5,3.69.1,2023-02-16 01:52:32,"Halo Kak, terima kasih banyak atas ratingnya, semoga Kakak tetap nyaman dan selau setia menjadi pelanggan Traveloka. Yuk Kak pantengin terus Traveloka Lifestyle Super App karna kami selalu berikan promo-promo yg menarik loooh, jangan sampai ketinggalan ya :)",2023-02-16 02:00:09,3.69.1
dan fardan,lumayan,4,3.71.1,2023-02-16 01:36:15,"Hi Kak, senang banget nih dapat rating bagus dari Kakak, terima kasih juga atas feedbacknya! Kenyamanan Kakak adalah prioritas Kami, jika ada pertanyaan lainnya jangan sungkan ya untuk infokan pada kami di https://www.traveloka.com/contactus . Jangan sampai ketinggalan penawaran menarik lainnya di Traveloka Lifestye Super Apps.",2023-02-16 02:00:12,3.71.1
yaneskristinawando yaneskristinawando7,Bzud,4,,2023-02-16 01:32:05,Thank you for leaving a good comment to us. Let us know if you have any suggestion for improvement through https://www.traveloka.com/contactus . Stay around for more interesting offers from Traveloka Lifestyle Super App!,2023-02-16 02:00:15,
Mohamad_ Jasri,Terima kasih,5,3.71.1,2023-02-16 01:15:44,"Halo Kak, terima kasih banyak atas ratingnya, semoga Kakak tetap nyaman dan selau setia menjadi pelanggan Traveloka. Yuk Kak pantengin terus Traveloka Lifestyle Super App karna kami selalu berikan promo-promo yg menarik loooh, jangan sampai ketinggalan ya :)",2023-02-16 01:30:09,3.71.1
Raden Alfarabi,good service,5,3.71.1,2023-02-16 00:08:15,"Hi, thank you very much for the positive review! Please feel free to contact us at https://www.traveloka.com/contactus we're more than happy to assist you and Stay tuned for more exciting offers on Traveloka Lifestyle Super App.",2023-02-16 00:30:09,3.71.1
Simopiaref Alexander,Top,5,,2023-02-15 23:33:07,"Hi, thank you very much for the positive review! Please feel free to contact us at https://www.traveloka.com/contactus we're more than happy to assist you and Stay tuned for more exciting offers on Traveloka Lifestyle Super App.",2023-02-16 00:00:21,
Maxs Agusto,Good,5,3.72.0,2023-02-15 22:54:35,"Hi, thank you very much for the positive review! Please feel free to contact us at https://www.traveloka.com/contactus we're more than happy to assist you and Stay tuned for more exciting offers on Traveloka Lifestyle Super App.",2023-02-15 23:00:10,3.72.0
IWAN ZAKA TV,"sangat membantu, terima kasih",5,3.72.0,2023-02-15 18:49:20,"Halo Kak, terima kasih banyak atas ratingnya, semoga Kakak tetap nyaman dan selau setia menjadi pelanggan Traveloka. Yuk Kak pantengin terus Traveloka Lifestyle Super App karna kami selalu berikan promo-promo yg menarik loooh, jangan sampai ketinggalan ya :)",2023-02-15 19:00:14,3.72.0
Cholis Nur,ok,5,3.69.0,2023-02-15 15:24:04,"Hi, thank you very much for the positive review! Please feel free to contact us at https://www.traveloka.com/contactus we're more than happy to assist you and Stay tuned for more exciting offers on Traveloka Lifestyle Super App.",2023-02-15 15:30:11,3.69.0
Efrizal Nursewan,the best,5,3.71.1,2023-02-15 15:19:08,"Hi, we are so grateful to get a lot of support from you. Hope you continue to enjoy our offers. If you have any feedback or suggestions, let us know on https://www.traveloka.com/contactus, our customer service would love to serve you in 24 hours. Thank you!",2023-02-15 15:30:14,3.71.1
BIMMER PROJECT,Good,5,,2023-02-15 15:05:01,Thank you for leaving a good comment to us. Let us know if you have any suggestion for improvement through https://www.traveloka.com/contactus . Stay around for more interesting offers from Traveloka Lifestyle Super App!,2023-02-15 15:30:17,
Teuku Alwi,sangat bermanfaat,5,3.71.1,2023-02-15 14:41:41,"Halo Kak, terima kasih banyak atas ratingnya, semoga Kakak tetap nyaman dan selau setia menjadi pelanggan Traveloka. Yuk Kak pantengin terus Traveloka Lifestyle Super App karna kami selalu berikan promo-promo yg menarik loooh, jangan sampai ketinggalan ya :)",2023-02-15 15:00:24,3.71.1
Nur Hayati,Bagus,5,,2023-02-15 14:27:48,"Halo Kak, terima kasih banyak atas ratingnya, semoga Kakak tetap nyaman dan selau setia menjadi pelanggan Traveloka. Yuk Kak pantengin terus Traveloka Lifestyle Super App karna kami selalu berikan promo-promo yg menarik loooh, jangan sampai ketinggalan ya :)",2023-02-15 14:30:14,
Diana Ria,thanks u sangat membantu,5,3.72.0,2023-02-15 13:44:52,"Hai kak, senangnya mendapat bintang lima dari kamu, terima kasih atas apresiasinya, semoga kaka tetap nyaman dan selau setia menjadi pelanggan Traveloka, yuk ka pantengin terus traveloka karna kami selalu berikan promo promo yg menarik loooh, jangan sampai ketinggalan ya. -DA",2023-02-15 14:06:31,3.72.0
Bagus,mantap sekali,5,3.69.0,2023-02-15 12:59:54,"Halo Kak, terima kasih banyak atas ratingnya, semoga Kakak tetap nyaman dan selau setia menjadi pelanggan Traveloka. Yuk Kak pantengin terus Traveloka Lifestyle Super App karna kami selalu berikan promo-promo yg menarik loooh, jangan sampai ketinggalan ya :)",2023-02-15 13:00:10,3.69.0
Dion mulyadi,mantap bgtt,5,3.71.1,2023-02-15 11:57:17,"Halo Kak, terima kasih banyak atas ratingnya, semoga Kakak tetap nyaman dan selau setia menjadi pelanggan Traveloka. Yuk Kak pantengin terus Traveloka Lifestyle Super App karna kami selalu berikan promo-promo yg menarik loooh, jangan sampai ketinggalan ya :)",2023-02-15 12:00:14,3.71.1
Ade Darmana,Mantul...,5,3.55.1,2023-02-15 11:38:06,"Hi Kak, senang banget nih dapat rating bagus dari Kakak, terima kasih juga atas feedbacknya! Kenyamanan Kakak adalah prioritas Kami, jika ada pertanyaan lainnya jangan sungkan ya untuk infokan pada kami di https://www.traveloka.com/contactus . Jangan sampai ketinggalan penawaran menarik lainnya di Traveloka Lifestye Super Apps.",2023-02-15 12:00:17,3.55.1
Danil Skg,keren n sangat membantu,5,3.71.1,2023-02-15 10:14:55,"Halo Kak, terima kasih banyak atas ratingnya, semoga Kakak tetap nyaman dan selau setia menjadi pelanggan Traveloka. Yuk Kak pantengin terus Traveloka Lifestyle Super App karna kami selalu berikan promo-promo yg menarik loooh, jangan sampai ketinggalan ya :)",2023-02-15 10:30:12,3.71.1
zona gapenting,sangat bagus,5,3.71.1,2023-02-15 10:14:05,"Hi Kak, senang banget nih dapat rating bagus dari Kakak, terima kasih juga atas feedbacknya! Kenyamanan Kakak adalah prioritas Kami, jika ada pertanyaan lainnya jangan sungkan ya untuk infokan pada kami di https://www.traveloka.com/contactus . Jangan sampai ketinggalan penawaran menarik lainnya di Traveloka Lifestye Super Apps.",2023-02-15 10:30:15,3.71.1
sumida young,cepat prosesnya,5,3.71.1,2023-02-15 09:20:12,"Halo Kak, terima kasih banyak atas ratingnya, semoga Kakak tetap nyaman dan selau setia menjadi pelanggan Traveloka. Yuk Kak pantengin terus Traveloka Lifestyle Super App karna kami selalu berikan promo-promo yg menarik loooh, jangan sampai ketinggalan ya :)",2023-02-15 09:30:10,3.71.1
maulana rismawan,"Log in ke akun saya susah dapat kode verifikasi, applikasi sering erorr... Kecewa Saya laporan ke pihak traveloka malah disuruh login,pdhal saya lohin saja susah...",1,3.71.1,2023-02-15 07:23:21,Hai Kak. Mohon maaf atas ketidaknyamanannya. Mohon untuk sampaikan keluhan kamu secara detail melalui https://www.traveloka.com/id-id/contactus. Supaya kami dapat membantu permasalahan kamu. Terima kasih. -DA,2023-02-15 07:01:09,3.71.1
malvin lie,akan saya coba kembali,4,3.71.1,2023-02-15 07:19:45,"Halo Kak, terima kasih banyak atas ratingnya, semoga Kakak tetap nyaman dan selau setia menjadi pelanggan Traveloka. Yuk Kak pantengin terus Traveloka Lifestyle Super App karna kami selalu berikan promo-promo yg menarik loooh, jangan sampai ketinggalan ya :)",2023-02-15 07:30:18,3.71.1
Redy Maramis,"Ini aplikasi se enak nya aj!kita beli tiket pesawat dengan satu kali perjalanan/tujuan,setelah kita bayar kita di nermalkan di kota transit dengan biaya sendiri!!!!",1,3.71.1,2023-02-15 06:00:16,Hai Kak. Mohon maaf atas ketidaknyamanannya. Mohon untuk sampaikan keluhan kamu secara detail melalui https://www.traveloka.com/id-id/contactus. Supaya kami dapat membantu permasalahan kamu. Terima kasih. -DA,2023-02-15 06:31:51,3.71.1
Aris Wahyu Pratama,Josss,5,3.71.1,2023-02-15 05:52:53,"Hai, Aris. Terima kasih untuk review dan bintang 5 yang kamu berikan ya, mimin senang banget deh lihatnya hehehe. Sehat dan sukses selalu buat kamu serta keluarga. Mimin tunggu pesanan kamu selanjutnya :) -AM",2023-02-15 06:01:21,3.71.1
desti alfianingsih,Mau refund potongan besar bgt. Sangat kecewa.,1,3.69.1,2023-02-15 05:06:17,Halo Desti. Mohon maaf buat kamu gak nyaman. Kebijakan refund sepenuhnya mengikuti kebijakan pihak penyedia. Silakan menghubungi kami melalui https://www.traveloka.com/id-id/contactus untuk pengecekan lebih lanjut terkait refund kamu. Terima kasih. -MZ,2023-02-15 05:31:57,3.69.1
Novita Amandaa,good,5,3.64.0,2023-02-15 04:41:59,"Hi, Novita. Thank you for your review and 5 stars. We are so glad to see that! If you have any question or problem with Traveloka, kindly contact us through this link https://www.traveloka.com/contactus. Thank you. -AM",2023-02-15 05:06:09,3.64.0
Inggriet Marcella,gak ribet,5,3.71.1,2023-02-15 04:35:29,"Halo, Inggriet. Terima kasih atas feedback kamu, jangan sungkan untuk hubungi kami ya jika mempunyai pertanyaan. Kakak bisa hubungi kami melalui https://www.traveloka.com/id-id/contactus ya. Terima kasih. -PA",2023-02-15 05:05:17,3.71.1
Zulkarnaen Nengkey,sangat membantu 👍👍👍👍👍,5,3.71.0,2023-02-15 04:35:23,"Hai Zulkarnaen, terima kasih sudah menggunakan Traveloka dan rating yang kamu berikan. Jika ada pertanyaan atau kendala yang bisa kami bantu, silakan hubungi kami melalui https://www.traveloka.com/id-id/contactus ya. Terima kasih. -NA",2023-02-15 05:04:57,3.71.0
Bendi Andriansyah,the best,5,3.71.1,2023-02-15 04:32:09,"Hi Bendi, so happy to get five stars from you, thank you for the appreciation. We look forward for your next order :) -RM",2023-02-15 05:04:35,3.71.1
Krisna Putra,tiket yg habis harap di hapus dari daftar tiket.. karena ada yg murah tapi tiketnya habis . kalau sudah habis tiketnya di hapus dong..,3,,2023-02-15 04:16:27,"Hai Krisna. Maaf buat kamu tidak nyaman. Untuk ketersediaan tiket penerbangan dan lainnya pada dasarnya mengikuti update dari pihak maskapai dan supplier. Kamu bisa coba cek berkala atau pilih pada tanggal lain yang tersedia. Jika ada pertanyaan lebih lanjut, silakan hubungi kami di link https://www.traveloka.com/id-id/contactus. Terima kasih. -RM",2023-02-15 04:33:28,
basri rahim,thank you 💓,5,3.60.0,2023-02-15 04:07:07,"Hi, thank you very much for the positive review! Please feel free to contact us at https://www.traveloka.com/contactus we're more than happy to assist you and Stay tuned for more exciting offers on Traveloka Lifestyle Super App.",2023-02-15 04:30:10,3.60.0
Ratih Rahma Sari,puas dan top,5,,2023-02-15 03:16:35,"Halo Kak, terima kasih banyak atas ratingnya, semoga Kakak tetap nyaman dan selau setia menjadi pelanggan Traveloka. Yuk Kak pantengin terus Traveloka Lifestyle Super App karna kami selalu berikan promo-promo yg menarik loooh, jangan sampai ketinggalan ya :)",2023-02-15 03:30:10,
tani bibit,puas,5,3.71.1,2023-02-15 03:05:49,"Halo, Kak. Terima kasih atas penilaiannya dan telah memilih Traveloka sebagai partner perjalanan kamu. Terima kasih. -SC",2023-02-15 03:31:30,3.71.1
Tania 23,Sangat mempermudah untuk bepergian,5,3.64.0,2023-02-15 03:00:42,"Hi Kak, senang banget nih dapat rating bagus dari Kakak, terima kasih juga atas feedbacknya! Kenyamanan Kakak adalah prioritas Kami, jika ada pertanyaan lainnya jangan sungkan ya untuk infokan pada kami di https://www.traveloka.com/contactus . Jangan sampai ketinggalan penawaran menarik lainnya di Traveloka Lifestye Super Apps.",2023-02-15 03:30:14,3.64.0
Kintal Project,menjadi lebih gampang dan terbantu dengan adanya traveloka,5,3.71.1,2023-02-15 02:00:44,"Halo Kak, terima kasih banyak atas ratingnya, semoga Kakak tetap nyaman dan selau setia menjadi pelanggan Traveloka. Yuk Kak pantengin terus Traveloka Lifestyle Super App karna kami selalu berikan promo-promo yg menarik loooh, jangan sampai ketinggalan ya :)",2023-02-15 02:30:08,3.71.1
Chairil Anwar,good servis fast responds,5,3.71.0,2023-02-15 01:56:31,"Hi, thank you very much for the positive review! Please feel free to contact us at https://www.traveloka.com/contactus we're more than happy to assist you and Stay tuned for more exciting offers on Traveloka Lifestyle Super App.",2023-02-15 02:00:27,3.71.0
ovhir aj,baik,5,3.71.1,2023-02-15 01:49:13,"Hi Kak, senang banget nih dapat rating bagus dari Kakak, terima kasih juga atas feedbacknya! Kenyamanan Kakak adalah prioritas Kami, jika ada pertanyaan lainnya jangan sungkan ya untuk infokan pada kami di https://www.traveloka.com/contactus . Jangan sampai ketinggalan penawaran menarik lainnya di Traveloka Lifestye Super Apps.",2023-02-15 02:00:30,3.71.1
Moh. Safik Udrus,good,5,3.69.0,2023-02-15 01:19:22,"Hi, thank you very much for the positive review! Please feel free to contact us at https://www.traveloka.com/contactus we're more than happy to assist you and Stay tuned for more exciting offers on Traveloka Lifestyle Super App.",2023-02-15 01:30:11,3.69.0
Frieda Lohenna Pessy,keren,5,3.71.1,2023-02-15 00:51:46,"Hi Kak, senang banget nih dapat rating bagus dari Kakak, terima kasih juga atas feedbacknya! Kenyamanan Kakak adalah prioritas Kami, jika ada pertanyaan lainnya jangan sungkan ya untuk infokan pada kami di https://www.traveloka.com/contactus . Jangan sampai ketinggalan penawaran menarik lainnya di Traveloka Lifestye Super Apps.",2023-02-15 01:00:13,3.71.1
arif kurniawan,keren,5,3.71.1,2023-02-15 00:30:14,"Hi Kak, terima kasih atas feedbacknya, semoga Kakak tetap setia dengan Traveloka. Jika ada pertanyaan lain bisa langsung infokan pada kami di https://www.traveloka.com/contactus ya, Kak. Pantau terus Traveloka Lifestyle Super App untuk penawaran spesial lainnya!",2023-02-15 01:00:16,3.71.1
Dewi Darwin,Saya sangat terbantu dan selalu dengan Traveloka utk kebutuhan penerbangan dan jalan darat via KA. Hadiahkan saya Tiket Pesawat Jakarta Bali krn sy pelanggan Setia Traveloka sebagai Tour Guide dan Marketing property. Salam sukses selalu👍 Terima ksh Traveloka🙏,5,3.71.1,2023-02-14 22:59:13,"Halo Kak, terima kasih banyak atas ratingnya, semoga Kakak tetap nyaman dan selau setia menjadi pelanggan Traveloka. Yuk Kak pantengin terus Traveloka Lifestyle Super App karna kami selalu berikan promo-promo yg menarik loooh, jangan sampai ketinggalan ya :)",2023-02-14 23:00:10,3.71.1
Sudiro Suma,sangat membantu di setiap perjalanan,5,3.71.1,2023-02-14 22:46:32,"Hi Kak, senang banget nih dapat rating bagus dari Kakak, terima kasih juga atas feedbacknya! Kenyamanan Kakak adalah prioritas Kami, jika ada pertanyaan lainnya jangan sungkan ya untuk infokan pada kami di https://www.traveloka.com/contactus . Jangan sampai ketinggalan penawaran menarik lainnya di Traveloka Lifestye Super Apps.",2023-02-14 23:00:12,3.71.1
Dedhy 88 Galery,Sebelumnya check in on line mudah skrg kenapa tambah susah lewat aplikasi. Kalau di upgrade itu semakin mempermudah bukan semakin mempersulit. Kami menggunakan aplikasi anda Krn mudah penggunaannya tp kalau spt ini mungkin akan banyak yg uninstall aplikasi ini dan pindah ke aplikasi yg memudahkan penggunanya,1,3.72.0,2023-02-14 20:29:44,"Halo, Dedhy. Mohon maaf atas ketidaknyamanan yang dialami. Saat ini, kami belum menemukan laporan kamu. Mohon bantuannya untuk menyampaikan kembali kendala beserta nomor pesanan kamu melalui https://www.traveloka.com/contactus agar kami dapat membantu kamu. Semoga bantuan dan layanan kami bisa meningkatkan kepuasan kamu. Terima kasih 🙏 -RU",2023-02-14 20:34:08,3.72.0
mulyadi sunardi,ok,4,3.71.1,2023-02-14 16:51:02,"Hi, thank you very much for the positive review! Please feel free to contact us at https://www.traveloka.com/contactus we're more than happy to assist you and Stay tuned for more exciting offers on Traveloka Lifestyle Super App.",2023-02-14 17:00:15,3.71.1
Bowo Ibal,Ok lah,5,3.72.0,2023-02-14 16:16:07,"Hai, Kak Bowo. Senang banget dapat bintang lima dari Kakak, terima kasih atas apresiasinya. Semoga pengalaman Kakak bersama Traveloka selalu menyenangkan :) -RU",2023-02-14 16:35:22,3.72.0
rika ristalia,cepet dan ringkas,5,3.71.1,2023-02-14 16:09:04,"Halo Kak, terima kasih banyak atas ratingnya, semoga Kakak tetap nyaman dan selau setia menjadi pelanggan Traveloka. Yuk Kak pantengin terus Traveloka Lifestyle Super App karna kami selalu berikan promo-promo yg menarik loooh, jangan sampai ketinggalan ya :)",2023-02-14 16:30:17,3.71.1
Muhamad Yasin,mempermudah rencana perjalanan,5,3.70.1,2023-02-14 15:04:08,"Halo Kak, terima kasih banyak atas ratingnya, semoga Kakak tetap nyaman dan selau setia menjadi pelanggan Traveloka. Yuk Kak pantengin terus Traveloka Lifestyle Super App karna kami selalu berikan promo-promo yg menarik loooh, jangan sampai ketinggalan ya :)",2023-02-14 15:30:10,3.70.1
Citra Anggraeni,aplikasi yang sangat mudah digunakan dan sangat membantu,4,3.71.1,2023-02-14 14:50:39,"Halo Kak, terima kasih banyak atas ratingnya, semoga Kakak tetap nyaman dan selau setia menjadi pelanggan Traveloka. Yuk Kak pantengin terus Traveloka Lifestyle Super App karna kami selalu berikan promo-promo yg menarik loooh, jangan sampai ketinggalan ya :)",2023-02-14 15:00:24,3.71.1
ABA FAMILY,baik,5,3.71.1,2023-02-14 14:28:26,"Halo Kak, terima kasih banyak atas ratingnya, semoga Kakak tetap nyaman dan selau setia menjadi pelanggan Traveloka. Yuk Kak pantengin terus Traveloka Lifestyle Super App karna kami selalu berikan promo-promo yg menarik loooh, jangan sampai ketinggalan ya :)",2023-02-14 14:30:10,3.71.1
MUSRIADI MUSTAKIM,sangat membantu,5,3.71.1,2023-02-14 14:21:52,"Hi Kak, senang banget nih dapat rating bagus dari Kakak, terima kasih juga atas feedbacknya! Kenyamanan Kakak adalah prioritas Kami, jika ada pertanyaan lainnya jangan sungkan ya untuk infokan pada kami di https://www.traveloka.com/contactus . Jangan sampai ketinggalan penawaran menarik lainnya di Traveloka Lifestye Super Apps.",2023-02-14 14:30:13,3.71.1
Fajar Rahardika,ok,5,3.71.1,2023-02-14 14:14:10,"Hi, thank you very much for the positive review! Please feel free to contact us at https://www.traveloka.com/contactus we're more than happy to assist you and Stay tuned for more exciting offers on Traveloka Lifestyle Super App.",2023-02-14 14:30:18,3.71.1
Teguh Trisnadi,Daftar paylater gagal terus payah,1,3.71.1,2023-02-14 13:41:36,"Hai Teguh, info lengkap terkait pendaftaran PayLater dapat kamu akses di halaman Paylater di Traveloka App atau dengan mengunjungi halaman https://www.traveloka.com/id-id/travelokapay/paylater. Ada petunjuk bantuan juga jika kamu membutuhkan informasi lebih lanjut. Terima kasih. -FR",2023-02-14 14:02:17,3.71.1
valdano dawi,Sangat membantu,5,3.71.1,2023-02-14 13:37:14,"Halo Kak, terima kasih banyak atas ratingnya, semoga Kakak tetap nyaman dan selau setia menjadi pelanggan Traveloka. Yuk Kak pantengin terus Traveloka Lifestyle Super App karna kami selalu berikan promo-promo yg menarik loooh, jangan sampai ketinggalan ya :)",2023-02-14 14:00:11,3.71.1
Rizal Vivo,sangat membantu 👍,5,3.72.0,2023-02-14 13:15:25,"Halo Kak, terima kasih banyak atas ratingnya, semoga Kakak tetap nyaman dan selau setia menjadi pelanggan Traveloka. Yuk Kak pantengin terus Traveloka Lifestyle Super App karna kami selalu berikan promo-promo yg menarik loooh, jangan sampai ketinggalan ya :)",2023-02-14 13:30:21,3.72.0
ilham Koja,ok baik,5,3.71.1,2023-02-14 12:51:37,"Hai Ilham. Terima kasih banyak atas ratingnya, semoga kamu tetap nyaman dan selalu setia menjadi pelanggan Traveloka. Yuk Kak pantengin terus Traveloka Lifestyle Super App karna kami selalu berikan promo-promo yang menarik. Jangan sampai ketinggalan ya. -KA",2023-02-14 13:03:17,3.71.1
Ilham Maulana,Mau boking tiket KAI gabisa boking ... malah di arahkan beli tiket BUS dengan imingiming hrg murah,1,3.72.0,2023-02-14 12:37:35,"Hai, Ilham. Mohon maaf atas ketidaknyamanannya. Apabila kamu mengalami kendala melakukan pemesanan tiket kereta api, mohon untuk dipastikan jaringan yang digunakan dalam keadaan stabil dan aplikasi sudah terupdate ke versi terbaru. Apabila kendala masih berlanjut, silakan hubungi kami melalui email di cs@traveloka.com. Terima kasih. -IN",2023-02-14 13:02:43,3.72.0
wayan darsana,sangat bagus,5,3.71.1,2023-02-14 12:23:03,"Halo Kak, terima kasih banyak atas ratingnya, semoga Kakak tetap nyaman dan selau setia menjadi pelanggan Traveloka. Yuk Kak pantengin terus Traveloka Lifestyle Super App karna kami selalu berikan promo-promo yg menarik loooh, jangan sampai ketinggalan ya :)",2023-02-14 12:30:11,3.71.1
Leonardus Suryanri Pehan Kelen,oke,5,3.71.1,2023-02-14 11:37:01,"Terima kasih untuk rating yang kamu berikan Kak Leonardus, tingkatkan terus transaksi kamu melalui aplikasi Traveloka dan nikmati juga promo Traveloka yang sedang berlangsung pada landing page promo kami ya Kak. Terima kasih. -AK",2023-02-14 12:02:41,3.71.1
Galuh Prasetyo,"Hallo admin, setelah update kok aplikasi traveloka saya ga bisa dibuka ya pada saat pilih hotel dan masukan kota, setelah saya tekan menu pilih kota malah kembali ke menu awal...",1,3.72.0,2023-02-14 11:28:00,"Hai Galuh. Mohon maaf buat pengalaman kamu yang kurang menyenangkan ya Kak. Jika kamu terkendala penggunaan aplikasi setelah update, mimin sarankan untuk coba uninstall dan install ulang kembali ya Kak. Terima kasih. -KK",2023-02-14 11:33:42,3.72.0
"Muh. Doddy Rahmat, ST, MM",mudah dan bagus 👍,5,3.71.1,2023-02-14 11:15:51,"Halo Kak, terima kasih banyak atas ratingnya, semoga Kakak tetap nyaman dan selau setia menjadi pelanggan Traveloka. Yuk Kak pantengin terus Traveloka Lifestyle Super App karna kami selalu berikan promo-promo yg menarik loooh, jangan sampai ketinggalan ya :)",2023-02-14 11:30:15,3.71.1
Hendarina Pandie,good,4,,2023-02-14 11:11:44,"Hi, we are so grateful to get a lot of support from you. Hope you continue to enjoy our offers. If you have any feedback or suggestions, let us know on https://www.traveloka.com/contactus, our customer service would love to serve you in 24 hours. Thank you!",2023-02-14 11:30:17,
Leyla Malik,Ok,5,3.71.1,2023-02-14 11:01:08,"Hi, thank you very much for the positive review! Please feel free to contact us at https://www.traveloka.com/contactus we're more than happy to assist you and Stay tuned for more exciting offers on Traveloka Lifestyle Super App.",2023-02-14 11:30:23,3.71.1
TAOFIK FATUROHMAN,mantap,5,3.71.1,2023-02-14 10:55:16,"Halo, Taofik. Senangnya dapat bintang lima dari kamu. Terima kasih untuk apresiasinya ya, semoga kamu tetap nyaman dan selalu setia menjadi pelanggan Traveloka. Jangan lupa pantengin terus Traveloka, karena akan selalu ada promo yang menarik. -SM",2023-02-14 11:03:24,3.71.1
Yanto Abiku,okey,1,3.71.1,2023-02-14 09:57:55,"Hai, Yanto. Maaf ya sudah membuatmu kecewa. Dipastikan untuk kenyamanan pengguna Traveloka, kami akan perbaiki & tingkatkan performa Traveloka. Jika memiliki kendala, Anda dapat informasikan kepada kami detail kendala yang Anda alami melalui pesan pada aplikasi Anda atau melalui email ke cs@traveloka.com, terima kasih. -NT",2023-02-14 10:03:43,3.71.1
Hariyanto S.,Aplikasi mudah dipahami dan proses pemesanan tiket aman dan cepat👍👍,5,3.71.1,2023-02-14 09:32:04,"Hi Kak, senang banget nih dapat rating bagus dari Kakak, terima kasih juga atas feedbacknya! Kenyamanan Kakak adalah prioritas Kami, jika ada pertanyaan lainnya jangan sungkan ya untuk infokan pada kami di https://www.traveloka.com/contactus . Jangan sampai ketinggalan penawaran menarik lainnya di Traveloka Lifestye Super Apps.",2023-02-14 10:00:14,3.71.1
A Irlan Aco,lebih ditingkatkan,5,3.71.1,2023-02-14 09:32:03,"Hi Kak, terima kasih atas feedbacknya, semoga Kakak tetap setia dengan Traveloka. Jika ada pertanyaan lain bisa langsung infokan pada kami di https://www.traveloka.com/contactus ya, Kak. Pantau terus Traveloka Lifestyle Super App untuk penawaran spesial lainnya!",2023-02-14 10:00:17,3.71.1
ceco fransisco,good job,5,3.71.1,2023-02-14 08:16:57,"Hi, thank you very much for the positive review! Please feel free to contact us at https://www.traveloka.com/contactus we're more than happy to assist you and Stay tuned for more exciting offers on Traveloka Lifestyle Super App.",2023-02-14 08:30:11,3.71.1
Maya Oyol,memudahkan saya pemesan tiket kereta api😍,5,3.71.0,2023-02-14 07:14:14,"Halo Kak, terima kasih banyak atas ratingnya, semoga Kakak tetap nyaman dan selau setia menjadi pelanggan Traveloka. Yuk Kak pantengin terus Traveloka Lifestyle Super App karna kami selalu berikan promo-promo yg menarik loooh, jangan sampai ketinggalan ya :)",2023-02-14 07:30:11,3.71.0
Lelly Fitriadi,ok,5,3.65.0,2023-02-14 05:49:17,"Hi, thank you very much for the positive review! Please feel free to contact us at https://www.traveloka.com/contactus we're more than happy to assist you and Stay tuned for more exciting offers on Traveloka Lifestyle Super App.",2023-02-14 06:00:16,3.65.0
Wahyu Garemponk,Mantap,5,3.71.1,2023-02-14 05:39:32,Hai Wahyu. Makasih buat rating yang kamu berikan ya! Mimin tunggu pesanan kamu selanjutnya di Traveloka :) -RM,2023-02-14 06:01:22,3.71.1
WONG JOWO TULLEN,sering bug mohon di perbaiki lagi,5,3.71.1,2023-02-14 05:37:34,"Hai Kak, maaf sudah membuat kamu tidak nyaman. Terkait bug yang kamu maksud, mohon menginformasikan lebih detail dengan screenshot ke kami untuk pengecekan lebih lanjut melalui link https://www.traveloka.com/id-id/ ya. Terima kasih. -AH",2023-02-14 06:02:01,3.71.1
Cassie KoFL,nice,5,3.71.1,2023-02-14 05:37:23,Thank you for leaving a good comment to us. Let us know if you have any suggestion for improvement through https://www.traveloka.com/contactus . Stay around for more interesting offers from Traveloka Lifestyle Super App!,2023-02-14 06:00:22,3.71.1
Danangadji Adji,keren,5,3.71.1,2023-02-14 05:09:28,"Halo Kak, terima kasih banyak atas ratingnya, semoga Kakak tetap nyaman dan selau setia menjadi pelanggan Traveloka. Yuk Kak pantengin terus Traveloka Lifestyle Super App karna kami selalu berikan promo-promo yg menarik loooh, jangan sampai ketinggalan ya :)",2023-02-14 05:30:10,3.71.1
Irfan Aris,the best lah,5,3.71.1,2023-02-14 03:29:52,"Hi, thank you very much for the positive review! Please feel free to contact us at https://www.traveloka.com/contactus we're more than happy to assist you and Stay tuned for more exciting offers on Traveloka Lifestyle Super App.",2023-02-14 03:30:10,3.71.1
suartama wayan,sangat rekomended,1,3.71.0,2023-02-14 02:43:51,"Hai, Wayan. Terima kasih atas feedback dari kamu, kami akan terus meningkatkan kepuasan para pengguna. Jika ada pertanyaan lainnya jangan sungkan ya untuk infokan pada kami di https://www.traveloka.com/contactus. Jangan sampai ketinggalan penawaran menarik lainnya di Traveloka Lifestyle Super Apps. Terima kasih. -VK",2023-02-14 03:03:42,3.71.0
Lamini Alif,mantap,2,3.61.0,2023-02-14 02:39:07,"Hai, Lamini. Terima kasih ya untuk feedbacknya. Jika kamu memiliki pertanyaan seputar Traveloka, silakan hubungi kami melalui tautan ini https://www.traveloka.com/id-id/contactus. Terima kasih. -WR",2023-02-14 03:04:44,3.61.0
Aksan Sao,Tks sdh terbantu,5,3.71.1,2023-02-14 02:10:11,"Halo Kak, terima kasih banyak atas ratingnya, semoga Kakak tetap nyaman dan selau setia menjadi pelanggan Traveloka. Yuk Kak pantengin terus Traveloka Lifestyle Super App karna kami selalu berikan promo-promo yg menarik loooh, jangan sampai ketinggalan ya :)",2023-02-14 02:30:10,3.71.1
wong Tani,sangat membantu,5,3.71.1,2023-02-14 02:00:30,"Hi Kak, senang banget nih dapat rating bagus dari Kakak, terima kasih juga atas feedbacknya! Kenyamanan Kakak adalah prioritas Kami, jika ada pertanyaan lainnya jangan sungkan ya untuk infokan pada kami di https://www.traveloka.com/contactus . Jangan sampai ketinggalan penawaran menarik lainnya di Traveloka Lifestye Super Apps.",2023-02-14 02:30:12,3.71.1
herdianto eko,"baru coba pake, kita lihat2 dulu yak",4,3.71.1,2023-02-14 01:46:00,"Hai, Kak Herdianto. Terima kasih ya sudah memilih Traveloka sebagai partner perjalanan kamu. Jika ada pertanyaan silakan hubungi kami melalui https://www.traveloka.com/id-id/contactus. Terima kasih. -SY",2023-02-14 02:04:31,3.71.1
Muhammad Rivo Radhian,Nice app.. Semoga makin byk promonya traveloka..,5,3.71.1,2023-02-14 00:57:33,"Halo Kak, terima kasih banyak atas ratingnya, semoga Kakak tetap nyaman dan selau setia menjadi pelanggan Traveloka. Yuk Kak pantengin terus Traveloka Lifestyle Super App karna kami selalu berikan promo-promo yg menarik loooh, jangan sampai ketinggalan ya :)",2023-02-14 01:00:13,3.71.1
adam,Top,5,3.71.1,2023-02-14 00:34:40,"Hi, we are so grateful to get a lot of support from you. Hope you continue to enjoy our offers. If you have any feedback or suggestions, let us know on https://www.traveloka.com/contactus, our customer service would love to serve you in 24 hours. Thank you!",2023-02-14 01:00:17,3.71.1
ACHMAD ZAINUL ARIFIN,ok,5,3.71.1,2023-02-14 00:10:01,"Hi, thank you very much for the positive review! Please feel free to contact us at https://www.traveloka.com/contactus we're more than happy to assist you and Stay tuned for more exciting offers on Traveloka Lifestyle Super App.",2023-02-14 00:30:09,3.71.1
budi Astoto,keren,5,3.71.1,2023-02-13 23:58:36,"Halo Kak, terima kasih banyak atas ratingnya, semoga Kakak tetap nyaman dan selau setia menjadi pelanggan Traveloka. Yuk Kak pantengin terus Traveloka Lifestyle Super App karna kami selalu berikan promo-promo yg menarik loooh, jangan sampai ketinggalan ya :)",2023-02-14 00:00:20,3.71.1
dandy alba,good,5,,2023-02-13 23:56:15,"Hi, we are so grateful to get a lot of support from you. Hope you continue to enjoy our offers. If you have any feedback or suggestions, let us know on https://www.traveloka.com/contactus, our customer service would love to serve you in 24 hours. Thank you!",2023-02-14 00:00:23,
janfird fird,apk mantap traveloka,5,3.71.1,2023-02-13 22:52:31,"Halo Kak, terima kasih banyak atas ratingnya, semoga Kakak tetap nyaman dan selau setia menjadi pelanggan Traveloka. Yuk Kak pantengin terus Traveloka Lifestyle Super App karna kami selalu berikan promo-promo yg menarik loooh, jangan sampai ketinggalan ya :)",2023-02-13 23:00:16,3.71.1
Josie J,👍,4,3.71.1,2023-02-13 18:28:26,"Hai, Kak Josie. Senang sekali menerima bintang 4 dari Kakak, terima kasih juga atas reviewnya. Semoga ke depannya kami bisa dapat bintang 5 dari kamu ya Kak :) -RU",2023-02-13 18:37:16,3.71.1
Anto Nurdianto,"apk tolol, lu kalo engga bisa buat apk jangan sosoan lah masa gua pindai foto berkali kali engga bisa. tolol emang",1,,2023-02-13 18:20:56,"Hai,Anto. Terima kasih telah menggunakan Traveloka dan mohon maaf atas ketidaknyamanan yang kamu alami. Saat ini kami belum menemukan komunikasi kamu ke tim CS kami. Mohon bantuannya untuk menyampaikan kembali kendala kamu melalui https://www.traveloka.com/contactus agar kami dapat membantu informasinya lebih lanjut. Terima kasih 🙏 -RU",2023-02-13 18:35:16,
Iyan Valentino,goood,5,,2023-02-13 17:24:20,"Hi Iyan, thank you very much for the positive review! Please feel free to contact us at https://www.traveloka.com/en-en/contactus if you have any concern, we're more than happy to assist you and dont forget to always keep watch our apps to get alot of promo form us. Thank you. -DA",2023-02-13 17:35:09,
M ALQOSYIM,jooos,5,3.71.1,2023-02-13 16:21:17,"Hi, thank you very much for the positive review! Please feel free to contact us at https://www.traveloka.com/contactus we're more than happy to assist you and Stay tuned for more exciting offers on Traveloka Lifestyle Super App.",2023-02-13 16:30:10,3.71.1
Ibnu&nazmie Auliahiban,Bismillah,5,,2023-02-13 15:40:33,"Hai kak, senangnya mendapat bintang lima dari kamu, terima kasih atas apresiasinya, semoga kaka tetap nyaman dan selau setia menjadi pelanggan Traveloka, yuk ka pantengin terus traveloka karna kami selalu berikan promo promo yg menarik loooh, jangan sampai ketinggalan ya. -DA",2023-02-13 16:10:24,
trie agustina,sangat puas,5,3.71.1,2023-02-13 14:10:17,"Halo Kak, terima kasih banyak atas ratingnya, semoga Kakak tetap nyaman dan selau setia menjadi pelanggan Traveloka. Yuk Kak pantengin terus Traveloka Lifestyle Super App karna kami selalu berikan promo-promo yg menarik loooh, jangan sampai ketinggalan ya :)",2023-02-13 15:01:38,3.71.1
Ita Yovita,google play setori ku pusat perbelanjanan dan tokoh onlen terpercaya,5,,2023-02-13 13:55:53,"Halo Kak, terima kasih banyak atas ratingnya, semoga Kakak tetap nyaman dan selau setia menjadi pelanggan Traveloka. Yuk Kak pantengin terus Traveloka Lifestyle Super App karna kami selalu berikan promo-promo yg menarik loooh, jangan sampai ketinggalan ya :)",2023-02-13 14:59:23,
anas kusdiyanto,gampang cpt & mudah,5,3.71.1,2023-02-13 13:44:40,"Hi Kak, senang banget nih dapat rating bagus dari Kakak, terima kasih juga atas feedbacknya! Kenyamanan Kakak adalah prioritas Kami, jika ada pertanyaan lainnya jangan sungkan ya untuk infokan pada kami di https://www.traveloka.com/contactus . Jangan sampai ketinggalan penawaran menarik lainnya di Traveloka Lifestye Super Apps.",2023-02-13 14:59:27,3.71.1
Ade Midas,segini aja dulu ya. karna untuk daftar pay letter prosesnya sulit.,4,3.71.1,2023-02-13 13:13:32,"Hai Ade, kalau mimin boleh tau kendala pengajuan PayLater kamu seperti apa ya Kak? Mohon informasikan detail kendala yang kamu alami melalui email kami di cs@traveloka.com ya Kak Terima kasih. -AK",2023-02-13 13:33:53,3.71.1
Yopi Abidin,Mnto,5,3.54.0,2023-02-13 13:00:47,"Hai Yopi. Terima kasih banyak atas ratingnya, semoga kamu tetap nyaman dan selalu setia menjadi pelanggan Traveloka. Yuk Kak pantengin terus Traveloka Lifestyle Super App karna kami selalu berikan promo-promo yang menarik. Jangan sampai ketinggalan ya. -KA",2023-02-13 13:33:12,3.54.0
Latif Roufan,bagus,5,3.71.1,2023-02-13 11:59:47,"Halo Kak, terima kasih banyak atas ratingnya, semoga Kakak tetap nyaman dan selau setia menjadi pelanggan Traveloka. Yuk Kak pantengin terus Traveloka Lifestyle Super App karna kami selalu berikan promo-promo yg menarik loooh, jangan sampai ketinggalan ya :)",2023-02-13 13:33:39,3.71.1
Dwi Purwanto,selalu dg tidak ada kendalanya,5,3.61.0,2023-02-13 11:57:06,"Hi Kak, senang banget nih dapat rating bagus dari Kakak, terima kasih juga atas feedbacknya! Kenyamanan Kakak adalah prioritas Kami, jika ada pertanyaan lainnya jangan sungkan ya untuk infokan pada kami di https://www.traveloka.com/contactus . Jangan sampai ketinggalan penawaran menarik lainnya di Traveloka Lifestye Super Apps.",2023-02-13 13:33:42,3.61.0
Special eRBe,traveloka mantap,5,3.70.1,2023-02-13 11:47:39,"Hi Kak, terima kasih atas feedbacknya, semoga Kakak tetap setia dengan Traveloka. Jika ada pertanyaan lain bisa langsung infokan pada kami di https://www.traveloka.com/contactus ya, Kak. Pantau terus Traveloka Lifestyle Super App untuk penawaran spesial lainnya!",2023-02-13 13:33:44,3.70.1
Lukman Hakim,"kasih 4 bintang dulu, kalo oke tambah lagi",4,3.70.1,2023-02-13 11:45:52,"Halo Kak, terima kasih banyak atas ratingnya, semoga Kakak tetap nyaman dan selau setia menjadi pelanggan Traveloka. Yuk Kak pantengin terus Traveloka Lifestyle Super App karna kami selalu berikan promo-promo yg menarik loooh, jangan sampai ketinggalan ya :)",2023-02-13 13:33:46,3.70.1
Jk 78,ok,5,3.71.1,2023-02-13 11:42:23,"Hi, we are so grateful to get a lot of support from you. Hope you continue to enjoy our offers. If you have any feedback or suggestions, let us know on https://www.traveloka.com/contactus, our customer service would love to serve you in 24 hours. Thank you!",2023-02-13 13:33:49,3.71.1
Agus Suhendra,👍👍👍👏👏👏👏,5,3.71.1,2023-02-13 11:27:18,"Hai Agus, maaf ya atas ketidaknyamanannya. Agar dapat dibantu pengecekan lebih lanjut, silakan dapat hubungi kami melalui link berikut https://www.traveloka.com/id-id/contactus. Terima kasih. -CA",2023-01-29 11:05:30,3.71.1
Eko Wijayanto,cepat,5,3.53.0,2023-02-13 11:06:05,"Halo Kak, terima kasih banyak atas ratingnya, semoga Kakak tetap nyaman dan selau setia menjadi pelanggan Traveloka. Yuk Kak pantengin terus Traveloka Lifestyle Super App karna kami selalu berikan promo-promo yg menarik loooh, jangan sampai ketinggalan ya :)",2023-02-13 14:42:03,3.53.0
Leli Lahat,"Tiket 1,2 juta refound dapat 370k aja,mana lama lagi nunggunya",1,,2023-02-13 10:15:34,"Hai, Leli. Mohon maaf atas ketidaknyamanannya. Setaip pengajuan refund tiket pesawat akan ada biaya potongan, serta proses pengembalian dana refund akan membutuhkan waktu yang dimana hal tersebut sepenuhnya kebijakan dari pihak maskapai. Kamu bisa menghubungi kami melalui email di cs@traveloka.com agar nantinya bisa dicek . Terima kasih. -IN",2023-02-13 10:35:09,
Abdur Razaq Ramadhan,Kagak ada fitur refund bangke,1,3.71.1,2023-02-13 10:15:02,"Hai Abdur, pada dasarnya setiap pemesanan memiliki kebijakan refund yang berbeda-beda Kak. Jika kamu terkendala dalam proses refund, untuk dapat kami bantu pengecekan lebih lanjut. Mohon infokan nomor pesanan kamu melalui link https://www.traveloka.com/id-id/contactus. Makasih. -AH",2023-02-13 10:33:02,3.71.1
"M, Nasir Nasir","D, tesxt. Be, da",3,3.71.1,2023-02-13 10:12:41,"Hai Kak Nasir, mohon informasikan detail kendala yang kamu alami melalui email kami di cs@traveloka.com untuk dapat kami bantu tindaklanjuti kendala kamu Kak. Terima kasih. -AK",2023-02-13 10:31:40,3.71.1
Yubileum Billy,keren,5,3.71.1,2023-02-13 09:44:19,"Halo Kak, terima kasih banyak atas ratingnya, semoga Kakak tetap nyaman dan selau setia menjadi pelanggan Traveloka. Yuk Kak pantengin terus Traveloka Lifestyle Super App karna kami selalu berikan promo-promo yg menarik loooh, jangan sampai ketinggalan ya :)",2023-02-13 13:12:45,3.71.1
Uto Rifka,mantaps,5,3.71.1,2023-02-13 09:04:45,"Halo, Rifka. Terima kasih atas penilaiannya dan telah memilih Traveloka sebagai partner perjalanan kamu. Terima kasih. -SC",2023-02-13 09:31:26,3.71.1
Roki Saputra,mantap,4,3.68.0,2023-02-13 08:17:58,"Hai, Roki. Terima kasih atas penilaian dan telah menjadikan Traveloka sebagai mitra perjalanan kamu, kami akan terus meningkat kepuasan para pengguna. Jika kamu memiliki pertanyaan lebih lanjut, silakan menghubungi kami melalui https://www.traveloka.com/contactus. Terima kasih.-TK",2023-02-13 08:32:54,3.68.0
Junaidi Rustam,Mantap,4,,2023-02-13 08:16:48,"Hai, Junaidi. Terima kasih atas feedbacknya, semoga Kakak tetap setia dengan Traveloka. Jika ada pertanyaan lain bisa langsung infokan pada kami di https://www.traveloka.com/contactus ya, Kak. Pantau terus Traveloka Lifestyle Super App untuk penawaran spesial lainnya! -CA",2023-02-13 08:32:44,
Zainal Jejen,bagus,5,3.71.1,2023-02-13 08:05:24,"Halo Kak, terima kasih banyak atas ratingnya, semoga Kakak tetap nyaman dan selau setia menjadi pelanggan Traveloka. Yuk Kak pantengin terus Traveloka Lifestyle Super App karna kami selalu berikan promo-promo yg menarik loooh, jangan sampai ketinggalan ya :)",2023-02-13 10:30:50,3.71.1
Dandi Triyana,cepat nggak pake ribet,5,3.71.1,2023-02-13 08:02:02,"Hi Kak, senang banget nih dapat rating bagus dari Kakak, terima kasih juga atas feedbacknya! Kenyamanan Kakak adalah prioritas Kami, jika ada pertanyaan lainnya jangan sungkan ya untuk infokan pada kami di https://www.traveloka.com/contactus . Jangan sampai ketinggalan penawaran menarik lainnya di Traveloka Lifestye Super Apps.",2023-02-13 10:30:52,3.71.1
rijal,Bayar tagihan listrik knp blm bisa pake payleter ya ?,4,3.71.1,2023-02-13 07:33:38,Halo Rijal. Tergantung dari level akun PayLater kamu. Info selanjutnya silakan hubungi kami kembali melalui https://www.traveloka.com/id-id/contactus. Terima kasih. -SC,2023-02-13 08:04:41,3.71.1
Feri Fansius,nice,5,3.71.1,2023-02-13 07:29:14,"Hi, thank you very much for the positive review! Please feel free to contact us at https://www.traveloka.com/contactus we're more than happy to assist you and Stay tuned for more exciting offers on Traveloka Lifestyle Super App.",2023-02-13 08:49:25,3.71.1
Kariyanto Kariyanto,Aplikasi sangat familiar dan mudah diakses,5,3.71.1,2023-02-13 07:13:00,"Hi Kak, senang banget nih dapat rating bagus dari Kakak, terima kasih juga atas feedbacknya! Kenyamanan Kakak adalah prioritas Kami, jika ada pertanyaan lainnya jangan sungkan ya untuk infokan pada kami di https://www.traveloka.com/contactus . Jangan sampai ketinggalan penawaran menarik lainnya di Traveloka Lifestye Super Apps.",2023-02-13 08:49:28,3.71.1
Sunankidsgrosir Sunan,Kurang meyenangkan,1,3.71.1,2023-02-13 06:51:46,"Hai, Sunan. Kami meminta maaf atas kendala yang kamu alami. Kamu dapat menghubungi kami melalui https://www.traveloka.com/id-id/contactus agar masalahmu bisa diselesaikan secepat mungkin. Kami akan berikan solusi terbaik agar kamu dapat merasa puas dan layanan kami layak mendapatkan rating yang lebih baik. Terima kasih. -OE",2023-02-13 07:03:06,3.71.1
Adam Nail,bagus,5,3.71.1,2023-02-13 06:46:21,"Halo Kak, terima kasih banyak atas ratingnya, semoga Kakak tetap nyaman dan selau setia menjadi pelanggan Traveloka. Yuk Kak pantengin terus Traveloka Lifestyle Super App karna kami selalu berikan promo-promo yg menarik loooh, jangan sampai ketinggalan ya :)",2023-02-13 08:04:20,3.71.1
phei phei,"Paspor msh dalam daftar antrean sp bulan depan kl mau pesan tiket pesawat pake paspor lama koq gak bs ya, tolong di bantu ya,tq",3,,2023-02-13 06:41:44,Halo Kak. Silakan menghubungi kami kembali melalui https://www.traveloka.com/id-id/contactus untuk info lebih lanjut. Terima kasih. -SC,2023-02-13 07:01:58,
Eko Sugyanto Bimantoro,Saya sangat kecewa tidak bisa di refund padahal saya tidak menggunakan jasa rental tersebut saya rugi dan tim support sangat lama dalam memberikan jawaban.. Traveloka buruk dalam pengembalian dan kebijakan refundnya.,1,3.71.1,2023-02-13 06:15:37,"Hai, Eko. Maaf ya sudah membuatmu kecewa. Perihal kendala, Anda dapat informasikan kepada kami detail kendala yang Anda alami melalui pesan pada aplikasi Anda atau melalui email ke cs@traveloka.com agar kami dapat membantu Anda lebih lanjut. Sertakan juga nomor pesanan Traveloka Anda. Kami tunggu, terima kasih. -KA",2023-02-13 06:35:47,3.71.1
Gustinar,Io0,5,3.70.1,2023-02-13 06:10:49,"Terima Kasih sudah menjadi pelanggan setia Traveloka Kak Gustinar, tingkatkan terus transaksi kamu dengan melakukan pemesanan pada aplikasi Traveloka dan temukan promo kami yang sedang berlangsung pada landing page promo Traveloka ya Kak. Terima Kasih -AK",2023-02-13 06:34:29,3.70.1
Herman Bondi,fast process,5,3.66.0,2023-02-13 06:02:34,"Hi, thank you very much for the positive review! Please feel free to contact us at https://www.traveloka.com/contactus we're more than happy to assist you and Stay tuned for more exciting offers on Traveloka Lifestyle Super App.",2023-02-13 07:09:45,3.66.0
Herry yoss Purwanto purba,An Excellent 👍👍👍👍👍,5,3.71.1,2023-02-13 04:51:09,"Hi, thank you very much for the positive review! Please feel free to contact us at https://www.traveloka.com/contactus we're more than happy to assist you and Stay tuned for more exciting offers on Traveloka Lifestyle Super App.",2023-02-13 05:09:45,3.71.1
Rana Hanifah,Fitur²nya lebih gampang digunakan daripada aplikasi lain,5,3.69.0,2023-02-13 04:35:16,"Hi Kak, senang banget nih dapat rating bagus dari Kakak, terima kasih juga atas feedbacknya! Kenyamanan Kakak adalah prioritas Kami, jika ada pertanyaan lainnya jangan sungkan ya untuk infokan pada kami di https://www.traveloka.com/contactus . Jangan sampai ketinggalan penawaran menarik lainnya di Traveloka Lifestye Super Apps.",2023-02-13 05:09:46,3.69.0
Tiara Ajahhh,sangat baik,5,3.71.1,2023-02-13 04:35:02,"Hi Kak, terima kasih atas feedbacknya, semoga Kakak tetap setia dengan Traveloka. Jika ada pertanyaan lain bisa langsung infokan pada kami di https://www.traveloka.com/contactus ya, Kak. Pantau terus Traveloka Lifestyle Super App untuk penawaran spesial lainnya!",2023-02-13 05:09:49,3.71.1
achmad joni afriyanto,Banyak pilihan dan mudah digunakan 👍,5,3.71.1,2023-02-13 04:29:24,"Hai, Achmad. Senangnya mendapat bintang lima dari kamu, terima kasih atas apresiasinya, semoga kamu tetap nyaman dan selalu setia menjadi pelanggan Traveloka. Yuk pantengin terus Traveloka karena kami selalu berikan promo-promo yang menarik, jangan sampai ketinggalan ya :) -RF",2023-02-13 04:33:42,3.71.1
Sadila Statifani,TERBAIIIKKKKK !!!!!,5,3.71.1,2023-02-13 03:19:10,"Halo, Sadila. Terima kasih atas penilaiannya dan telah memilih Traveloka sebagai partner perjalanan kamu. Terima kasih. -SC",2023-02-13 03:37:23,3.71.1
Rustina Ginting,mantap,5,3.71.1,2023-02-13 02:23:35,"Hai, Rustina. Senangnya mendapat bintang lima dari kamu, terima kasih atas apresiasinya, semoga kamu tetap nyaman dan selalu setia menjadi pelanggan Traveloka. Yuk pantengin terus Traveloka karena kami selalu berikan promo-promo yangg menarik, jangan sampai ketinggalan ya :) -RF",2023-02-13 02:35:00,3.71.1
Heru Hermawan,traveloka terbaik,5,3.71.0,2023-02-13 02:11:21,"Halo Kak, terima kasih banyak atas ratingnya, semoga Kakak tetap nyaman dan selau setia menjadi pelanggan Traveloka. Yuk Kak pantengin terus Traveloka Lifestyle Super App karna kami selalu berikan promo-promo yg menarik loooh, jangan sampai ketinggalan ya :)",2023-02-13 02:30:14,3.71.0
Zach Denim,good,5,3.69.0,2023-02-13 02:11:11,"Hi, we are so grateful to get a lot of support from you. Hope you continue to enjoy our offers. If you have any feedback or suggestions, let us know on https://www.traveloka.com/contactus, our customer service would love to serve you in 24 hours. Thank you!",2023-02-13 02:30:16,3.69.0
muhammad rusdi,Lebih mudah,5,3.69.0,2023-02-13 02:09:29,"Hi Kak, terima kasih atas feedbacknya, semoga Kakak tetap setia dengan Traveloka. Jika ada pertanyaan lain bisa langsung infokan pada kami di https://www.traveloka.com/contactus ya, Kak. Pantau terus Traveloka Lifestyle Super App untuk penawaran spesial lainnya!",2023-02-13 02:30:19,3.69.0
Siska 14s,"Traveloka tolong ya lain kali sebelum telpon buat tanya tagihan pembayaran paylater dicek dulu,jgn asal main ditelpon2 aja. Dan tolong itu CS mu diajari sopan tlp kok nadanya keras seperti itu. Pembayaran sudah dapat notif email ditrima kok tiba2 ditelp2 gini,sy tau sy telat sekian menit tapi langsung sy kejar bayar dan sdh dpt notif dtrima pembayarannya tp knp malah ditlp gini,apakah sblm tlp itu tidak dilakukan pengecekan dahulu?? Sy bnr2 syok dgr nada cscmu tlp sperti itu",2,3.71.1,2023-02-13 02:00:17,"Halo Kak Siska. Mohon maaf atas ketidaknyamanan yang kamu alami. Terkait kendala kamu, silakan menghubungi kami melalui https://www.traveloka.com/id-id/contactus untuk pengecekan lebih lanjut. Terima kasih. -MZ",2023-02-13 02:06:41,3.71.1
M Jabal Noor,Baik banget,5,3.71.1,2023-02-13 01:47:49,"Halo Kak, terima kasih banyak atas ratingnya, semoga Kakak tetap nyaman dan selau setia menjadi pelanggan Traveloka. Yuk Kak pantengin terus Traveloka Lifestyle Super App karna kami selalu berikan promo-promo yg menarik loooh, jangan sampai ketinggalan ya :)",2023-02-13 02:00:16,3.71.1
Bayu Wibowo,dapat di percya,5,3.71.1,2023-02-13 01:33:11,"Hi Kak, senang banget nih dapat rating bagus dari Kakak, terima kasih juga atas feedbacknya! Kenyamanan Kakak adalah prioritas Kami, jika ada pertanyaan lainnya jangan sungkan ya untuk infokan pada kami di https://www.traveloka.com/contactus . Jangan sampai ketinggalan penawaran menarik lainnya di Traveloka Lifestye Super Apps.",2023-02-13 02:00:20,3.71.1
Andani Sebastian,mantap,1,3.71.1,2023-02-13 00:23:58,Makasih atas review kamu ya Andani. Makasih juga sudah menjadikan Traveloka sebagai teman perjalanan kamu :) -MZ,2023-02-13 00:38:20,3.71.1
Nabila Jihan,biaya adminnya mahal jadi 13ribu trus ada biaya kode unik gak tau apa 600 rupiah kog jd byk biaya2 seeh traveloka??,4,3.71.1,2023-02-13 00:21:53,"Hai Nabila. Maaf buat kamu tidak nyaman. Kode unik ini merupakan salah satu cara untuk mengenali transaksimu di antara banyaknya transaksi yang terjadi di sistem Traveloka di waktu yang sama. Jika kamu memiliki pertanyaan atau kendala seputar Traveloka, kamu bisa hubungi kami melalui link https://www.traveloka.com/id-id/contactus. Terima kasih. -RM",2023-02-13 00:35:54,3.71.1
sudarmanto gusdar,baik ok,5,3.71.1,2023-02-13 00:20:47,Makasih atas review kamu ya sudarmanto. Makasih juga sudah menjadikan Traveloka sebagai teman perjalanan kamu :) -MZ,2023-02-13 00:38:36,3.71.1
Novalita Malaihollo,mantap,5,3.71.1,2023-02-13 00:08:00,"Hai, Novalita. Senangnya mendapat bintang lima dari kamu, terima kasih atas apresiasinya, semoga kamu tetap nyaman dan selalu setia menjadi pelanggan Traveloka. Yuk pantengin terus Traveloka karena kami selalu berikan promo-promo yg menarik, jangan sampai ketinggalan ya :) -RF",2023-02-13 00:39:05,3.71.1
Madelling Sohilait,"Kecewa dengan travelloka.ketika pesan tiket dengan menggunakan metode cicilan / 12 x waktu mau melakukan pembayaran awal saja ngk bisa. No kartunya salah,pihak bank tidak menggizinkan padahal baik"" saja.. lagi mau berangkat kok mempersulit sih",1,,2023-02-12 23:53:20,"Hai, Madelling. Mohon maaf atas ketidaknyamanannya. Kalau kamu memiliki kendala terkait pembayaran di Traveloka, mohon hubungi kami melalui tautan ini https://www.traveloka.com/id-id/contactus untuk dibantu cek lebih lanjut ya. Terima kasih 🙏 -WR",2023-02-13 00:05:27,
Aris Santoso,lebih banyakin promo supaya liburan 2023,5,3.71.1,2023-02-12 23:46:09,"Halo Kak, terima kasih banyak atas ratingnya, semoga Kakak tetap nyaman dan selau setia menjadi pelanggan Traveloka. Yuk Kak pantengin terus Traveloka Lifestyle Super App karna kami selalu berikan promo-promo yg menarik loooh, jangan sampai ketinggalan ya :)",2023-02-13 00:00:14,3.71.1
JadJidJud 05,tiop,5,3.71.1,2023-02-12 15:40:03,"Hai, Kak. Makasih atas bingtangnya ya. Semoga sehat selalu 😊 -RZ",2023-02-12 16:05:33,3.71.1
hefri sumanto,Very Good,5,3.70.1,2023-02-12 15:39:27,"Hi, thank you very much for the positive review! Please feel free to contact us at https://www.traveloka.com/contactus we're more than happy to assist you and Stay tuned for more exciting offers on Traveloka Lifestyle Super App.",2023-02-12 18:38:39,3.70.1
Doli Elexsin,"Ada pembatalan terbang sepihak dr maskapai , kendala menghub Traveloka . Selang ga lama ,CS Traveloka hub saya , terkait refund dll , tuntas 👍👍 terimakasih",5,3.71.1,2023-02-12 15:33:42,"Hi Kak, senang banget nih dapat rating bagus dari Kakak, terima kasih juga atas feedbacknya! Kenyamanan Kakak adalah prioritas Kami, jika ada pertanyaan lainnya jangan sungkan ya untuk infokan pada kami di https://www.traveloka.com/contactus . Jangan sampai ketinggalan penawaran menarik lainnya di Traveloka Lifestye Super Apps.",2023-02-12 18:38:42,3.71.1
Nia Siahaan,good job,4,3.70.0,2023-02-12 14:49:58,"Hi, thank you very much for the positive review! Please feel free to contact us at https://www.traveloka.com/contactus we're more than happy to assist you and Stay tuned for more exciting offers on Traveloka Lifestyle Super App.",2023-02-12 17:38:12,3.70.0
Mario Kart tour Mario and kiki (Anthoni surya),Kiki men pria yes. Tiket promo senang,5,,2023-02-12 14:45:17,"Hi Kak, senang banget nih dapat rating bagus dari Kakak, terima kasih juga atas feedbacknya! Kenyamanan Kakak adalah prioritas Kami, jika ada pertanyaan lainnya jangan sungkan ya untuk infokan pada kami di https://www.traveloka.com/contactus . Jangan sampai ketinggalan penawaran menarik lainnya di Traveloka Lifestye Super Apps.",2023-02-12 17:38:14,
Veronica Fabyola,Kenapa pada saat uji keamanan di paylatter selalu waktu hbis terus padahal saya juga gak lama lama tulisnya ... Mohon perbaikan nya,3,3.71.1,2023-02-12 14:28:40,"Hai Veronica. Mohon maaf sekali atas kendala yang kamu alami. Agar dapat kami bantu lebih lanjut, mohon infokan detail kendala kamu melalui pesan di aplikasi Traveloka atau melalui email di cs@traveloka.com. Terima kasih atas pengertiannya. -FR",2023-02-12 14:34:00,3.71.1
Yulia Nur Azizah,"Kecewa sih😌 tolong untuk proses refund bisa di percepat kali ya, karena yang cancel kan pihak maskapai nya sedangkan kita bayar pun cash tapi proses refundnya lama..",2,3.71.1,2023-02-12 14:22:02,"Hai Yulia, mohon maaf ketidaknyamanan ini ya. Boleh infokan nomor pesanannya melalui tautan ini untuk pengecekan lebih lanjut ya https://www.traveloka.com/id-id/contactus. Terima kasih. -OR",2023-02-12 14:33:38,3.71.1
王彦升,"Tidak bisa membantu dalam refound , pelayanan ny kurang bagus , lama proses pencarian uang , kesalahan maskapai tiba-tiba membatalkan perjalanan saya harap di bantu bukan hanya pesan yang cuman begitu saja yang anda kasih ini nama nya penipuan atau bagaimana,jangan percaya kalian beli tiket di sni hati hati uang ny bisa di makan traveloka",1,3.71.1,2023-02-12 13:45:32,"Hai Kak. Maaf ya sudah membuat kamu tidak nyaman. Untuk dapat kami bantu lebih lanjut kendala kamu, mohon dapat menghubungi kami melalui tautan ini https://www.traveloka.com/id-id/contactus. Terima kasih. -RM
",2023-01-28 00:32:15,3.71.1
adyana rudi,lancar,5,3.71.1,2023-02-12 13:10:27,"Halo Kak, terima kasih banyak atas ratingnya, semoga Kakak tetap nyaman dan selau setia menjadi pelanggan Traveloka. Yuk Kak pantengin terus Traveloka Lifestyle Super App karna kami selalu berikan promo-promo yg menarik loooh, jangan sampai ketinggalan ya :)",2023-02-12 16:07:00,3.71.1
Ruddy The,Traveloka memberi banyak kemudahan,5,3.71.1,2023-02-12 12:43:48,"Halo Ruddy, makasih sudah menjadi pelanggan setia Traveloka. Apabila kamu ada pertanyaan, boleh sampaikan melalui tautan ini ya https://www.traveloka.com/id-id/contactus. Terima kasih. -OR",2023-02-12 13:04:30,3.71.1
Raymond Ray,Kami bgmana cari uang tapi sy miskin,5,3.64.0,2023-02-12 12:37:07,"Hai Kak Ray, terima kasih atas penilaian kamu ya Kak. Jika kamu mendapati kendala pada pesanan Traveloka mohon informasikan kepada kami melalui email kami di cs@traveloka.com ya Kak. Terima kasih. -AK",2023-02-12 13:05:20,3.64.0
Desi Nanda rini,Bad !!!,1,3.71.1,2023-02-12 11:52:08,"Hi Desi. Sorry for the inconvenience your experienced. Please inform us your problem via message on your Traveloka application or via e-mail at cs@traveloka.com, so we can assist you further. Thank you. -KA",2023-02-12 12:02:18,3.71.1
egi nugraha,"Tolong kick dr Traveloka, bis pahala kencana , pemberangkatan g jls, jam berangkat lelet, rutenya d bawa muter""..",1,3.32.0,2023-02-12 11:35:32,"Hai Egi. Maaf ya sudah buat kamu kecewa. Kami akan perbaiki & tingkatkan performa Traveloka. Jika kamu memiliki kendala, kamu bisa infokan ke kami detail kendala yang kamu alami melalui pesan pada aplikasi kamu atau melalui email ke cs@traveloka.com agar kami dapat membantu kamu lebih lanjut. Terima kasih. -FR",2023-02-12 12:03:58,3.32.0
zulfan ivanz,oke...oke,4,3.71.0,2023-02-12 10:57:15,"Hai Zulfan, terima kasih sudah menggunakan Traveloka dan rating yang kamu berikan. Jika ada pertanyaan atau kendala yang bisa kami bantu, silakan hubungi kami melalui https://www.traveloka.com/id-id/contactus ya. Terima kasih. -NA",2023-02-12 11:01:54,3.71.0
phernando Link,"Sejak instal aplikasi ini, saya sudah beberapa kali transaksi tiket pesawat disini. Tapi kejadian kemarin buat saya cukup kecewa, saya pesan tiket perjalanan buat adik saya dari Banjar Masin ke Makassar, tapi adik saya ketinggalan pesawat karna mungkin dia lalai. Otomatis tiket hangus dan saat ajukan refund, pengajuan saya juga ditolak.",1,3.71.1,2023-02-12 10:49:29,"Hai Kak, maaf banget pada dasarnya untuk ketentuan tersebut mengikuti kebijakan dari pihak maskapai yang kamu gunakan Kak, namun untuk dapat kami bantu cek pesanan kamu mohon informasikan nomor pesanan Traveloka kamu melalui email kami di cs@traveloka.com ya Kak. Terima kasih. -AK",2023-02-12 11:03:25,3.71.1
Wendi Wahyudi,Bagus,5,3.71.1,2023-02-12 10:36:00,"Halo Kak, terima kasih banyak atas ratingnya, semoga Kakak tetap nyaman dan selau setia menjadi pelanggan Traveloka. Yuk Kak pantengin terus Traveloka Lifestyle Super App karna kami selalu berikan promo-promo yg menarik loooh, jangan sampai ketinggalan ya :)",2023-02-12 13:32:55,3.71.1
Mamat Rahmat,mudah dan mantap,5,3.71.1,2023-02-12 10:24:45,"Halo Kak, terima kasih banyak atas ratingnya, semoga Kakak tetap nyaman dan selau setia menjadi pelanggan Traveloka. Yuk Kak pantengin terus Traveloka Lifestyle Super App karna kami selalu berikan promo-promo yg menarik loooh, jangan sampai ketinggalan ya :)",2023-02-12 12:59:15,3.71.1
ekandono hargo putro,cepat dan bgs,4,3.71.1,2023-02-12 09:11:22,"Hai Ekando. Terima kasih banyak atas ratingnya, semoga kamu tetap nyaman dan selalu setia menjadi pelanggan Traveloka. Yuk Kak pantengin terus Traveloka Lifestyle Super App karna kami selalu berikan promo-promo yang menarik. Jangan sampai ketinggalan ya. -KA",2023-02-12 09:32:42,3.71.1
Muhammad Yusuf Fahreza (Ejay),good,5,3.71.1,2023-02-12 09:01:34,"Hi, thank you very much for the positive review! Please feel free to contact us at https://www.traveloka.com/contactus we're more than happy to assist you and Stay tuned for more exciting offers on Traveloka Lifestyle Super App.",2023-02-12 11:50:22,3.71.1
Anto Mehot,sangat bermanfaat,5,3.71.0,2023-02-12 08:57:50,"Halo Kak, terima kasih banyak atas ratingnya, semoga Kakak tetap nyaman dan selau setia menjadi pelanggan Traveloka. Yuk Kak pantengin terus Traveloka Lifestyle Super App karna kami selalu berikan promo-promo yg menarik loooh, jangan sampai ketinggalan ya :)",2023-02-12 11:17:05,3.71.0
Jon Caniago,Aplikasi gk guna ini ngapain kau masuk ke hp ku hoi bahlul,1,3.69.0,2023-02-12 08:46:39,"Hai, Jon. Mohon maaf atas pengalaman yang kamu alami. Jika saat ini kamu ada kendala terkait pemesanan di Traveloka, kamu bisa menghubungi kami melalui https://www.traveloka.com/contactus. Terima kasih.-TK",2023-02-12 09:05:58,3.69.0
Ardila Meilistika Putri,"udah ngisi data bener"" foto ktp dan selfie juga jelas tapi kenapa kok pas mau daftar paylatter traveloka kok gak bisa bisa sih keterangannya kesalahan dalam mengunggah data anda. tolong dong dibantu ya gimana ini kelanjutannya!!",5,3.71.1,2023-02-12 07:35:21,"Halo, Kak Ardilla. Mohon maaf atas ketidaknyamanannya. Pastikan kamu mengambil foto KTP dengan jelas, tidak buram, dan dapat terbaca. Untuk pertanyaan lebih lanjut, kamu bisa hubungi kami melalui link berikut https://www.traveloka.com/id-id/contactus. Terima kasih. -OE",2023-02-12 08:07:52,3.71.1
Selvi Misaki Aoibheann Wijaya,Excelent,5,3.71.1,2023-02-12 06:46:03,"Hi, Selvi. Thank you so much for trusting as your travel partner. Thanks. -OR",2023-02-12 07:03:01,3.71.1
Yohan Mutia,sangat baik,5,3.71.1,2023-02-12 06:02:04,"Halo Kak, terima kasih banyak atas ratingnya, semoga Kakak tetap nyaman dan selau setia menjadi pelanggan Traveloka. Yuk Kak pantengin terus Traveloka Lifestyle Super App karna kami selalu berikan promo-promo yg menarik loooh, jangan sampai ketinggalan ya :)",2023-02-12 08:26:38,3.71.1
Ai Sulastri,puas,5,3.71.0,2023-02-12 06:01:31,"Terima Kasih sudah menjadi pelanggan setia Traveloka Kak Sulastri, tingkatkan terus transaksi kamu dengan melakukan pemesanan pada aplikasi Traveloka dan temukan promo kami yang sedang berlangsung pada landing page promo Traveloka ya Kak. Terima Kasih -AK",2023-02-12 06:34:37,3.71.0
dewi aminah,pesan hotel lebih mudah,5,3.70.0,2023-02-12 05:40:48,"Halo Kak, terima kasih banyak atas ratingnya, semoga Kakak tetap nyaman dan selau setia menjadi pelanggan Traveloka. Yuk Kak pantengin terus Traveloka Lifestyle Super App karna kami selalu berikan promo-promo yg menarik loooh, jangan sampai ketinggalan ya :)",2023-02-12 07:50:02,3.70.0
Faisal,paylater mohon diaktifkan lgi,5,3.71.1,2023-02-12 04:59:50,"Halo Kak, terima kasih banyak atas ratingnya, semoga Kakak tetap nyaman dan selau setia menjadi pelanggan Traveloka. Yuk Kak pantengin terus Traveloka Lifestyle Super App karna kami selalu berikan promo-promo yg menarik loooh, jangan sampai ketinggalan ya :)",2023-02-12 06:43:24,3.71.1
Andry Bilahmar,OKE,5,3.71.1,2023-02-12 04:02:40,"Hai, Andry. Terima kasih banyak atas ratingnya. Semoga kamu tetap nyaman dan selalu setia menjadi pelanggan Traveloka. Yuk pantengin terus Traveloka Lifestyle Super App, karena kami selalu berikan promo-promo yang menarik. Jangan sampai ketinggalan ya :) -WR",2023-02-12 04:32:08,3.71.1
Yohanes Nusantara,baik,5,3.71.1,2023-02-12 02:55:59,"Halo Kak, terima kasih banyak atas ratingnya, semoga Kakak tetap nyaman dan selau setia menjadi pelanggan Traveloka. Yuk Kak pantengin terus Traveloka Lifestyle Super App karna kami selalu berikan promo-promo yg menarik loooh, jangan sampai ketinggalan ya :)",2023-02-12 03:32:07,3.71.1
Angga Wibowo,"sangat membantu, terimakasih traveloka",5,3.70.1,2023-02-12 02:50:17,"Hi Kak, senang banget nih dapat rating bagus dari Kakak, terima kasih juga atas feedbacknya! Kenyamanan Kakak adalah prioritas Kami, jika ada pertanyaan lainnya jangan sungkan ya untuk infokan pada kami di https://www.traveloka.com/contactus . Jangan sampai ketinggalan penawaran menarik lainnya di Traveloka Lifestye Super Apps.",2023-02-12 03:32:10,3.70.1
Budi Setiawan,oke ya,5,3.71.1,2023-02-12 02:36:01,"Halo, Budi. Terima kasih atas penilaiannya dan telah memilih Traveloka sebagai partner perjalanan kamu. Terima kasih. -SC",2023-02-12 03:05:09,3.71.1
MAZE,Audit semua hotel yang belum ada kebijakanya merasa di rugikan banget jika tiba tiba kita tidak di perbolehkan ini dan itu secara mendadak. Belum lagi untuk permasalahan early cek in tolong di update agar pelanggan tidak merasa tertipu,1,3.71.1,2023-02-12 02:30:38,"Halo, Kak. Perihal kebijakan check-in seluruhnya mengikuti kebijakan pihak hotel terkait. Terima kasih. -SC",2023-02-12 03:02:58,3.71.1
Moh Fatoni,Layanan cepat,5,3.71.1,2023-02-12 02:01:46,"Halo Kak, terima kasih banyak atas ratingnya, semoga Kakak tetap nyaman dan selau setia menjadi pelanggan Traveloka. Yuk Kak pantengin terus Traveloka Lifestyle Super App karna kami selalu berikan promo-promo yg menarik loooh, jangan sampai ketinggalan ya :)",2023-02-12 02:47:38,3.71.1
Iwan Setiawan,"mudah, cepat ,ndak pake ribet ... terimakasih Traveloka",5,3.71.1,2023-02-12 01:24:15,"Halo Kak, terima kasih banyak atas ratingnya, semoga Kakak tetap nyaman dan selau setia menjadi pelanggan Traveloka. Yuk Kak pantengin terus Traveloka Lifestyle Super App karna kami selalu berikan promo-promo yg menarik loooh, jangan sampai ketinggalan ya :)",2023-02-12 01:30:17,3.71.1
Martua Simamora,pelayanan cepat dan nyaman,5,3.71.1,2023-02-12 01:05:58,"Hi Kak, senang banget nih dapat rating bagus dari Kakak, terima kasih juga atas feedbacknya! Kenyamanan Kakak adalah prioritas Kami, jika ada pertanyaan lainnya jangan sungkan ya untuk infokan pada kami di https://www.traveloka.com/contactus . Jangan sampai ketinggalan penawaran menarik lainnya di Traveloka Lifestye Super Apps.",2023-02-12 01:30:20,3.71.1
Iskandar Official,fast and agreed,5,3.71.1,2023-02-12 01:04:28,Thank you for leaving a good comment to us. Let us know if you have any suggestion for improvement through https://www.traveloka.com/contactus . Stay around for more interesting offers from Traveloka Lifestyle Super App!,2023-02-12 01:30:23,3.71.1
Wien Soemarsono,Good,5,3.71.0,2023-02-12 00:35:38,"Hi, thank you very much for the positive review! Please feel free to contact us at https://www.traveloka.com/contactus we're more than happy to assist you and Stay tuned for more exciting offers on Traveloka Lifestyle Super App.",2023-02-12 01:00:13,3.71.0
Sugeng Rugradi,sangat membantu,5,3.63.1,2023-02-12 00:22:11,"Halo Kak, terima kasih banyak atas ratingnya, semoga Kakak tetap nyaman dan selau setia menjadi pelanggan Traveloka. Yuk Kak pantengin terus Traveloka Lifestyle Super App karna kami selalu berikan promo-promo yg menarik loooh, jangan sampai ketinggalan ya :)",2023-02-12 00:30:11,3.63.1
Bella Saragih,"Tiba tiba limit di bekukan ,,padahal Gk ada transaksi",1,,2023-02-12 00:20:49,"Hai, Bella. Mohon maaf atas ketidaknyamanannya. Kalau kamu memiliki kendala terkait PayLater Traveloka, mohon hubungi kami melalui tautan ini https://www.traveloka.com/id-id/contactus untuk dibantu cek lebih lanjut ya. Terima kasih 🙏 -WR",2023-02-12 00:32:02,
Herry,proses pembelian cepat,5,3.71.1,2023-02-11 23:51:22,Hai Herry. Makasih buat rating yang kamu berikan ya! Mimin tunggu pesanan kamu selanjutnya di Traveloka :) -RM,2023-02-12 00:05:54,3.71.1
Aditya Chrismanto,Memudahkan mencari penginapan yang sesuai dengan budget,5,,2023-02-11 19:50:35,"Hai Aditya. Terima kasih banyak atas ratingnya, semoga kamu tetap nyaman dan selalu setia menjadi pelanggan Traveloka. Yuk Kak pantengin terus Traveloka Lifestyle Super App karna kami selalu berikan promo-promo yang menarik. Jangan sampai ketinggalan ya. :) -NT",2023-02-11 20:01:51,
Iwan Purnomo,sangat membantu,5,3.71.0,2023-02-11 19:18:58,"Halo Kak, terima kasih banyak atas ratingnya, semoga Kakak tetap nyaman dan selau setia menjadi pelanggan Traveloka. Yuk Kak pantengin terus Traveloka Lifestyle Super App karna kami selalu berikan promo-promo yg menarik loooh, jangan sampai ketinggalan ya :)",2023-02-11 20:15:35,3.71.0
Asdy asdy,"Diskon 300 ribu,tapi saat baca keterangan dengan minimal pembelian 8 juta,,,mau heran tapi ini traveloka,semoga ada aplikasi lain yang lebih baik,bosan sama APK ini",1,,2023-02-11 18:15:38,"Hai Asdy. Maaf banget bikin kamu kecewa. Untuk kritik dan saran kamu, akan mimin sampaikan ke pihak terkait. Saran dan kritik dari kamu tentunya menjadi perhatian dan fokus utama dari pihak manajemen Traveloka, untuk kedepannya kami akan terus meningkatkan dalam memberikan pelayanan yang maksimal dan prima. Terima kasih -NT",2023-02-11 18:32:23,
Chairul Herdiansyah (Vachry),Sangat akurat dan membantu soal perjalanan dan penginapan,5,3.71.1,2023-02-11 16:22:49,"Halo Kak, terima kasih banyak atas ratingnya, semoga Kakak tetap nyaman dan selau setia menjadi pelanggan Traveloka. Yuk Kak pantengin terus Traveloka Lifestyle Super App karna kami selalu berikan promo-promo yg menarik loooh, jangan sampai ketinggalan ya :)",2023-02-11 16:30:19,3.71.1
Abi Dhilan,Traveloka memang TOP dan PATEN,5,3.71.1,2023-02-11 15:34:11,"Halo Kak, terima kasih banyak atas ratingnya, semoga Kakak tetap nyaman dan selau setia menjadi pelanggan Traveloka. Yuk Kak pantengin terus Traveloka Lifestyle Super App karna kami selalu berikan promo-promo yg menarik loooh, jangan sampai ketinggalan ya :)",2023-02-11 16:00:25,3.71.1
Fuzoh Mfz,cepat transaksi,5,3.71.1,2023-02-11 14:57:30,"Halo Kak, terima kasih banyak atas ratingnya, semoga Kakak tetap nyaman dan selau setia menjadi pelanggan Traveloka. Yuk Kak pantengin terus Traveloka Lifestyle Super App karna kami selalu berikan promo-promo yg menarik loooh, jangan sampai ketinggalan ya :)",2023-02-11 15:00:10,3.71.1
Rio Adi,mantap,5,3.71.0,2023-02-11 14:51:44,,,3.71.0
Nova Erlinda,"Ah payah, mau ngajuin pay latter gak bisa2.. masa kalau gagal gak bisa di ulangi.. kalau kekurangan modal mah, mending gak usah sok adain pay latter..",1,,2023-02-11 14:31:17,"Hai Nova, maaf ya atas ketidaknyamanannya. Mengenai pengajuan PayLater tidak disetujui sudah merupakan hasil keputusan dari tim analisis kredit kami. Apabila kamu ada pertanyaan, silakan dapat langsung menghubungi Instagram PayLater Traveloka https://www.instagram.com/travelokapaylater/ ya. Terima kasih. -CA",2023-02-11 15:03:29,
Yugo Dwi Prasetyo,ok,5,,2023-02-11 14:11:13,"Hi, we are so grateful to get a lot of support from you. Hope you continue to enjoy our offers. If you have any feedback or suggestions, let us know on https://www.traveloka.com/contactus, our customer service would love to serve you in 24 hours. Thank you!",2023-02-11 14:30:10,
raja ali rovendra,Goood,5,,2023-02-11 13:09:29,"Hi Raja, thank you for trusting Traveloka as your travel partner :)) -DZ",2023-02-11 13:33:43,
Abas,Terbaikk 👍👍,5,3.71.0,2023-02-11 12:54:48,"Hai Abas, terima kasih atas feedbacknya, semoga kamu tetap setia dengan Traveloka. Jika ada pertanyaan bisa langsung infokan pada kami di https://www.traveloka.com/contactus ya Kak. Pantau terus Traveloka Lifestyle Super App untuk penawaran spesial lainnya! -AH",2023-02-11 13:03:15,3.71.0
dewi riana,praktis,5,3.71.1,2023-02-11 11:30:44,"Halo Kak, terima kasih banyak atas ratingnya, semoga Kakak tetap nyaman dan selau setia menjadi pelanggan Traveloka. Yuk Kak pantengin terus Traveloka Lifestyle Super App karna kami selalu berikan promo-promo yg menarik loooh, jangan sampai ketinggalan ya :)",2023-02-11 12:00:09,3.71.1
Yofa Anida,proses cepat,5,3.69.0,2023-02-11 11:13:36,"Hi Kak, senang banget nih dapat rating bagus dari Kakak, terima kasih juga atas feedbacknya! Kenyamanan Kakak adalah prioritas Kami, jika ada pertanyaan lainnya jangan sungkan ya untuk infokan pada kami di https://www.traveloka.com/contactus . Jangan sampai ketinggalan penawaran menarik lainnya di Traveloka Lifestye Super Apps.",2023-02-11 11:30:12,3.69.0
Arif Taufiq,"sebagai masukan, tolong siapkan pembayaran Via BSI",4,3.71.1,2023-02-11 11:10:11,"Hi Kak, terima kasih atas feedbacknya, semoga Kakak tetap setia dengan Traveloka. Jika ada pertanyaan lain bisa langsung infokan pada kami di https://www.traveloka.com/contactus ya, Kak. Pantau terus Traveloka Lifestyle Super App untuk penawaran spesial lainnya!",2023-02-11 11:30:14,3.71.1
Morowali_Morut Inspiratif,baik,4,3.71.0,2023-02-11 10:29:10,"Halo Kak, terima kasih banyak atas ratingnya, semoga Kakak tetap nyaman dan selau setia menjadi pelanggan Traveloka. Yuk Kak pantengin terus Traveloka Lifestyle Super App karna kami selalu berikan promo-promo yg menarik loooh, jangan sampai ketinggalan ya :)",2023-02-11 10:30:11,3.71.0
Thomas Jumanto,bagus,5,3.71.0,2023-02-11 10:25:34,"Hi Kak, senang banget nih dapat rating bagus dari Kakak, terima kasih juga atas feedbacknya! Kenyamanan Kakak adalah prioritas Kami, jika ada pertanyaan lainnya jangan sungkan ya untuk infokan pada kami di https://www.traveloka.com/contactus . Jangan sampai ketinggalan penawaran menarik lainnya di Traveloka Lifestye Super Apps.",2023-02-11 10:30:14,3.71.0
Shalsabila Aura Adiar,Tiket paling murh sllu ad di app ini,5,,2023-02-11 10:14:55,"Hi Kak, terima kasih atas feedbacknya, semoga Kakak tetap setia dengan Traveloka. Jika ada pertanyaan lain bisa langsung infokan pada kami di https://www.traveloka.com/contactus ya, Kak. Pantau terus Traveloka Lifestyle Super App untuk penawaran spesial lainnya!",2023-02-11 10:30:17,
Kurniawan Prayogo,"Tentang refund, traveloka jangan terlalu lama dong kasih dana nya,, masa harus sampai 90 hari,, Saya bayar transfer aja cuma dikasih waktu beberapa jam harus transfer,,, saya bayar cash bukan kredit sampai 90 hari,, lagian yg membatalkan penerbangan kan maskapainya,, harusnya dana refund bisa lebih cepat lagi dikembalikan supaya bisa dipakai untuk beli tiket baru,,.. Saya pelanggan setia traveloka sejak 2012, kalo sampai ini masih gini, saya bisa cari agen lain..",1,3.70.1,2023-02-11 09:31:19,Hai Kak. Mohon maaf atas ketidaknyamanannya. Mohon untuk sampaikan keluhan kamu secara detail melalui https://www.traveloka.com/id-id/contactus. Supaya kami dapat membantu permasalahan kamu. Terima kasih. -DA,2023-02-11 10:01:10,3.70.1
Mirza Maulana,Jangan Lupa Update Untuk Pembelian PO Bus Malam Rosalia Indah Dan Juragan 99,5,3.71.1,2023-02-11 09:17:16,"Halo Kak, terima kasih banyak atas ratingnya, semoga Kakak tetap nyaman dan selau setia menjadi pelanggan Traveloka. Yuk Kak pantengin terus Traveloka Lifestyle Super App karna kami selalu berikan promo-promo yg menarik loooh, jangan sampai ketinggalan ya :)",2023-02-11 10:59:33,3.71.1
Yadi Sikumbang,Good,5,,2023-02-11 08:52:25,"Hi, thank you very much for the positive review! Please feel free to contact us at https://www.traveloka.com/contactus we're more than happy to assist you and Stay tuned for more exciting offers on Traveloka Lifestyle Super App.",2023-02-11 10:04:43,
angler belitung,aplikasi penipuan berkedok inevstasi emas,1,3.71.1,2023-02-11 08:20:44,"Hai Kak, maaf banget kalau ada kendala investasi emas yang kamu lakukan di Traveloka. Silakan sampaikan detail kendala tersebut melalui https://www.traveloka.com/id-id/contactus supaya mimin bantu cek. Terima kasih -DZ",2023-02-11 08:34:05,3.71.1
Beatboxdjstudio management,mudah digunakan dan dimegerti,5,3.71.1,2023-02-11 07:57:14,"Halo Kak, terima kasih banyak atas ratingnya, semoga Kakak tetap nyaman dan selau setia menjadi pelanggan Traveloka. Yuk Kak pantengin terus Traveloka Lifestyle Super App karna kami selalu berikan promo-promo yg menarik loooh, jangan sampai ketinggalan ya :)",2023-02-11 10:56:51,3.71.1
Febri Kusuma Hati,"Traveloka selalu memberikan kemudahan utk mencari kamar hotel saat bepergian, makasi traveloka",5,3.71.1,2023-02-11 07:37:08,"Hi Kak, senang banget nih dapat rating bagus dari Kakak, terima kasih juga atas feedbacknya! Kenyamanan Kakak adalah prioritas Kami, jika ada pertanyaan lainnya jangan sungkan ya untuk infokan pada kami di https://www.traveloka.com/contactus . Jangan sampai ketinggalan penawaran menarik lainnya di Traveloka Lifestye Super Apps.",2023-02-11 10:56:53,3.71.1
Gunawan Dien,bagus,5,3.71.1,2023-02-11 06:18:25,"Halo Kak, terima kasih banyak atas ratingnya, semoga Kakak tetap nyaman dan selau setia menjadi pelanggan Traveloka. Yuk Kak pantengin terus Traveloka Lifestyle Super App karna kami selalu berikan promo-promo yg menarik loooh, jangan sampai ketinggalan ya :)",2023-02-11 06:31:06,3.71.1
Andito Purnomo,joossss,5,3.71.0,2023-02-11 06:15:21,"Hi Kak, senang banget nih dapat rating bagus dari Kakak, terima kasih juga atas feedbacknya! Kenyamanan Kakak adalah prioritas Kami, jika ada pertanyaan lainnya jangan sungkan ya untuk infokan pada kami di https://www.traveloka.com/contactus . Jangan sampai ketinggalan penawaran menarik lainnya di Traveloka Lifestye Super Apps.",2023-02-11 06:31:08,3.71.0
Bayu Ardiyanata,mantap,5,3.71.1,2023-02-11 06:11:05,"Hai, Bayu. Terima kasih atas penilaian dan feedback dari kamu, kami akan terus meningkatkan kepuasan para pengguna. Jika ada pertanyaan lainnya jangan sungkan ya untuk infokan pada kami di https://www.traveloka.com/contactus. Jangan sampai ketinggalan juga penawaran menarik lainnya di Traveloka Lifestye Super Apps. Terima kasih. -KK",2023-02-11 06:32:53,3.71.1
stefiani wondal,Dapat limit tapi gak bisa dipakai. Terus dpt notif terus biar pake limitnya. Kan aneh. Refundnya juga lamaaaaaaaaaaaaaaaaaa banget.,1,3.71.1,2023-02-11 06:09:11,"Hai, Stefiani. Mohon maaf atas ketidaknyamanannya. Untuk membantu kami memahami kendala kamu, mohon bantuannya untuk menginfokan alamat email dan nama lengkap akun PayLater kamu melalui https://www.traveloka.com/id-id/contactus agar kami dapat bantu cek lebih lanjut. Terima kasih. -SY",2023-02-11 06:38:14,3.71.1
MM Channel,sangat membantu,5,3.71.1,2023-02-11 05:59:27,"Halo Kak, terima kasih banyak atas ratingnya, semoga Kakak tetap nyaman dan selau setia menjadi pelanggan Traveloka. Yuk Kak pantengin terus Traveloka Lifestyle Super App karna kami selalu berikan promo-promo yg menarik loooh, jangan sampai ketinggalan ya :)",2023-02-11 06:02:05,3.71.1
DaL Boo,top,5,3.71.1,2023-02-11 05:51:13,"Hi, we are so grateful to get a lot of support from you. Hope you continue to enjoy our offers. If you have any feedback or suggestions, let us know on https://www.traveloka.com/contactus, our customer service would love to serve you in 24 hours. Thank you!",2023-02-11 06:02:06,3.71.1
Eka Putri,bagus pokoknya traveloka lancar jaya.sukses trus,5,3.38.0,2023-02-11 05:37:54,"Hi Kak, terima kasih atas feedbacknya, semoga Kakak tetap setia dengan Traveloka. Jika ada pertanyaan lain bisa langsung infokan pada kami di https://www.traveloka.com/contactus ya, Kak. Pantau terus Traveloka Lifestyle Super App untuk penawaran spesial lainnya!",2023-02-11 06:02:10,3.38.0
nabil Averouse,Kenapa paylater saya tidak bisa di gunakan padahal limit saya masih ada,5,,2023-02-11 05:28:20,"Halo Nabil. Maaf banget buat kamu gak nyaman. Jika terkendala dalam penggunaan PayLater, silakan menghubungi kami melalui https://www.traveloka.com/id-id/contactus. Terima kasih. -MZ",2023-02-11 05:32:27,
Novita Silaen,bagus,5,3.58.0,2023-02-11 05:11:08,"Halo Kak, terima kasih banyak atas ratingnya, semoga Kakak tetap nyaman dan selau setia menjadi pelanggan Traveloka. Yuk Kak pantengin terus Traveloka Lifestyle Super App karna kami selalu berikan promo-promo yg menarik loooh, jangan sampai ketinggalan ya :)",2023-02-11 05:40:05,3.58.0
Mohammad amin,Dr,2,3.64.0,2023-02-11 05:09:52,"Halo Amin, jika kamu pada pertanyaan ataupun kendala, boleh hubungi kami melalui tautan ini untuk bantuan lebih lanjut ya https://www.traveloka.com/id-id/contactus. Terima kasih. -OR",2023-02-11 05:35:01,3.64.0
Farell Ferdinand,Wd WA,1,3.63.1,2023-02-11 04:01:19,"Hai Farel, jika kamu ada pertanyaan ataupun kendala, boleh hubungi kami melalui tautan ini supaya dibantu lebih lanjut ya https://www.traveloka.com/id-id/contactus. Terima kasih. -OR",2023-02-11 04:33:43,3.63.1
chio werkewer,Treveloka mantap,5,3.71.1,2023-02-11 03:49:55,"Halo Kak, terima kasih banyak atas ratingnya, semoga Kakak tetap nyaman dan selau setia menjadi pelanggan Traveloka. Yuk Kak pantengin terus Traveloka Lifestyle Super App karna kami selalu berikan promo-promo yg menarik loooh, jangan sampai ketinggalan ya :)",2023-02-11 04:00:18,3.71.1
Soza A.kendrick gulo,Blm di coba,3,3.71.1,2023-02-11 03:48:30,"Hai Soza, terima kasih atas rating yang kamu berikan. Jika ada pertanyaan atau kendala yang bisa kami bantu, silakan hubungi kami melalui https://www.traveloka.com/id-id/contactus ya. Terima kasih. -NA",2023-02-11 04:02:32,3.71.1
Dwi Hasmoro,ok,5,3.71.0,2023-02-11 02:42:25,"Hi, thank you very much for the positive review! Please feel free to contact us at https://www.traveloka.com/contactus we're more than happy to assist you and Stay tuned for more exciting offers on Traveloka Lifestyle Super App.",2023-02-11 03:00:15,3.71.0
Maulana ibrahim Srg,mantap,5,3.71.1,2023-02-11 02:19:08,"Halo, Maulana. Terima kasih atas penilaiannya dan telah memilih Traveloka sebagai partner perjalanan kamu. Terima kasih. -SC",2023-02-11 02:31:22,3.71.1
Niyaz Pramesti,top,5,3.53.0,2023-02-11 02:14:56,"Hi, thank you very much for the positive review! Please feel free to contact us at https://www.traveloka.com/contactus we're more than happy to assist you and Stay tuned for more exciting offers on Traveloka Lifestyle Super App.",2023-02-11 02:30:09,3.53.0
Ahmad Ridoni Doni intertaiment,Tidak bisa chek in online,1,3.71.1,2023-02-11 02:05:39,"Hai Ahmad, perihal check in online mengikuti kebijakan pihak penyedia. Untuk bisa kami bantu cek silakan hubungi kami pada https://www.traveloka.com/id-id/contactus ya. Terima kasih. -NA",2023-02-11 02:32:09,3.71.1
Rudi Abisena,good,4,3.41.0,2023-02-11 01:59:11,"Hi, thank you very much for the positive review! Please feel free to contact us at https://www.traveloka.com/contactus we're more than happy to assist you and Stay tuned for more exciting offers on Traveloka Lifestyle Super App.",2023-02-11 02:00:11,3.41.0
riski dali,istimewa,5,3.67.0,2023-02-11 01:32:01,"Halo, Riski. Terima kasih atas penilaiannya dan telah memilih Traveloka sebagai partner perjalanan kamu. Terima kasih. -SC",2023-02-11 02:02:24,3.67.0
creative printing,mantap,5,3.71.1,2023-02-11 01:28:10,"Hai, Kak. Terima kasih atas penilaiannya, kami akan terus berkembang untuk kenyamanan pengguna yang lebih baik ke depannya. Terima kasih. -SC",2023-02-11 01:36:41,3.71.1
Bunda Ghifa Adnan,top,5,3.71.0,2023-02-11 00:40:31,"Hi, thank you very much for the positive review! Please feel free to contact us at https://www.traveloka.com/contactus we're more than happy to assist you and Stay tuned for more exciting offers on Traveloka Lifestyle Super App.",2023-02-11 01:00:15,3.71.0
suwoso woso,mantap,5,,2023-02-11 00:29:00,"Halo, Suwoso. Terima kasih atas penilaiannya dan telah memilih Traveloka sebagai partner perjalanan kamu. Terima kasih. -SC",2023-02-11 00:30:44,
Wayan Suarniningsih,sangat menarik dengan kemudahan pemesanan,4,3.53.0,2023-02-11 00:05:25,"Halo Kak, terima kasih banyak atas ratingnya, semoga Kakak tetap nyaman dan selau setia menjadi pelanggan Traveloka. Yuk Kak pantengin terus Traveloka Lifestyle Super App karna kami selalu berikan promo-promo yg menarik loooh, jangan sampai ketinggalan ya :)",2023-02-11 00:30:10,3.53.0
SULTAN T,"sangat membantu, trima kasih traveloka",5,3.71.0,2023-02-10 23:25:49,"Halo Kak, terima kasih banyak atas ratingnya, semoga Kakak tetap nyaman dan selau setia menjadi pelanggan Traveloka. Yuk Kak pantengin terus Traveloka Lifestyle Super App karna kami selalu berikan promo-promo yg menarik loooh, jangan sampai ketinggalan ya :)",2023-02-10 23:30:09,3.71.0
Jiama Udin,sangat baik,5,3.71.1,2023-02-10 19:11:54,"Halo Kak, terima kasih banyak atas ratingnya, semoga Kakak tetap nyaman dan selau setia menjadi pelanggan Traveloka. Yuk Kak pantengin terus Traveloka Lifestyle Super App karna kami selalu berikan promo-promo yg menarik loooh, jangan sampai ketinggalan ya :)",2023-02-10 19:30:09,3.71.1
Kang Bakso,Sangan mudah dan praktis,4,3.71.1,2023-02-10 19:10:05,"Hi Kak, senang banget nih dapat rating bagus dari Kakak, terima kasih juga atas feedbacknya! Kenyamanan Kakak adalah prioritas Kami, jika ada pertanyaan lainnya jangan sungkan ya untuk infokan pada kami di https://www.traveloka.com/contactus . Jangan sampai ketinggalan penawaran menarik lainnya di Traveloka Lifestye Super Apps.",2023-02-10 19:30:13,3.71.1
muhamad Ikhlas,mantapz,5,3.71.1,2023-02-10 18:52:20,"Hai Ikhlas. Terima kasih banyak atas ratingnya, semoga kamu tetap nyaman dan selalu setia menjadi pelanggan Traveloka. Yuk Kak pantengin terus Traveloka Lifestyle Super App karna kami selalu berikan promo-promo yang menarik. Jangan sampai ketinggalan ya. -KA",2023-02-10 19:01:59,3.71.1
rohmawati atie,baru ini semoga benar,5,3.71.0,2023-02-10 17:41:30,"Halo Kak, terima kasih banyak atas ratingnya, semoga Kakak tetap nyaman dan selau setia menjadi pelanggan Traveloka. Yuk Kak pantengin terus Traveloka Lifestyle Super App karna kami selalu berikan promo-promo yg menarik loooh, jangan sampai ketinggalan ya :)",2023-02-10 18:00:12,3.71.0
Josepfans Halomoan,good,5,3.71.1,2023-02-10 17:34:27,"Hi, we are so grateful to get a lot of support from you. Hope you continue to enjoy our offers. If you have any feedback or suggestions, let us know on https://www.traveloka.com/contactus, our customer service would love to serve you in 24 hours. Thank you!",2023-02-10 18:00:15,3.71.1
Setyo Utomo,mudah2 sesuai expetasi kamar serta pelayanan nya,4,3.71.1,2023-02-10 16:46:21,"Halo Kak, terima kasih banyak atas ratingnya, semoga Kakak tetap nyaman dan selau setia menjadi pelanggan Traveloka. Yuk Kak pantengin terus Traveloka Lifestyle Super App karna kami selalu berikan promo-promo yg menarik loooh, jangan sampai ketinggalan ya :)",2023-02-10 17:00:12,3.71.1
Mase Solo,Oke makin lengkap,5,3.71.1,2023-02-10 16:09:54,"Halo Kak, terima kasih banyak atas ratingnya, semoga Kakak tetap nyaman dan selau setia menjadi pelanggan Traveloka. Yuk Kak pantengin terus Traveloka Lifestyle Super App karna kami selalu berikan promo-promo yg menarik loooh, jangan sampai ketinggalan ya :)",2023-02-10 16:30:09,3.71.1
Rudi Latif,Readd,4,3.71.1,2023-02-10 14:50:28,"Hi, thank you very much for the positive review! Please feel free to contact us at https://www.traveloka.com/contactus we're more than happy to assist you and Stay tuned for more exciting offers on Traveloka Lifestyle Super App.",2023-02-10 15:00:25,3.71.1
WETT ON DD,Intinya asw,2,3.71.1,2023-02-10 14:46:30,"Hai, Kak. Mohon maaf atas ketidaknyamanannya. Apabila kamu memiliki kendala, mohon diinfokan melaui email di cs@traveloka.com. Nantinya kami akan lakukan pengecekan lebih lanjut. Terima kasih. -IN",2023-02-10 15:01:42,3.71.1
Zulkarnain Karnain,Ok,5,,2023-02-10 14:23:31,"Hi, thank you very much for the positive review! Please feel free to contact us at https://www.traveloka.com/contactus we're more than happy to assist you and Stay tuned for more exciting offers on Traveloka Lifestyle Super App.",2023-02-10 14:30:15,
Alfurqon Media,mudah,5,3.71.0,2023-02-10 14:04:14,"Hai Kak, terima kasih atas feedbacknya, semoga kamu tetap setia dengan Traveloka. Jika ada pertanyaan bisa langsung infokan pada kami di https://www.traveloka.com/contactus Kak. Pantau terus Traveloka Lifestyle Super App untuk penawaran spesial lainnya! -AH",2023-02-10 14:35:27,3.71.0
Rayka J,Kalau bisa tambahkan dengan tiket kapal laut pak.,5,,2023-02-10 14:01:49,"Hai, Kak Rayka. Senang banget dapat bintang lima dari Kakak, terima kasih atas apresiasinya. Semoga selalu suka ya Kak sama Traveloka :) -RU",2022-12-16 05:32:50,
Juanda JAT Security,cukup membantu,4,3.71.1,2023-02-10 13:39:12,"Hi Kak, senang banget nih dapat rating bagus dari Kakak, terima kasih juga atas feedbacknya! Kenyamanan Kakak adalah prioritas Kami, jika ada pertanyaan lainnya jangan sungkan ya untuk infokan pada kami di https://www.traveloka.com/contactus . Jangan sampai ketinggalan penawaran menarik lainnya di Traveloka Lifestye Super Apps.",2023-02-10 14:00:24,3.71.1
Mulyadi Djopawiro,luar biasa,5,3.71.1,2023-02-10 13:18:30,"Hai Mulyadi, terima kasih atas feedbacknya, semoga kamu tetap setia dengan Traveloka. Jika ada pertanyaan bisa langsung infokan pada kami di https://www.traveloka.com/contactus ya Kak. Pantau terus Traveloka Lifestyle Super App untuk penawaran spesial lainnya! -AH",2023-02-10 13:31:39,3.71.1
Lukman Ahmad,Ok,5,,2023-02-10 12:39:56,"Hi, thank you very much for the positive review! Please feel free to contact us at https://www.traveloka.com/contactus we're more than happy to assist you and Stay tuned for more exciting offers on Traveloka Lifestyle Super App.",2023-02-10 13:00:16,
Devaa Putra,sangat memuaskan,5,3.71.0,2023-02-10 12:32:52,"Hi Kak, senang banget nih dapat rating bagus dari Kakak, terima kasih juga atas feedbacknya! Kenyamanan Kakak adalah prioritas Kami, jika ada pertanyaan lainnya jangan sungkan ya untuk infokan pada kami di https://www.traveloka.com/contactus . Jangan sampai ketinggalan penawaran menarik lainnya di Traveloka Lifestye Super Apps.",2023-02-10 13:00:19,3.71.0
Juan Sheptiadi,Error,1,3.71.1,2023-02-10 12:29:24,"Hai, Juan. Mohon maaf ya sudah membuatmu tidak nyaman. Dipastikan untuk kenyamanan pengguna Traveloka, kami akan perbaiki dan tingkatkan performa Traveloka. Kalau kamu memiliki kendala, mohon hubungi kami melalui tautan ini https://www.traveloka.com/contactus. Terima kasih. -SM",2023-02-10 12:34:56,3.71.1
Eva Rudini,Banyak Promo & Hemat ❤️,5,3.71.1,2023-02-10 12:23:31,"Halo Kak, terima kasih banyak atas ratingnya, semoga Kakak tetap nyaman dan selau setia menjadi pelanggan Traveloka. Yuk Kak pantengin terus Traveloka Lifestyle Super App karna kami selalu berikan promo-promo yg menarik loooh, jangan sampai ketinggalan ya :)",2023-02-10 12:30:10,3.71.1
Faiza anggita Rizaldy,harga nya lebih murah dr aplikasi yg lain...metode pembelian gak ribet,5,3.58.0,2023-02-10 12:01:09,"Hi Kak, senang banget nih dapat rating bagus dari Kakak, terima kasih juga atas feedbacknya! Kenyamanan Kakak adalah prioritas Kami, jika ada pertanyaan lainnya jangan sungkan ya untuk infokan pada kami di https://www.traveloka.com/contactus . Jangan sampai ketinggalan penawaran menarik lainnya di Traveloka Lifestye Super Apps.",2023-02-10 12:30:13,3.58.0
khoirul anas,mantap,5,3.55.1,2023-02-10 10:45:16,"Hai, Khoirul. Terima kasih untuk review dan bintang 5 yang kamu berikan ya, mimin senang banget deh lihatnya hehehe. Sehat dan sukses selalu buat kamu serta keluarga. Mimin tunggu pesanan kamu selanjutnya :) -AM",2023-02-10 11:02:29,3.55.1
prasetyo virgo,"No hp saya sudah terblokir, kok GK bisa di ganti atau verifikasi lewat email aja? Sungguh aneh!",4,3.71.1,2023-02-10 10:44:40,"Halo prasetyo, mohon maaf atas ketidaknyamanan Anda. Dikarenakan Covid-19, contact center kami mengalami lonjakan volume yang ekstrim. Kami berusaha sebaik mungkin untuk menangani permintaan Anda. Anda dapat mengirimkan pesan melalui Inbox pada aplikasi dan harap cantumkan juga Booking ID Anda. Terima kasih atas kesabaran Anda.",2020-04-30 05:34:19,3.71.1
Ahmad jauzi Al-abdillah,bagis,5,3.69.1,2023-02-10 10:15:29,Makasih ya Kak Jauzi sudah setia bersama Traveloka :)) -DZ,2023-02-10 10:32:32,3.69.1
Lany Daniel,"Puas dgn aplikasi ini, memudahkan pemesanan hotel dalam perjalanan keluar kota dan selalu mendapatkan hotel terbaik",5,3.70.1,2023-02-10 09:30:07,"Halo Kak, terima kasih banyak atas ratingnya, semoga Kakak tetap nyaman dan selau setia menjadi pelanggan Traveloka. Yuk Kak pantengin terus Traveloka Lifestyle Super App karna kami selalu berikan promo-promo yg menarik loooh, jangan sampai ketinggalan ya :)",2023-02-10 10:00:29,3.70.1
Indra Hidayat saputra,ok,5,3.71.1,2023-02-10 08:22:02,"Hi, thank you very much for the positive review! Please feel free to contact us at https://www.traveloka.com/contactus we're more than happy to assist you and Stay tuned for more exciting offers on Traveloka Lifestyle Super App.",2023-02-10 08:30:09,3.71.1
Kapten AR,bermanfaat,5,3.71.1,2023-02-10 08:09:21,"Hi Kak, senang banget nih dapat rating bagus dari Kakak, terima kasih juga atas feedbacknya! Kenyamanan Kakak adalah prioritas Kami, jika ada pertanyaan lainnya jangan sungkan ya untuk infokan pada kami di https://www.traveloka.com/contactus . Jangan sampai ketinggalan penawaran menarik lainnya di Traveloka Lifestye Super Apps.",2023-02-10 08:30:12,3.71.1
Hendri Farandy,👍👍👍,5,3.71.1,2023-02-10 07:36:42,Hai Hendri. Terima kasih bintang 5 nya ya. :) -FR,2023-02-10 08:01:58,3.71.1
undaichie srimulyani,best,5,3.70.0,2023-02-10 07:27:00,"Hi, thank you very much for the positive review! Please feel free to contact us at https://www.traveloka.com/contactus we're more than happy to assist you and Stay tuned for more exciting offers on Traveloka Lifestyle Super App.",2023-02-10 07:30:09,3.70.0
Ardyan Agung,mantap,5,3.71.1,2023-02-10 07:07:59,"Hai Ardyan, terima kasih sudah menggunakan Traveloka dan rating yang kamu berikan. Jika ada pertanyaan atau kendala yang bisa kami bantu, silakan hubungi kami melalui https://www.traveloka.com/id-id/contactus ya. Terima kasih. -NA",2023-02-10 07:31:39,3.71.1
Herianto Guci,mudah dan simple,5,3.37.0,2023-02-10 06:43:11,"Halo Kak, terima kasih banyak atas ratingnya, semoga Kakak tetap nyaman dan selau setia menjadi pelanggan Traveloka. Yuk Kak pantengin terus Traveloka Lifestyle Super App karna kami selalu berikan promo-promo yg menarik loooh, jangan sampai ketinggalan ya :)",2023-02-10 07:00:24,3.37.0
Sudirno Sudirno,luar biasa,5,3.67.0,2023-02-10 06:42:07,"Hai, Sudirno. Terima kasih atas penilaian dan feedback dari kamu, kami akan terus meningkatkan kepuasan para pengguna. Jika ada pertanyaan lainnya jangan sungkan ya untuk infokan pada kami di https://www.traveloka.com/contactus. Jangan sampai ketinggalan juga penawaran menarik lainnya di Traveloka Lifestye Super Apps. Terima kasih. -KK",2023-02-10 07:02:07,3.67.0
YusriChannel,cepet proses nya Terima kasih,5,3.71.1,2023-02-10 06:33:08,"Hi Kak, senang banget nih dapat rating bagus dari Kakak, terima kasih juga atas feedbacknya! Kenyamanan Kakak adalah prioritas Kami, jika ada pertanyaan lainnya jangan sungkan ya untuk infokan pada kami di https://www.traveloka.com/contactus . Jangan sampai ketinggalan penawaran menarik lainnya di Traveloka Lifestye Super Apps.",2023-02-10 07:00:28,3.71.1
Kniaty Nia,oke 👌,4,3.71.0,2023-02-10 06:10:38,"Halo, Kniaty. Terima kasih untuk apresiasinya ya, semoga kamu tetap nyaman dan selalu setia menjadi pelanggan Traveloka. -SM",2023-02-10 06:34:35,3.71.0
Ipoeng Anto,Luar biasa baik,5,3.70.0,2023-02-10 06:04:48,"Hai, Anto. Terima kasih untuk review dan bintang 5 yang kamu berikan ya, mimin senang banget deh lihatnya hehehe. Sehat dan sukses selalu buat kamu serta keluarga. Mimin tunggu pesanan kamu selanjutnya :) -AM",2023-02-10 06:34:17,3.70.0
Hendra Wahyudi,Bagus,5,3.71.0,2023-02-10 05:51:35,"Halo Kak, terima kasih banyak atas ratingnya, semoga Kakak tetap nyaman dan selau setia menjadi pelanggan Traveloka. Yuk Kak pantengin terus Traveloka Lifestyle Super App karna kami selalu berikan promo-promo yg menarik loooh, jangan sampai ketinggalan ya :)",2023-02-10 06:00:33,3.71.0
M SHOLIKHUL UMAM,Bagus 👍,5,3.71.1,2023-02-10 05:47:26,"Hi Kak, senang banget nih dapat rating bagus dari Kakak, terima kasih juga atas feedbacknya! Kenyamanan Kakak adalah prioritas Kami, jika ada pertanyaan lainnya jangan sungkan ya untuk infokan pada kami di https://www.traveloka.com/contactus . Jangan sampai ketinggalan penawaran menarik lainnya di Traveloka Lifestye Super Apps.",2023-02-10 06:00:36,3.71.1
Ipat Yuliawati,mempermudah mencari fasilitas,5,3.71.0,2023-02-10 05:26:49,"Halo Kak, terima kasih banyak atas ratingnya, semoga Kakak tetap nyaman dan selau setia menjadi pelanggan Traveloka. Yuk Kak pantengin terus Traveloka Lifestyle Super App karna kami selalu berikan promo-promo yg menarik loooh, jangan sampai ketinggalan ya :)",2023-02-10 05:30:09,3.71.0
SUDIR SHAWI,good,5,3.71.1,2023-02-10 05:22:28,"Hi, we are so grateful to get a lot of support from you. Hope you continue to enjoy our offers. If you have any feedback or suggestions, let us know on https://www.traveloka.com/contactus, our customer service would love to serve you in 24 hours. Thank you!",2023-02-10 05:30:12,3.71.1
Rai Suwartini,proses cepat...mantap,5,3.58.0,2023-02-10 04:50:46,"Halo Kak, terima kasih banyak atas ratingnya, semoga Kakak tetap nyaman dan selau setia menjadi pelanggan Traveloka. Yuk Kak pantengin terus Traveloka Lifestyle Super App karna kami selalu berikan promo-promo yg menarik loooh, jangan sampai ketinggalan ya :)",2023-02-10 05:00:25,3.58.0
karya Anak Palopo,"Tidak konsisten dalam membantu konsumen, kmarin saya reques kursi pesawat tp tidak sesuai yg di reques seblum.... Padahal di bayar kok sangat kecewa",1,3.71.1,2023-02-10 04:18:52,"Hai Kak, mohon maaf atas ketidaknyamanannya. Agar bisa kami bantu pengecekan silakan hubungi kami melalui https://www.traveloka.com/id-id/contactus ya. Terima kasih. -NA",2023-02-10 04:34:21,3.71.1
albert einstein,not bed,5,3.71.1,2023-02-10 04:07:22,"Hi Albert, thank you for your review. If you need an assistance, kindly contact us through https://www.traveloka.com/en-id/contactus :) -MZ",2023-02-10 04:36:15,3.71.1
Khaidar Ali,Cerito can I'm Centro9.? .9 0@.3 0/,3,3.70.1,2023-02-10 03:41:19,Hai Khaidar. Makasih buat rating yang kamu berikan ya! Jika ada pertanyaan atau kendala seputar Traveloka kamu bisa hubungi kami di link https://www.traveloka.com/id-id/contactus. Terima kasih. -RM,2023-02-10 04:02:37,3.70.1
Amy Mattengnga,professional dan terpercaya,5,3.71.1,2023-02-10 03:38:16,"Halo Kak, terima kasih banyak atas ratingnya, semoga Kakak tetap nyaman dan selau setia menjadi pelanggan Traveloka. Yuk Kak pantengin terus Traveloka Lifestyle Super App karna kami selalu berikan promo-promo yg menarik loooh, jangan sampai ketinggalan ya :)",2023-02-10 04:00:24,3.71.1
Cy Nila,Nice,5,,2023-02-10 03:18:40,"Hi, thank you very much for the positive review! Please feel free to contact us at https://www.traveloka.com/contactus we're more than happy to assist you and Stay tuned for more exciting offers on Traveloka Lifestyle Super App.",2023-02-10 03:30:15,
Joko Supriyanto,sangat membantu saya,5,3.71.1,2023-02-10 02:50:14,"Halo Kak, terima kasih banyak atas ratingnya, semoga Kakak tetap nyaman dan selau setia menjadi pelanggan Traveloka. Yuk Kak pantengin terus Traveloka Lifestyle Super App karna kami selalu berikan promo-promo yg menarik loooh, jangan sampai ketinggalan ya :)",2023-02-10 03:00:11,3.71.1
devi tarigan,travel yg bertanggung jawab.walaupun ada yg lain LBH murah saya tetap Traveloka,5,3.71.1,2023-02-10 02:45:52,"Hi Kak, senang banget nih dapat rating bagus dari Kakak, terima kasih juga atas feedbacknya! Kenyamanan Kakak adalah prioritas Kami, jika ada pertanyaan lainnya jangan sungkan ya untuk infokan pada kami di https://www.traveloka.com/contactus . Jangan sampai ketinggalan penawaran menarik lainnya di Traveloka Lifestye Super Apps.",2023-02-10 03:00:14,3.71.1
Vhinz 03,"Limit paylater kok turun,,, kecewaaa",1,3.71.0,2023-02-10 02:19:25,"Hai Kak, maaf sudah buat kamu ga nyaman. Hal tersebut bisa terjadi bila pembayaran yang dilakukan tidak tepat waktu dan penyebab lainnya. Untuk bisa kami bantu pengecekan mengenai kendala kamu. Silakan hubungi kami melalui https://www.traveloka.com/id-id/contactus ya. Terima kasih. -NA",2023-02-10 02:35:25,3.71.0
B6-20-SALWAN JURDIL,mantap👍,5,3.71.0,2023-02-10 01:42:30,"Makasih atas review kamu Salwan. Jika ada pertanyaan atau kendala pada pesanan kamu di Traveloka, silakan menghubungi kami melalui https://www.traveloka.com/id-id/contactus :) -MZ",2023-02-10 02:01:41,3.71.0
Ahsan Wafiq,ok,5,3.71.1,2023-02-10 01:32:16,"Hi, thank you very much for the positive review! Please feel free to contact us at https://www.traveloka.com/contactus we're more than happy to assist you and Stay tuned for more exciting offers on Traveloka Lifestyle Super App.",2023-02-10 02:00:11,3.71.1
Sun Huaaa,Dulu check in online bisa. Dan mudah. Sekarang makin lama makin di persulit. Harus wibsite la. Harus di bandara la. Lebih2 apa2 mesti uang. Ubah jam aja mesti bayar lagi. Asuransi aja bukan tanggung maskapai. Mesti kita yg bayar. Apa beda nya.,1,3.71.1,2023-02-10 00:57:55,"Hai, Sun. Mohon maaf sebelumnya. Untuk membantu kami memahami kendala kamu, mohon bantuannya untuk menyampaikan nomor pesanan kamu melalui https://www.traveloka.com/contactus agar kami dapat bantu cek lebih lanjut terkait kebijakan check-in online, reschedule dan asuransi pada pesanan kamu. Terima kasih. -VK",2023-02-10 01:06:52,3.71.1
Tri oga,Bagus,5,3.71.0,2023-02-10 00:50:15,"Hi Kak, senang banget nih dapat rating bagus dari Kakak, terima kasih juga atas feedbacknya! Kenyamanan Kakak adalah prioritas Kami, jika ada pertanyaan lainnya jangan sungkan ya untuk infokan pada kami di https://www.traveloka.com/contactus . Jangan sampai ketinggalan penawaran menarik lainnya di Traveloka Lifestye Super Apps.",2023-02-10 01:00:13,3.71.0
mhadi kartono,terbaik,5,3.71.0,2023-02-10 00:45:13,"Hai, Kartono. Senangnya mendapat bintang lima dari kamu, terima kasih atas apresiasinya, semoga kamu tetap nyaman dan selalu setia menjadi pelanggan Traveloka. Yuk pantengin terus Traveloka karena kami selalu berikan promo-promo yg menarik loooh, jangan sampai ketinggalan ya :) -RF",2023-02-10 01:01:36,3.71.0
Maghfirah Hasan,Fry yrs CCRIS thyroid ttz rt tradisional,4,3.70.1,2023-02-10 00:06:35,"Hi Hasan. Glad to got 4 stars from you. Thank you for your appreciation. Hope you still be Traveloka's loyal customer. If you find any difficulties regarding your booking on Traveloka, kindly inform us via this link: https://www.traveloka.com/en-id/contactus. Stay Safe and Keep Healthy :) -RF",2023-02-10 00:48:04,3.70.1
